2194.2388	2289.2244
2074.4607	1778.5032
2000.6323	1410.4407
1961.8154	1192.0631
2026.7224	1613.1843
1986.1006	1550.4868
1939.3484	1477.9125
1889.2781	812.1496
1784.634	260.7604
1821.0076	461.28076
1926.8735	2.4480467
1910.9364	31.739279
1876.9185	75.57155
1823.1102	100.76641
1929.1238	75.076904
1686.899	195.63197
1768.199	175.4543
1721.5779	229.979
1863.9893	218.91304
1934.6288	134.26695
1911.3801	198.77144
1499.5319	-410.8224
1539.0803	-316.6423
1599.1139	-221.87926
1490.2743	-381.82782
1709.801	-24.882544
1657.4775	-193.05533
1725.566	-178.46924
1765.5126	-290.6099
1788.345	-378.9353
1814.5958	-389.1601
2214.0476	5511.197
2211.9238	4695.5977
2216.2278	4069.766
2231.5542	3608.1975
2199.6199	4475.7266
2168.7102	4434.0146
2128.946	4374.941
2254.917	2837.468
2417.9626	2343.3752
2310.155	2395.1382
2241.4304	2068.4355
2251.273	2100.6055
2275.503	2143.2964
2322.995	2170.5486
2228.4824	2149.8398
2260.1917	2305.4338
2356.2188	2257.4106
2331.588	2329.3923
2338.2322	2297.7908
2224.258	2223.9304
2266.1956	2281.6865
3015.957	1872.2294
2928.6584	1940.3987
2825.0952	2007.4987
3008.9973	1897.4717
2625.4993	2137.2004
2759.8748	2017.8456
2701.7551	2007.5309
2742.2283	1894.436
2762.6965	1806.0162
2786.794	1788.4196
2880.1726	8752.186
2692.4343	7987.0825
2552.6184	7391.57
2454.5383	6927.863
2633.659	7795.279
2588.3398	7786.115
2526.4487	7780.1396
2287.8044	6158.9717
2077.6	5846.6255
2173.5857	5755.3423
1996.2736	5510.4116
2019.0516	5532.077
2043.043	5574.2886
2034.4617	5630.752
2071.8977	5531.89
2180.3904	5612.7935
2072.0134	5711.386
2139.0332	5723.3047
2115.9297	5727.0225
2137.8962	5556.2095
2161.5215	5620.993
1552.7286	6196.204
1635.1014	6141.6577
1714.8849	6071.3745
1581.273	6203.4033
1865.8046	5941.242
1735.5854	6011.7334
1737.574	5944.9985
1634.1583	5921.0957
1551.8832	5913.534
1538.5662	5890.574
4605.1904	10896.0205
4160.1714	10446.25
3817.1682	10078.444
3572.2688	9765.554
4029.0615	10356.295
3987.902	10394.417
3941.7063	10452.252
3154.3457	9254.309
2820.129	9163.136
2899.521	9010.066
2942.1921	8958.166
2913.4116	8952.873
2876.0708	8972.606
2872.305	9021.58
2886.2458	8906.341
2829.1223	8878.042
2836.214	9056.089
2813.1128	9011.07
2804.2073	9028.595
2862.8733	8858.38
2827.42	8895.313
2464.2485	9804.2705
2502.9426	9699.375
2546.4888	9590.348
2457.502	9776.696
2640.447	9380.283
2541.2642	9521.967
2519.0818	9461.99
2414.53	9506.728
2339.1438	9550.646
2310.6375	9542.97
6637.9224	10289.369
6158.3535	10537.478
5780.823	10707.987
5485.9478	10789.25
6041.2124	10638.406
6047.5293	10704.793
6063.484	10791.974
4996.9365	10940.318
4751.464	11276.181
4729.0815	11084.572
4481.062	11243.777
4506.784	11222.449
4549.8457	11215.275
4584.8154	11250.105
4535.3125	11150.8
4645.908	11039.18
4661.833	11230.063
4699.005	11154.143
4692.741	11178.802
4586.159	11059.298
4650.2515	11054.963
4565.937	12160.976
4604.5537	12040.94
4653.0654	11904.022
4588.663	12140.643
4732.771	11629.344
4701.603	11843.062
4759.389	11802.95
4799.1714	11925.749
4813.642	12022.089
4836.143	12040.484
6740.3525	7594.278
6801.1997	8308.051
6829.894	8847.958
6811.5454	9231.98
6848.2505	8508.976
6902.6553	8548.705
6973.776	8598.084
6791.6006	9875.185
6994.409	10341.288
6833.8267	10258.133
6872.298	10578.38
6864.7896	10545.23
6875.132	10500.313
6919.3184	10482.347
6815.339	10488.863
6770.4033	10321.246
6928.762	10405.051
6881.3228	10327.737
6889.1064	10356.079
6757.613	10397.458
6774.451	10336.523
7640.975	11007.105
7557.486	10911.359
7466.6196	10794.956
7613.797	10999.335
7279.124	10567.071
7440.911	10719.026
7436.206	10648.89
7556.3037	10688.701
7639.4614	10731.33
7670.562	10727.011
4492.856	4477.1187
5126.307	5245.0005
5596.351	5833.625
5916.29	6272.1104
5314.1	5445.115
5373.006	5466.5674
5449.2427	5481.898
6457.131	7003.981
6945.229	7327.7993
6803.538	7395.4854
7054.0625	7603.1353
7024.586	7587.0034
6995.387	7546.858
7004.7183	7499.549
6956.544	7587.276
6817.1763	7509.786
6955.1353	7431.5225
6876.9546	7420.4033
6901.7007	7426.982
6863.006	7568.06
6833.018	7513.058
7809.776	7446.068
7686.7017	7418.5815
7550.66	7383.273
7778.1353	7452.777
7279.1826	7322.1274
7487.442	7340.2246
7442.07	7288.5234
7554.735	7248.723
7641.983	7214.2583
7666.817	7224.055
491.38797	1491.2676
1435.7227	2229.6038
2195.49	2799.4033
2821.7346	3208.4429
1636.4717	2435.0232
1590.3639	2476.0796
1537.2916	2530.4438
3818.0652	3893.0005
4456.928	4124.675
4394.2627	4242.761
4710.0625	4385.504
4678.505	4374.909
4634.748	4345.2393
4612.117	4292.6274
4628.428	4398.9395
4481.8013	4371.7393
4531.081	4237.403
4463.363	4258.608
4489.931	4250.3135
4552.5474	4408.444
4497.7593	4362.854
5122.5835	3700.833
5027.5986	3767.3413
4924.9336	3844.9312
5113.551	3726.5952
4726.1045	3993.207
4889.5522	3904.2302
4877.9287	3964.277
4995.08	3965.613
5080.237	3953.3933
5105.6895	3968.5361
-2694.4192	-1392.2256
-1948.302	-712.5574
-1361.4255	-177.49577
-904.7758	238.07957
-1768.5977	-544.173
-1788.7246	-513.3891
-1830.517	-476.27213
-156.17844	923.54297
89.32402	1241.3685
222.75714	1310.8687
402.4764	1253.2988
386.0613	1275.4257
346.51114	1289.7638
298.17355	1265.239
397.86966	1331.5145
360.3064	1420.3679
227.03268	1284.8951
235.12506	1341.0007
213.93015	1341.8324
403.2694	1405.1462
338.65152	1423.4906
-431.80124	1397.7526
-345.06097	1350.2716
-260.5036	1297.9246
-403.32755	1400.7902
-102.10615	1228.8021
-225.34999	1239.5371
-200.22931	1177.8282
-269.73718	1118.4968
-320.6122	1064.1786
-351.48337	1070.0096
-4445.6426	-4091.9949
-4099.2446	-3445.0813
-3807.2815	-2941.7568
-3544.415	-2560.5552
-4045.5305	-3274.4504
-4102.954	-3254.4995
-4178.771	-3231.2896
-3124.9097	-1919.2704
-3106.6902	-1615.9426
-2933.2063	-1574.1681
-2983.187	-1344.9283
-2965.825	-1368.6719
-2964.0022	-1408.9376
-3010.5095	-1445.6061
-2903.9023	-1382.7502
-2827.582	-1467.2838
-3019.9097	-1518.7057
-2956.4048	-1541.7952
-2975.9734	-1538.14
-2833.023	-1411.4338
-2844.2139	-1469.7192
-3860.495	-1494.6586
-3749.9705	-1528.1565
-3626.7205	-1564.3301
-3844.8274	-1517.3057
-3388.9448	-1623.7249
-3568.6448	-1610.6382
-3529.5684	-1665.9799
-3630.3298	-1718.3375
-3713.3508	-1742.8136
-3724.24	-1766.9886
-3517.8433	-6236.684
-3821.359	-5725.555
-4042.3765	-5331.915
-4174.856	-5036.825
-3928.4075	-5596.2026
-3988.585	-5592.0444
-4065.5732	-5593.161
-4409.0376	-4542.2803
-4772.661	-4390.049
-4594.8765	-4295.4067
-4836.6343	-4114.7603
-4805.389	-4127.9087
-4778.9155	-4164.8594
-4798.056	-4212.2124
-4726.586	-4123.835
-4575.0527	-4185.894
-4755.6294	-4278.524
-4672.1606	-4285.2427
-4693.3057	-4285.85
-4616.5312	-4135.4585
-4585.5493	-4193.7607
-5616.568	-4832.633
-5505.6196	-4759.3604
-5374.1245	-4677.051
-5604.6963	-4806.1606
-5115.4805	-4521.0415
-5321.279	-4615.285
-5294.222	-4551.6084
-5423.9346	-4554.5737
-5522.319	-4550.645
-5541.7896	-4567.858
-1497.2742	-7493.7476
-2003.6599	-7248.789
-2398.2456	-7039.3755
-2686.6692	-6852.8125
-2143.6184	-7206.738
-2172.2869	-7248.6123
-2211.0027	-7309.9155
-3171.2512	-6556.8247
-3504.7646	-6570.7256
-3455.4043	-6433.0225
-3742.3438	-6384.4097
-3711.3318	-6383.3306
-3668.4558	-6402.5054
-3648.0222	-6450.1455
-3663.8284	-6347.128
-3515.4133	-6342.022
-3570.2356	-6482.2627
-3505.5903	-6449.749
-3528.408	-6457.5435
-3587.796	-6317.212
-3530.3628	-6351.2646
-3761.8906	-7209.0083
-3727.9568	-7110.8237
-3703.0742	-7002.0615
-3739.2048	-7195.2607
-3646.3586	-6796.0894
-3720.7678	-6941.2153
-3756.15	-6889.552
-3856.137	-6947.235
-3939.2788	-6982.5835
-3947.3767	-7008.238
-1637.9132	-6821.898
-1463.8271	-6999.985
-1365.8845	-7140.5107
-1377.5458	-7252.7197
-1345.3934	-7036.398
-1249.5013	-7026.462
-1147.302	-7016.8057
-1353.1096	-7428.292
-1098.9774	-7647.1084
-1278.6129	-7557.823
-1262.8856	-7854.722
-1269.5583	-7820.1895
-1257.8458	-7779.7744
-1206.0795	-7770.402
-1319.9591	-7752.902
-1353.1687	-7575.6006
-1184.2302	-7693.6133
-1226.2534	-7613.4004
-1217.9121	-7638.0625
-1373.9781	-7644.353
-1344.1929	-7585.892
-213.46219	-7838.2983
-340.49783	-7828.2246
-481.6598	-7815.7944
-243.83278	-7854.3623
-764.1741	-7777.0864
-555.68494	-7837.0312
-614.62695	-7875.892
-518.1148	-7963.805
-437.18817	-8019.834
-431.29358	-8046.8022
-4832.325	-8034.7705
-3978.8987	-7802.9795
-3326.538	-7584.0825
-2860.407	-7344.699
-3736.5632	-7796.686
-3691.0315	-7867.7617
-3646.6396	-7951.8247
-2081.0623	-6978.2915
-1423.4923	-6606.433
-1576.7904	-6730.0625
-1411.1332	-6409.408
-1425.3838	-6442.489
-1419.8416	-6482.6426
-1382.3765	-6494.7046
-1486.0155	-6518.28
-1522.0364	-6730.597
-1398.3789	-6574.3735
-1451.559	-6677.2104
-1487.5979	-6628.875
-1554.979	-6644.6226
-1556.7299	-6707.989
-568.51074	-5935.3306
-675.63776	-6030.3086
-800.1883	-6144.063
-578.9822	-5963.7324
-1053.5619	-6369.9
-839.96375	-6215.49
-855.50433	-6282.0713
-711.37726	-6239.919
-613.26874	-6201.661
-581.16223	-6207.884
-8629.894	-6285.097
-7726.819	-6809.369
-7018.3784	-7195.2373
-6461.975	-7449.6133
-7506.9062	-6970.926
-7507.5474	-7030.4434
-7514.682	-7111.579
-5544.287	-7878.0786
-5081.349	-8359.693
-5038.0557	-8175.749
-4805.575	-8405.208
-4824.8955	-8378.341
-4866.0195	-8357.333
-4910.5674	-8379.089
-4831.4717	-8302.234
-4916.02	-8161.577
-4980.0527	-8339.797
-4998.312	-8258.261
-4988.97	-8283.608
-4852.6934	-8199.885
-4912.087	-8179.31
-4941.8394	-9352.459
-4959.645	-9217.386
-4974.804	-9063.49
-4932.776	-9321.743
-4997.9062	-8749.537
-4955.6562	-8988.842
-4919.8354	-8933.253
-4843.6353	-9055.438
-4795.8613	-9147.105
-4770.5874	-9161.127
-11275.212	-2616.0732
-10687.779	-3553.3276
-10219.553	-4271.875
-9838.179	-4804.9004
-10554.936	-3801.7046
-10578.8125	-3843.6853
-10619.05	-3901.0554
-9210.709	-5688.958
-9052.268	-6274.606
-8898.26	-6206.7876
-8819.739	-6511.911
-8823.687	-6477.2363
-8847.408	-6433.874
-8902.076	-6413.9214
-8785.286	-6426.77
-8771.126	-6286.124
-8943.085	-6338.415
-8905.045	-6277.303
-8917.187	-6299.6836
-8744.573	-6352.244
-8782.346	-6300.6143
-9635.603	-6887.211
-9551.132	-6799.9653
-9448.236	-6708.757
-9631.988	-6856.4224
-9249.98	-6532.1235
-9379.23	-6684.314
-9312.153	-6682.9355
-9334.288	-6804.796
-9337.403	-6898.1875
-9359.393	-6915.5415
-12404.9	1703.5541
-12197.444	650.63196
-12019.829	-165.92891
-11852.522	-787.0906
-12170.147	378.9199
-12215.178	350.5381
-12280.24	318.6856
-11584.3955	-1816.9209
-11625.212	-2341.7122
-11473.349	-2386.99
-11542.967	-2664.1653
-11526.747	-2639.2869
-11519.878	-2597.8684
-11557.974	-2551.6572
-11468.285	-2627.0596
-11387.722	-2530.4268
-11557.052	-2466.151
-11496.694	-2438.299
-11518.233	-2442.2507
-11401.281	-2593.2805
-11405.85	-2529.0364
-12312.406	-2608.382
-12211.929	-2558.3843
-12104.011	-2496.2854
-12282.324	-2610.5981
-11890.008	-2389.4734
-12057.793	-2439.6458
-12024.401	-2377.2134
-12122.557	-2346.345
-12206.109	-2338.113
-12222.799	-2317.0286
-11982.923	5758.7876
-12141.575	4808.4917
-12252.517	4061.6404
-12312.031	3474.6514
-12201.866	4578.6333
-12249.757	4588.643
-12317.702	4597.356
-12416.067	2507.3228
-12635.493	2104.5625
-12506.5205	1992.3344
-12689.636	1788.7795
-12662.574	1804.9028
-12638.828	1845.3494
-12655.913	1899.2592
-12602.029	1789.786
-12482.001	1833.616
-12622.324	1971.021
-12550.928	1963.1812
-12570.63	1967.363
-12520.393	1783.0009
-12496.023	1840.0864
-13323.623	2420.6653
-13217.623	2386.7102
-13107.519	2328.3738
-13297.189	2429.6943
-12897.833	2201.5254
-13062.69	2274.4863
-13038.241	2213.9648
-13144.928	2200.664
-13227.421	2210.6868
-13251.991	2190.874
-10161.762	8635.053
-10640.16	7998.9263
-11005.483	7488.714
-11268.636	7071.391
-10773.269	7857.8345
-10810.711	7888.0625
-10870.798	7937.346
-11708.877	6386.869
-12052.285	6202.128
-11977.583	6044.234
-12219.722	5928.0435
-12189.952	5936.3027
-12155.3	5965.629
-12150.256	6022.1714
-12138.464	5904.648
-12011.268	5903.5947
-12089.528	6075.7524
-12029.458	6045.4214
-12045.468	6058.23
-12063.951	5872.474
-12022.236	5917.253
-12440.134	6850.15
-12391.285	6746.4785
-12347.306	6631.3887
-12416.371	6836.852
-12245.899	6419.8535
-12352.647	6562.8184
-12375.994	6506.027
-12487.808	6558.482
-12562.343	6609.1333
-12593.542	6608.2046
-7714.8145	9249.849
-8317.074	9192.349
-8784.556	9127.473
-9132.94	9031.298
-8476.133	9218.589
-8488.602	9285.438
-8511.158	9361.373
-9715.853	8889.527
-10032.131	9056.207
-10037.092	8865.496
-10308.592	8947.143
-10277.938	8933.763
-10232.859	8935.126
-10199.78	8979.125
-10244.263	8870.713
-10125.534	8783.7705
-10120.559	8979.715
-10077.679	8914.719
-10087.979	8933.798
-10188.628	8790.929
-10126.382	8799.966
-10053.723	9927.658
-10066.068	9806.918
-10076.423	9669.08
-10072.167	9906.397
-10087.376	9388.676
-10107.276	9599.291
-10150.289	9544.239
-10214.035	9650.77
-10251.0	9739.963
-10279.05	9751.195
-6060.4253	7350.8203
-6440.27	7888.1772
-6732.5415	8287.264
-6961.319	8558.528
-6526.5034	8051.3
-6509.9756	8104.2524
-6497.4937	8177.786
-7338.408	9020.091
-7394.238	9468.224
-7510.928	9326.734
-7628.349	9622.116
-7618.183	9583.848
-7592.7983	9544.13
-7540.3135	9546.6
-7638.724	9507.595
-7606.792	9338.044
-7491.196	9482.868
-7502.7886	9400.659
-7502.5864	9426.661
-7649.004	9398.05
-7606.1187	9353.897
-6854.963	10219.98
-6941.204	10122.919
-7035.781	10010.913
-6884.1436	10212.298
-7222.044	9784.922
-7102.384	9972.564
-7169.272	9958.369
-7151.193	10088.08
-7128.5146	10180.805
-7140.97	10211.657
-5081.2324	4522.856
-5307.442	5238.579
-5482.7026	5783.5015
-5607.5347	6183.4023
-5367.656	5430.4106
-5371.3477	5474.4985
-5372.006	5540.135
-5817.6416	6852.059
-5768.652	7245.1797
-5896.6367	7231.861
-5912.915	7528.3716
-5913.6543	7495.962
-5901.479	7448.313
-5862.2183	7420.0884
-5951.7183	7455.6094
-5976.664	7313.032
-5841.721	7335.0757
-5882.698	7277.012
-5867.626	7294.685
-5985.309	7389.5938
-5963.4746	7325.406
-5188.1533	7671.784
-5274.005	7598.671
-5362.2925	7511.4917
-5216.7026	7670.105
-5535.0005	7354.017
-5392.727	7443.0156
-5406.8096	7368.053
-5306.6157	7351.0444
-5229.629	7351.2256
-5209.8423	7331.266
-3148.4138	1621.0135
-3658.6675	2340.7024
-4045.5168	2887.5042
-4324.705	3287.2454
-3801.2146	2534.8533
-3837.6082	2567.3513
-3903.1636	2597.1172
-4793.4175	3957.8584
-5173.24	4208.2065
-5079.6426	4304.1826
-5307.5874	4498.7324
-5277.4766	4480.89
-5244.6704	4444.484
-5244.193	4388.3164
-5222.513	4491.2466
-5100.801	4425.6353
-5193.489	4322.3213
-5126.5586	4325.126
-5150.1084	4321.0146
-5152.4917	4480.0347
-5120.904	4421.8105
-5876.7153	4144.414
-5771.7466	4131.7734
-5655.8774	4123.153
-5859.2983	4124.202
-5426.777	4121.058
-5593.7266	4087.2625
-5544.6973	4039.8447
-5626.6953	3958.0054
-5681.795	3888.5142
-5708.984	3888.0808
-44.54009	-1567.038
-808.4807	-784.1596
-1405.9005	-181.1738
-1870.987	269.6427
-993.02637	-577.34955
-989.72345	-533.7084
-982.10645	-470.1299
-2633.3093	1015.8201
-3148.9634	1322.1906
-3081.3567	1409.2133
-3349.2065	1584.8339
-3319.853	1571.6357
-3277.119	1538.8058
-3263.5535	1487.3483
-3271.8025	1587.4269
-3137.5461	1533.6699
-3199.563	1425.2927
-3134.4497	1436.6027
-3159.3245	1432.7422
-3204.267	1579.7925
-3157.6719	1526.3794
-3826.157	1084.8345
-3720.0625	1110.8967
-3613.061	1156.5027
-3800.679	1073.4393
-3409.5688	1257.669
-3572.8164	1210.0929
-3555.0793	1268.3887
-3668.2415	1299.197
-3758.4475	1310.2598
-3776.72	1333.3295
3301.261	-5207.6606
2520.7268	-4327.0894
1903.4552	-3636.55
1414.2941	-3099.2456
2334.4717	-4109.663
2353.493	-4075.0718
2394.4966	-4025.2502
610.3581	-2216.3557
273.69525	-1700.9331
177.72139	-1725.9246
57.26404	-1466.4304
70.20308	-1497.4622
91.89396	-1546.357
139.95262	-1572.2344
38.932777	-1530.8424
38.01956	-1635.3036
178.21204	-1637.0869
142.9724	-1681.4985
160.9478	-1665.7075
23.61387	-1576.683
57.33615	-1624.1008
437.985	-1084.4442
429.3552	-1182.9786
396.21338	-1284.8651
453.09268	-1106.9851
320.16138	-1471.7567
350.38202	-1325.0297
295.00613	-1342.4427
248.22461	-1241.2649
201.91641	-1168.02
206.0973	-1137.3649
5617.3647	-8581.231
5091.341	-7803.1133
4677.4727	-7184.7954
4346.448	-6694.919
4970.2	-7611.7236
5005.5273	-7593.8193
5069.4434	-7592.3945
3800.1406	-5883.0864
3683.6768	-5516.7095
3530.3254	-5442.5166
3589.7173	-5199.983
3572.6108	-5224.709
3566.9817	-5270.9155
3603.5676	-5316.6045
3507.48	-5232.857
3421.523	-5306.6187
3603.4417	-5395.174
3540.5457	-5406.8223
3560.1804	-5408.8853
3433.5735	-5251.872
3436.7031	-5313.4805
4238.8994	-5794.7983
4157.4453	-5739.9473
4073.8843	-5678.5903
4233.411	-5767.8413
3913.4006	-5572.402
4051.9622	-5621.0674
4047.293	-5560.336
4157.9507	-5531.793
4238.959	-5506.344
4263.6846	-5517.097
7546.2407	-10831.37
7071.9204	-10387.167
6705.1733	-10012.248
6439.5303	-9669.691
6935.509	-10314.847
6903.126	-10377.249
6866.308	-10457.005
5994.4756	-9108.177
5903.721	-8916.444
5783.687	-8817.569
5846.874	-8627.322
5827.4717	-8647.45
5818.5015	-8686.473
5853.2593	-8734.135
5771.9688	-8642.459
5699.32	-8698.684
5847.923	-8801.181
5790.35	-8806.427
5809.666	-8806.598
5709.268	-8646.132
5716.7256	-8699.951
6466.2417	-9124.351
6368.5845	-9103.8545
6265.101	-9091.778
6447.7812	-9104.573
6081.1533	-9050.517
6203.455	-9118.535
6152.66	-9158.28
6195.649	-9256.33
6219.347	-9330.315
6245.1924	-9342.963
9446.141	-9376.695
8994.596	-9885.879
8650.444	-10234.813
8376.329	-10423.673
8895.3955	-10071.65
8911.363	-10154.556
8934.207	-10250.768
7924.5854	-10763.596
7723.8945	-11232.687
7686.601	-11022.61
7478.702	-11265.09
7499.2197	-11237.416
7536.7446	-11218.561
7576.563	-11245.987
7513.1865	-11154.736
7601.15	-10995.527
7640.1606	-11204.3545
7663.2603	-11114.665
7657.114	-11139.298
7546.8335	-11034.638
7605.281	-11010.235
7853.396	-12239.697
7829.544	-12104.218
7795.538	-11953.462
7861.698	-12207.359
7733.9824	-11644.611
7752.2534	-11892.55
7699.4814	-11853.09
7653.356	-11997.405
7631.295	-12105.787
7608.8535	-12124.811
11040.394	-6159.5356
10662.376	-6968.2285
10366.212	-7590.1987
10136.188	-8049.78
10567.468	-7185.979
10567.887	-7231.4966
10574.985	-7297.7056
9749.847	-8813.155
9553.589	-9254.636
9524.427	-9237.62
9747.537	-9526.217
9719.11	-9504.213
9690.999	-9462.925
9691.167	-9414.178
9652.224	-9487.948
9512.535	-9357.663
9623.15	-9340.585
9538.921	-9309.77
9564.1455	-9327.531
9560.368	-9436.511
9523.728	-9370.756
9233.588	-9789.582
9257.534	-9685.94
9286.111	-9580.942
9224.12	-9761.74
9363.903	-9394.329
9272.596	-9507.855
9244.013	-9435.366
9138.763	-9444.306
9057.783	-9464.146
9030.536	-9451.139
12218.922	-2704.622
11949.657	-3520.1663
11740.681	-4161.793
11578.42	-4663.21
11881.882	-3718.0942
11898.775	-3747.904
11927.649	-3790.817
11307.495	-5490.433
11275.398	-5876.8906
11186.725	-5947.394
10934.688	-5962.5786
10965.957	-5971.4673
11017.87	-5973.036
11066.946	-5941.7993
10992.51	-6020.8657
11120.45	-6087.292
11157.92	-5942.6724
11198.574	-5999.8096
11186.193	-5979.2817
11044.271	-6073.6147
11111.863	-6068.4624
11828.596	-5742.2393
11739.819	-5770.761
11650.486	-5813.907
11803.264	-5731.9146
11482.593	-5878.634
11615.35	-5865.6826
11593.52	-5922.495
11679.521	-5975.932
11738.347	-6023.6797
11767.971	-6021.764
12873.814	97.660995
12733.643	-523.1407
12621.918	-1026.7755
12528.85	-1433.6077
12709.155	-672.1211
12746.541	-657.3718
12798.071	-612.2328
12378.581	-2108.6677
12423.398	-2360.7249
12320.045	-2462.0571
12439.685	-2668.1523
12419.071	-2649.7588
12405.389	-2609.2893
12424.545	-2559.4702
12367.791	-2654.8774
12283.015	-2599.9648
12403.108	-2487.9832
12349.12	-2489.2788
12349.671	-2472.6316
12300.135	-2643.738
12277.839	-2580.1506
13004.41	-2135.9187
12903.185	-2157.1294
12798.371	-2180.67
12974.498	-2123.6982
12605.507	-2232.4758
12732.217	-2165.3303
12672.808	-2135.5828
12705.288	-2043.1917
12741.466	-1972.7689
12732.958	-1947.3059
12609.227	765.60846
12632.006	754.0879
12672.588	703.056
12736.926	566.21045
12604.63	835.05475
12565.672	924.3493
12532.544	1013.40985
12839.068	381.588
13015.254	511.01276
12928.343	337.8146
13168.675	305.29773
13137.089	303.74805
13099.776	320.63422
13100.478	371.26367
13078.28	261.4222
12928.216	243.9854
13038.297	406.63312
12966.49	374.69193
12989.912	382.49744
12988.79	216.97063
12942.72	251.47711
13271.58	1350.7107
13246.101	1225.6733
13220.965	1085.2245
13279.589	1321.288
13160.223	819.02295
13231.537	1014.7145
13263.626	956.04956
13352.201	1044.2474
13411.027	1117.59
13440.06	1120.9757
2121.433	1975.4594
2096.9094	1872.7351
1976.367	1275.8384
1968.9906	1232.7413
2042.2838	1645.3599
2025.5232	1551.9
2004.6724	1570.7323
1997.0936	1557.3015
1984.8372	1525.8688
1985.2678	1534.4991
1969.4493	1541.3842
1962.1321	1536.9359
1914.1194	963.7059
1899.565	887.67554
1885.2354	795.2482
1886.9733	802.334
1826.5065	484.96085
1806.1937	375.52176
1918.0516	10.045901
1912.8429	16.462105
1845.7173	87.93907
1833.124	93.14086
1914.8467	56.03718
1904.6265	66.47876
1668.1268	197.7425
1657.9247	198.12067
1787.0344	138.96744
1773.6497	152.4077
1778.7559	241.01778
1777.7089	224.9679
1716.5402	185.20898
1699.3223	188.89706
1821.4669	250.49849
1805.4995	259.76666
1932.1449	107.33059
1933.4174	119.780655
1963.3892	135.04688
1953.2506	134.87865
1893.9941	183.21074
1879.6572	199.1401
1496.7703	-429.37982
1495.4922	-439.06714
1520.7864	-329.90436
1526.2246	-327.09482
1515.6664	-377.43076
1509.6267	-396.1667
1737.4164	82.84455
1722.9244	24.786505
1622.4767	-213.50943
1611.3015	-219.96716
1708.4232	-125.43748
1696.8042	-167.2843
1746.3658	-250.11365
1754.514	-274.43918
1767.142	-311.63443
1766.7146	-304.76334
1797.7881	-352.10266
1809.3762	-371.87897
1828.9412	-403.84482
1835.6115	-411.4895
1557.5338	-278.4349
1544.5088	-297.88333
2216.9485	5020.662
2216.7856	4858.0376
2224.7664	3792.3218
2227.7305	3700.5337
2208.621	4508.021
2209.0376	4347.438
2179.2307	4456.581
2171.7092	4448.7236
2146.0508	4426.4966
2152.5122	4429.1816
2169.1077	4420.2656
2169.6636	4413.977
2240.7178	3146.692
2245.1917	2992.0068
2202.1333	2403.5056
2215.7717	2513.8123
2354.3713	2547.482
2387.2102	2448.41
2240.1877	2081.9766
2242.381	2090.6482
2303.758	2154.2722
2316.269	2159.473
2242.709	2124.9263
2248.1826	2138.6768
2217.099	2305.274
2200.03	2304.9268
2349.387	2215.3472
2358.1611	2233.1677
2414.786	2320.8596
2401.1619	2303.4717
2296.2136	2285.6274
2277.3684	2296.2725
2385.996	2330.5435
2401.4749	2339.4639
2216.6006	2189.5146
2213.4563	2203.6504
2189.0854	2271.7922
2198.0544	2258.682
2291.92	2264.159
2316.7332	2278.6296
3027.0215	1855.3967
3033.4595	1846.8088
2944.5046	1925.7053
2938.8257	1930.7046
2982.0125	1895.9801
2998.0352	1882.2513
2548.271	2222.189
2589.8364	2180.369
2800.2058	2011.0283
2814.32	2008.4801
2683.464	2056.5955
2717.5015	2027.0272
2729.0547	1941.0519
2737.6396	1918.701
2746.525	1873.8821
2745.2239	1881.8956
2773.041	1828.387
2783.4792	1807.8931
2791.1338	1764.547
2793.3083	1754.7219
2887.6467	1963.0281
2908.541	1949.0724
2770.809	8291.067
2733.34	8138.702
2493.0454	7113.375
2473.7756	7021.806
2648.5574	7817.4263
2611.5278	7666.264
2607.1511	7793.4834
2596.5227	7791.6074
2566.0164	7802.379
2573.0774	7796.5215
2580.2139	7775.8535
2575.6743	7768.945
2351.0203	6469.2505
2318.2346	6316.6514
2237.9766	5641.025
2249.6675	5770.073
2164.8394	5977.5737
2122.8489	5916.1743
2007.7632	5513.694
2014.8842	5516.1167
2036.1757	5605.676
2031.9071	5616.6245
2046.0364	5535.058
2052.6123	5546.8584
2210.2131	5553.699
2220.1638	5532.5913
2055.9353	5674.8696
2063.74	5692.089
2069.7734	5822.36
2069.705	5793.4497
2139.261	5651.734
2161.175	5633.3037
2097.4856	5802.9663
2090.2283	5827.656
2108.821	5545.726
2122.3977	5550.625
2195.0293	5508.036
2180.4104	5520.4556
2122.8599	5657.9146
2118.7927	5694.133
1533.7615	6200.9126
1524.4865	6204.2446
1615.0232	6149.4243
1620.9594	6147.5903
1581.6207	6175.1064
1564.7424	6183.6016
1947.2883	5901.5723
1904.961	5920.823
1721.9532	6047.193
1716.9948	6060.4883
1785.6636	5954.612
1752.0925	5972.8325
1674.0005	5934.9546
1652.5873	5931.3774
1615.4679	5915.805
1622.7936	5917.9355
1576.1731	5900.1763
1557.7562	5893.3916
1523.1405	5880.0347
1513.5016	5875.238
1662.8245	6112.768
1646.47	6126.9556
4339.4897	10623.581
4250.8037	10534.243
3669.526	9892.209
3621.0813	9830.489
4053.3735	10354.097
3965.685	10262.395
4002.1174	10374.369
3993.16	10380.356
3959.5955	10396.537
3969.5889	10395.688
3985.544	10409.077
3984.3618	10418.879
3319.639	9463.488
3236.6462	9362.507
2945.0208	8844.331
2998.4988	8949.374
2957.805	9206.959
2891.2595	9190.698
2934.5715	8950.287
2926.593	8946.239
2872.5425	9000.671
2871.9263	9011.412
2894.0042	8933.472
2882.4592	8939.589
2850.55	8795.291
2859.9717	8768.001
2856.753	9048.094
2848.775	9059.196
2824.5837	9146.3545
2827.588	9124.391
2827.4236	8949.162
2825.486	8913.354
2810.6372	9112.277
2813.2644	9142.052
2878.0435	8872.615
2875.8423	8861.208
2880.7405	8768.203
2876.933	8789.487
2821.5437	8962.677
2809.4116	8995.175
2451.2932	9822.479
2444.8376	9831.563
2497.8591	9721.496
2499.2144	9713.832
2480.7004	9766.818
2473.5522	9789.392
2707.502	9293.373
2671.3618	9337.093
2543.3806	9564.682
2543.8972	9579.211
2566.8792	9441.876
2542.3232	9477.929
2453.7932	9485.292
2431.82	9494.865
2393.444	9511.121
2401.119	9510.27
2348.708	9527.001
2328.3792	9533.525
2292.2783	9555.427
2283.1301	9560.749
2516.7764	9655.335
2507.0173	9677.72
6351.295	10442.663
6255.9644	10493.336
5604.6772	10759.562
5546.002	10775.582
6050.883	10609.019
5955.7637	10652.926
6049.1206	10677.768
6050.9897	10692.296
6061.5996	10724.527
6056.6265	10717.745
6042.5776	10719.113
6040.0654	10726.501
5193.091	10877.681
5095.7974	10908.473
4687.2124	10900.981
4764.666	10911.314
4855.631	11143.603
4808.906	11210.888
4493.0415	11241.312
4500.654	11236.488
4565.9146	11239.6455
4571.9663	11249.693
4522.362	11189.875
4536.1445	11186.928
4626.2793	10952.278
4617.905	10922.519
4629.248	11248.551
4647.241	11245.6455
4729.58	11280.892
4711.3296	11267.621
4651.6133	11115.6455
4648.1343	11078.535
4727.0215	11242.5
4739.0996	11263.258
4566.145	11098.634
4576.0337	11079.872
4594.967	10929.533
4593.091	10960.91
4649.0854	11133.277
4669.89	11157.629
4552.637	12177.311
4546.5	12186.332
4591.3774	12061.21
4596.2275	12053.643
4577.285	12116.539
4568.2666	12140.475
4738.1426	11488.99
4734.445	11560.23
4672.3955	11882.284
4663.474	11894.283
4740.0527	11745.398
4732.211	11799.855
4786.801	11876.639
4795.0493	11901.735
4809.891	11945.596
4805.6714	11939.02
4824.9956	11997.478
4833.874	12020.234
4848.2974	12056.386
4854.4263	12064.94
4618.714	11987.843
4608.703	12016.237
6773.8916	8024.027
6786.4346	8167.259
6820.9243	9080.23
6817.65	9157.107
6827.5938	8478.029
6834.993	8614.995
6877.417	8536.623
6888.948	8545.895
6925.58	8552.633
6917.145	8551.337
6909.448	8561.679
6913.526	8569.112
6805.0767	9618.373
6801.961	9747.708
6666.495	10201.349
6697.6714	10120.047
6916.5986	10150.04
6958.505	10243.046
6873.4175	10566.345
6872.9688	10557.421
6902.418	10495.07
6915.3315	10493.43
6843.4727	10516.619
6845.851	10502.679
6689.371	10304.518
6661.291	10297.516
6924.467	10439.899
6927.673	10423.338
6990.7236	10362.714
6975.188	10374.485
6832.75	10355.397
6800.761	10339.02
6956.601	10340.734
6979.0405	10334.81
6783.6973	10436.516
6771.346	10417.792
6657.088	10315.158
6682.24	10336.204
6836.8887	10377.638
6864.6714	10369.84
7651.7876	11026.933
7657.624	11036.3125
7573.206	10931.155
7567.1055	10923.579
7612.2734	10971.172
7630.177	10990.608
7171.981	10475.551
7229.6367	10521.001
7458.6562	10766.138
7463.934	10781.104
7380.1934	10630.436
7420.5938	10669.18
7513.5254	10670.248
7538.348	10678.003
7578.5347	10690.419
7570.344	10690.105
7629.334	10710.262
7654.0737	10717.542
7693.289	10740.646
7704.581	10746.848
7520.042	10870.362
7538.3438	10894.725
4872.2114	4941.4243
4998.7744	5095.1094
5790.39	6096.8613
5854.4595	6184.327
5279.729	5420.202
5398.3306	5569.3076
5348.222	5452.115
5362.514	5455.2803
5393.309	5465.078
5385.15	5465.845
5379.522	5482.764
5383.5073	5491.7124
6238.172	6712.5894
6346.6104	6858.9
6679.621	7475.6396
6623.5244	7357.4033
6748.8564	7193.2085
6846.6724	7256.4067
7047.197	7593.1143
7039.5215	7588.044
7004.141	7521.7856
7009.0864	7511.946
6991.086	7584.4897
6981.661	7572.247
6765.875	7556.027
6748.622	7572.3003
6983.745	7455.3003
6974.386	7440.6055
6961.0	7341.877
6959.6504	7365.641
6872.501	7478.1523
6845.0527	7494.481
6932.1807	7366.3774
6941.7075	7345.9824
6902.7363	7576.113
6882.643	7572.356
6765.784	7599.1934
6789.5923	7591.974
6890.0444	7485.085
6897.943	7456.9893
7829.936	7444.3193
7840.834	7443.613
7709.589	7423.282
7701.464	7422.008
7765.2563	7433.816
7791.98	7438.862
7147.9985	7318.165
7215.1396	7317.018
7528.0464	7366.3145
7541.909	7375.2046
7389.863	7308.7646
7441.09	7313.766
7513.605	7267.5327
7537.658	7258.61
7573.32	7236.981
7566.1997	7241.5356
7625.2183	7235.3687
7648.9443	7231.1846
7688.954	7224.1084
7700.0103	7223.7964
7633.976	7409.282
7661.232	7416.81
1058.5579	1931.5803
1246.9844	2078.805
2573.0198	3046.7117
2698.0198	3128.395
1630.3533	2402.88
1820.5109	2547.3542
1612.8867	2463.2068
1605.0104	2473.3381
1561.2137	2473.9426
1570.6102	2474.9917
1587.3464	2493.4043
1586.4589	2502.1733
3422.5356	3615.197
3621.6487	3751.8762
4354.3477	4362.931
4220.1836	4245.321
4199.56	4029.6973
4325.4375	4074.2974
4697.6416	4386.742
4688.7275	4384.2515
4624.9478	4315.5356
4622.219	4303.4243
4652.744	4383.077
4639.694	4376.3027
4489.018	4436.3613
4491.0596	4458.1523
4569.78	4253.7944
4554.0566	4241.0874
4478.629	4139.9263
4492.881	4164.432
4500.2295	4319.2383
4490.459	4345.259
4473.2207	4170.9946
4465.848	4144.2876
4586.047	4403.825
4571.2188	4405.9863
4511.3936	4470.374
4522.246	4455.899
4518.236	4314.1704
4505.1655	4281.3604
5142.552	3692.2515
5152.0703	3687.372
5041.1094	3745.6875
5037.3853	3752.3188
5086.5986	3722.952
5106.2993	3708.5767
4622.48	4046.7349
4676.496	4020.2268
4911.8184	3867.9797
4918.876	3856.2405
4823.446	3964.6611
4864.3164	3942.0474
4949.0854	3969.744
4972.239	3970.0352
5016.522	3971.8345
5010.0913	3969.034
5064.871	3969.7788
5086.7983	3971.1858
5124.506	3975.7048
5134.812	3978.463
4985.699	3792.7856
5006.797	3775.9368
-2242.8809	-985.40717
-2093.3357	-849.9942
-1086.8783	73.00618
-995.88257	155.42955
-1784.9707	-565.5502
-1636.8435	-428.33
-1783.0967	-531.70966
-1787.9446	-526.43884
-1781.0271	-486.76996
-1783.1896	-494.32205
-1803.8873	-516.5967
-1812.0098	-518.8622
-453.89905	644.1007
-303.99298	780.03656
363.54926	1375.7588
231.97691	1260.2368
-9.40827	1108.1315
37.683212	1171.0428
393.45422	1257.4866
386.81506	1262.4984
318.21683	1272.7483
307.6771	1265.6649
388.8757	1303.9156
376.31442	1308.4692
437.49857	1473.2041
463.87192	1488.7361
254.72185	1269.4423
239.49876	1272.8303
115.18771	1240.6017
143.72743	1251.3677
307.42914	1368.2972
333.60736	1395.372
138.11786	1282.5067
111.74196	1263.302
399.52963	1375.6353
401.1203	1392.4763
480.98853	1472.313
462.33533	1455.9015
287.128	1370.2512
250.27791	1357.8302
-449.99866	1412.4209
-458.94794	1418.9773
-364.76117	1353.8663
-357.9378	1352.9674
-400.15146	1377.7875
-418.8806	1387.2084
-25.960007	1228.8009
-64.844734	1226.0387
-248.82045	1272.4067
-256.12225	1284.1747
-168.49399	1205.8485
-200.12772	1208.6597
-238.35474	1138.5442
-252.1643	1125.5764
-287.64203	1110.3905
-280.57687	1113.0688
-322.26382	1090.7526
-338.94125	1082.8102
-371.36035	1069.3337
-380.7038	1068.1134
-310.52344	1333.735
-327.6821	1344.7306
-4235.376	-3705.2224
-4166.5376	-3576.0952
-3651.2585	-2713.2122
-3598.658	-2637.2295
-4033.878	-3298.0781
-3962.0696	-3170.3992
-4075.3848	-3257.7686
-4088.238	-3252.8276
-4126.461	-3261.3594
-4117.765	-3258.7153
-4111.4517	-3243.5422
-4116.708	-3236.7004
-3289.8425	-2178.8857
-3205.5234	-2050.9258
-2773.9587	-1502.0607
-2861.5837	-1606.5403
-3115.6948	-1741.6025
-3113.0996	-1681.693
-2974.7732	-1349.3834
-2968.2258	-1354.8323
-2992.8867	-1429.9227
-3004.0935	-1437.0406
-2937.4834	-1378.8429
-2936.3088	-1391.7063
-2742.296	-1427.4707
-2714.7173	-1412.4415
-3024.6177	-1487.1403
-3027.7266	-1503.4781
-3097.0518	-1594.2915
-3078.836	-1574.1022
-2902.1755	-1489.1151
-2864.215	-1478.3229
-3059.6497	-1585.8988
-3085.585	-1602.1448
-2859.137	-1392.4403
-2842.287	-1398.0194
-2720.396	-1388.136
-2748.1868	-1393.309
-2919.5276	-1487.4424
-2948.2512	-1512.7084
-3877.6553	-1481.814
-3886.7068	-1476.0869
-3770.9119	-1520.2682
-3764.4978	-1522.3247
-3817.609	-1504.1475
-3839.4077	-1496.8628
-3279.0964	-1617.5466
-3336.108	-1618.5543
-3606.2727	-1583.571
-3618.6653	-1574.5349
-3483.9504	-1641.9336
-3529.2432	-1638.8181
-3593.8398	-1695.3784
-3615.08	-1705.639
-3646.5334	-1737.6155
-3641.9895	-1729.9648
-3688.0825	-1751.1221
-3706.8206	-1762.5632
-3746.5542	-1772.2087
-3755.3206	-1774.3064
-3700.697	-1537.6545
-3725.6965	-1528.5474
-3704.395	-5930.9746
-3765.566	-5829.182
-4123.993	-5154.9175
-4150.3804	-5096.3174
-3901.7832	-5609.019
-3957.723	-5509.4272
-3963.1086	-5588.3594
-3977.3857	-5586.5176
-4007.324	-5602.4644
-4000.7024	-5598.326
-4000.9143	-5582.3706
-4007.3445	-5577.218
-4313.355	-4739.399
-4359.8965	-4640.702
-4435.636	-4183.6523
-4428.738	-4273.6045
-4626.9165	-4456.988
-4699.688	-4428.578
-4828.624	-4124.3564
-4820.936	-4128.6553
-4793.466	-4189.1514
-4799.5483	-4200.22
-4767.913	-4128.553
-4758.677	-4139.8647
-4495.575	-4133.728
-4468.977	-4114.7954
-4775.004	-4248.9214
-4767.21	-4261.6606
-4780.536	-4368.768
-4775.283	-4346.8584
-4648.757	-4222.3174
-4612.3145	-4202.966
-4745.1294	-4350.3105
-4762.53	-4371.398
-4663.091	-4122.6465
-4640.846	-4123.7207
-4482.5425	-4093.5176
-4515.94	-4103.7383
-4665.148	-4225.569
-4680.903	-4255.4233
-5640.9233	-4840.9946
-5650.9937	-4844.343
-5525.095	-4774.1367
-5518.0674	-4768.631
-5574.409	-4806.918
-5598.4077	-4823.366
-4985.4966	-4467.8784
-5054.617	-4493.7593
-5354.167	-4654.237
-5365.5225	-4666.4473
-5232.86	-4550.5454
-5283.7876	-4573.815
-5374.6997	-4557.7266
-5401.7935	-4558.1133
-5447.276	-4555.412
-5438.952	-4555.0757
-5498.624	-4565.309
-5523.9883	-4568.6606
-5561.641	-4574.889
-5572.496	-4577.8477
-5457.692	-4724.769
-5485.3853	-4741.821
-1803.3379	-7352.5654
-1905.7421	-7306.25
-2572.592	-6928.496
-2629.7542	-6891.117
-2122.0874	-7199.9277
-2223.039	-7147.8433
-2156.2488	-7234.3174
-2159.6423	-7244.682
-2192.0903	-7257.906
-2185.2107	-7254.783
-2171.0044	-7264.6963
-2169.997	-7273.1675
-2974.2124	-6672.417
-3070.3958	-6613.6353
-3441.0254	-6295.8643
-3373.6653	-6361.52
-3366.5923	-6567.946
-3431.1833	-6572.2197
-3731.3872	-6390.0264
-3724.7954	-6392.3354
-3660.2769	-6429.951
-3656.4927	-6441.7812
-3685.1467	-6367.267
-3673.4414	-6372.4785
-3509.4683	-6275.8057
-3508.9192	-6252.5874
-3606.173	-6468.075
-3588.7756	-6475.3203
-3525.5125	-6562.202
-3535.8423	-6541.4683
-3537.0889	-6395.7144
-3526.516	-6367.8096
-3516.5833	-6528.769
-3512.617	-6552.0586
-3621.4177	-6329.918
-3606.3992	-6323.3975
-3538.64	-6243.7656
-3551.4707	-6262.2407
-3555.5906	-6399.674
-3543.4565	-6430.01
-3776.459	-7221.6396
-3783.8013	-7229.226
-3725.235	-7133.0522
-3726.6875	-7124.8687
-3751.8093	-7170.69
-3759.5286	-7189.496
-3586.904	-6709.96
-3615.0532	-6755.653
-3711.709	-6977.8706
-3708.5654	-6990.345
-3710.0574	-6863.2466
-3728.4363	-6899.6787
-3820.0781	-6920.736
-3841.8982	-6933.303
-3872.0613	-6960.5083
-3867.3987	-6955.9976
-3912.9001	-6987.963
-3931.4597	-7001.4336
-3958.9854	-7024.1074
-3965.7493	-7032.7554
-3722.055	-7068.4727
-3727.4534	-7089.9307
-1529.4368	-6929.4536
-1492.5977	-6963.4966
-1369.681	-7206.7524
-1371.6675	-7229.8823
-1391.7306	-7037.7583
-1366.0796	-7072.2954
-1288.6913	-7027.2783
-1267.3953	-7023.8516
-1218.7306	-7037.605
-1228.896	-7033.664
-1231.8961	-7015.374
-1223.9951	-7009.9395
-1356.938	-7357.435
-1351.1293	-7392.3384
-1468.0138	-7476.8027
-1439.9243	-7465.243
-1193.7443	-7555.107
-1141.3264	-7597.7437
-1259.8787	-7841.4824
-1259.1405	-7833.4844
-1225.8163	-7778.894
-1213.754	-7779.8833
-1292.3285	-7787.5254
-1288.6792	-7773.9224
-1443.7263	-7530.879
-1473.9015	-7515.298
-1193.3312	-7729.6772
-1187.9362	-7713.454
-1104.9464	-7664.346
-1125.4796	-7672.5137
-1285.94	-7625.2476
-1319.6202	-7601.0967
-1140.3455	-7641.531
-1116.0228	-7639.399
-1349.8179	-7691.054
-1361.5204	-7669.408
-1477.4058	-7530.196
-1451.9983	-7558.4155
-1280.1127	-7646.089
-1248.1041	-7644.961
-188.95734	-7847.8486
-177.431	-7851.514
-314.09067	-7825.53
-323.1196	-7825.85
-261.50055	-7831.8813
-235.31078	-7833.007
-891.2983	-7722.531
-824.04297	-7748.6196
-508.67892	-7825.8394
-492.06433	-7820.6436
-659.62915	-7833.526
-607.61005	-7848.1274
-557.484	-7934.342
-538.17737	-7953.595
-500.5027	-7977.57
-507.20242	-7973.264
-464.14392	-8017.8784
-446.6393	-8036.184
-422.50574	-8070.768
-417.61743	-8080.1465
-393.65976	-7818.472
-363.9536	-7821.386
-4322.1006	-7895.096
-4151.2754	-7849.263
-3044.9526	-7443.688
-2951.4763	-7396.138
-3775.215	-7773.33
-3611.187	-7719.5557
-3704.9739	-7836.789
-3695.1357	-7852.2173
-3663.7622	-7878.342
-3672.0122	-7874.4883
-3685.7446	-7884.754
-3681.7424	-7890.384
-2389.3225	-7127.923
-2232.9902	-7053.85
-1727.7311	-6853.062
-1817.3566	-6885.5405
-1689.2344	-6752.017
-1557.7168	-6677.816
-1418.7185	-6416.948
-1423.623	-6424.0093
-1394.1721	-6482.862
-1380.7719	-6482.9707
-1452.4572	-6477.522
-1450.8063	-6491.1997
-1592.8729	-6783.323
-1614.9934	-6800.9307
-1389.347	-6536.563
-1391.1543	-6552.4277
-1404.8115	-6595.05
-1401.8651	-6587.6733
-1470.2583	-6670.2974
-1494.6152	-6699.797
-1446.4423	-6615.638
-1435.0603	-6611.7393
-1525.2345	-6587.383
-1539.8779	-6613.972
-1624.573	-6782.587
-1608.5908	-6748.9297
-1517.0079	-6631.436
-1502.4155	-6625.561
-554.3517	-5913.6343
-547.81445	-5904.975
-659.33435	-6009.762
-663.9608	-6016.016
-609.2892	-5969.1147
-585.7519	-5947.3633
-1189.9711	-6458.5063
-1115.8275	-6410.914
-812.9229	-6170.3354
-802.78864	-6154.105
-924.47797	-6302.434
-872.45746	-6264.8325
-767.63324	-6252.4756
-736.2167	-6242.4224
-687.3709	-6233.549
-694.9615	-6235.379
-627.72845	-6222.144
-601.37836	-6217.032
-556.8528	-6207.151
-545.57086	-6206.313
-725.2589	-6069.358
-698.984	-6044.686
-8090.021	-6604.986
-7910.102	-6710.7583
-6685.047	-7350.644
-6574.3145	-7401.8413
-7527.792	-6938.9966
-7349.288	-7036.6313
-7512.4395	-7003.9355
-7513.8184	-7016.6577
-7491.75	-7050.2896
-7497.994	-7043.5186
-7515.5566	-7042.855
-7521.013	-7049.898
-5910.63	-7705.283
-5727.582	-7790.857
-4977.1304	-8000.7456
-5118.886	-7970.32
-5272.1484	-8168.738
-5183.038	-8264.771
-4816.926	-8399.66
-4824.0596	-8393.123
-4889.223	-8373.364
-4897.8594	-8381.233
-4831.3237	-8342.315
-4842.9683	-8335.134
-4863.877	-8086.4683
-4845.7876	-8061.319
-4954.3213	-8365.8125
-4969.8003	-8358.967
-5063.466	-8366.542
-5042.1113	-8360.236
-4940.4907	-8233.103
-4929.1714	-8198.133
-5045.321	-8333.373
-5066.167	-8350.808
-4835.4995	-8242.21
-4838.824	-8219.807
-4828.9624	-8069.824
-4834.0986	-8102.9023
-4932.6846	-8253.657
-4960.9805	-8271.055
-4935.298	-9375.961
-4928.1226	-9387.889
-4960.545	-9243.8955
-4960.6704	-9234.543
-4950.1294	-9303.65
-4946.777	-9332.249
-5036.1035	-8600.588
-5018.3696	-8679.147
-4969.3755	-9037.07
-4971.1265	-9053.136
-4953.902	-8875.349
-4944.002	-8934.673
-4869.3584	-9007.198
-4853.782	-9031.898
-4825.155	-9071.957
-4831.3813	-9065.877
-4795.8115	-9120.87
-4779.5776	-9142.908
-4753.6685	-9173.993
-4744.917	-9181.498
-4962.4424	-9157.942
-4958.2017	-9190.119
-10926.823	-3181.859
-10810.81	-3369.7175
-9992.295	-4593.0737
-9915.85	-4699.888
-10561.75	-3767.1218
-10444.645	-3948.6182
-10572.186	-3822.392
-10580.309	-3830.674
-10598.122	-3856.6152
-10592.317	-3853.1477
-10576.077	-3857.7556
-10573.698	-3866.1375
-9463.592	-5339.4707
-9338.734	-5516.2256
-8744.903	-6160.0415
-8861.203	-6040.6606
-9118.944	-6038.725
-9088.092	-6155.7417
-8824.484	-6501.019
-8826.989	-6492.1504
-8879.674	-6425.3125
-8893.137	-6422.0176
-8809.278	-6451.3438
-8815.75	-6437.9346
-8683.451	-6286.151
-8656.759	-6285.86
-8925.216	-6370.9805
-8934.381	-6355.873
-9037.094	-6293.2544
-9013.423	-6305.775
-8839.338	-6306.919
-8806.43	-6296.972
-8997.438	-6281.136
-9025.52	-6276.181
-8762.077	-6383.3013
-8753.142	-6368.245
-8648.052	-6305.1284
-8670.733	-6316.657
-8848.546	-6323.9316
-8884.392	-6313.7075
-9653.631	-6899.3125
-9663.215	-6905.4277
-9565.559	-6818.809
-9561.375	-6811.9556
-9603.724	-6857.058
-9619.159	-6875.514
-9171.4	-6433.5596
-9211.624	-6485.4624
-9422.961	-6700.454
-9437.925	-6705.846
-9300.515	-6627.2407
-9333.483	-6665.5054
-9330.564	-6757.783
-9334.967	-6781.989
-9342.893	-6824.4917
-9339.154	-6817.162
-9351.518	-6875.025
-9356.858	-6898.416
-9359.945	-6938.963
-9360.827	-6950.177
-9509.816	-6767.7637
-9531.919	-6787.001
-12285.215	1069.927
-12244.291	859.53345
-11920.958	-539.0496
-11887.739	-663.1359
-12159.59	413.906
-12116.3125	207.24005
-12198.481	366.96048
-12209.873	360.55203
-12218.294	322.61383
-12217.853	331.82935
-12232.68	355.01297
-12241.018	357.90164
-11688.633	-1403.334
-11635.527	-1609.0519
-11332.803	-2453.9343
-11395.824	-2294.1038
-11611.004	-2125.7695
-11619.535	-2229.2825
-11542.3545	-2652.296
-11541.259	-2645.3315
-11543.184	-2573.535
-11551.906	-2565.5854
-11499.194	-2630.5903
-11496.536	-2617.6794
-11316.768	-2585.698
-11294.38	-2603.2483
-11565.941	-2503.2385
-11566.705	-2483.4375
-11619.452	-2369.3127
-11604.786	-2393.3254
-11454.109	-2505.9473
-11421.359	-2518.1777
-11580.205	-2376.0144
-11603.287	-2355.7424
-11425.833	-2615.3467
-11410.573	-2609.2
-11297.725	-2620.7253
-11323.529	-2614.093
-11472.85	-2503.841
-11496.947	-2472.9854
-12332.678	-2610.8171
-12342.811	-2612.9485
-12229.795	-2568.3928
-12224.551	-2565.6106
-12276.836	-2587.219
-12298.937	-2596.944
-11781.288	-2368.6306
-11835.342	-2378.678
-12088.663	-2473.377
-12098.35	-2484.782
-11980.466	-2391.7024
-12022.977	-2404.217
-12084.39	-2361.6194
-12104.656	-2356.351
-12140.133	-2336.748
-12134.091	-2340.2263
-12183.068	-2325.3918
-12203.549	-2318.7617
-12237.888	-2304.8906
-12246.12	-2298.8228
-12169.164	-2538.9749
-12190.968	-2552.0713
-12075.402	5187.8936
-12107.399	4997.7915
-12289.668	3709.5247
-12301.953	3592.8254
-12183.451	4600.691
-12213.253	4412.1426
-12226.799	4588.479
-12238.726	4592.3296
-12268.656	4572.0967
-12261.811	4578.8115
-12260.873	4604.2227
-12266.037	4613.0728
-12378.221	2893.4807
-12398.956	2700.6726
-12401.085	1864.7681
-12404.291	2026.4412
-12546.989	2270.59
-12591.114	2191.385
-12683.379	1799.0306
-12676.348	1804.5753
-12650.244	1874.2507
-12655.886	1886.2559
-12633.156	1801.6477
-12625.351	1814.1278
-12435.818	1752.4758
-12419.25	1726.5044
-12644.049	1944.7937
-12638.824	1959.6354
-12642.004	2078.4646
-12637.708	2052.825
-12537.089	1888.5577
-12508.914	1861.9907
-12612.123	2051.1733
-12625.793	2077.9187
-12555.372	1777.2689
-12538.267	1773.2594
-12430.204	1711.887
-12454.103	1728.5557
-12551.255	1892.3307
-12561.672	1929.1809
-13341.144	2431.623
-13350.465	2437.3518
-13229.6455	2407.092
-13225.788	2400.1875
-13285.153	2405.6797
-13307.171	2411.4119
-12796.277	2160.671
-12849.244	2180.6775
-13091.081	2307.9514
-13100.474	2319.9392
-12988.519	2220.1492
-13031.21	2238.2368
-13102.117	2201.0493
-13125.745	2197.4304
-13163.46	2182.5957
-13155.999	2189.88
-13211.896	2191.9893
-13232.774	2189.1172
-13273.737	2192.4731
-13284.1875	2192.6274
-13171.62	2367.9023
-13193.544	2380.2305
-10452.454	8257.407
-10548.829	8130.276
-11164.977	7239.607
-11216.951	7156.483
-10750.301	7864.1304
-10844.573	7735.6978
-10789.89	7877.7744
-10797.161	7885.3345
-10815.106	7910.0625
-10813.507	7901.876
-10824.162	7889.8896
-10832.728	7890.8555
-11529.606	6660.333
-11617.316	6523.5312
-11923.807	5883.358
-11869.372	6009.583
-11911.186	6281.871
-11979.6045	6245.8896
-12211.075	5934.7993
-12204.219	5937.824
-12154.732	5999.02
-12155.662	6010.871
-12163.214	5925.0083
-12152.678	5933.297
-11993.52	5812.572
-11987.936	5782.105
-12120.953	6060.0615
-12110.658	6072.522
-12067.124	6184.134
-12073.563	6156.627
-12041.151	5972.281
-12027.027	5938.1753
-12050.798	6144.5435
-12053.267	6176.0176
-12097.61	5878.1465
-12083.481	5870.56
-12004.175	5775.4824
-12019.47	5799.648
-12054.886	5984.843
-12051.817	6021.495
-12445.956	6871.943
-12449.041	6882.178
-12400.96	6767.657
-12397.863	6760.811
-12423.908	6811.4297
-12434.753	6832.6157
-12166.327	6337.963
-12205.419	6381.765
-12351.196	6605.1255
-12349.929	6620.572
-12323.491	6482.709
-12351.127	6518.9585
-12446.998	6534.314
-12470.468	6544.6113
-12509.136	6563.802
-12500.93	6562.0073
-12555.888	6587.2935
-12579.474	6596.974
-12612.824	6611.685
-12622.865	6613.087
-12377.54	6700.2734
-12386.933	6723.4824
-8072.4272	9215.355
-8193.392	9204.459
-8995.234	9072.058
-9064.036	9052.981
-8456.649	9193.931
-8573.927	9179.523
-8489.025	9256.017
-8492.349	9271.321
-8496.304	9305.388
-8495.0	9298.454
-8478.766	9303.31
-8473.831	9312.775
-9481.34	8943.981
-9597.35	8915.793
-10068.961	8683.558
-9980.573	8734.834
-9899.344	8992.632
-9961.769	9026.684
-10300.416	8937.585
-10292.191	8933.103
-10216.186	8964.072
-10209.792	8975.612
-10259.063	8905.847
-10245.551	8906.08
-10150.524	8693.57
-10157.1	8663.369
-10156.342	8980.098
-10139.284	8980.956
-10052.047	9050.716
-10069.875	9032.638
-10124.124	8861.641
-10124.925	8822.577
-10046.9795	9009.368
-10036.483	9034.644
-10218.742	8820.907
-10208.073	8803.665
-10174.239	8664.142
-10178.15	8696.649
-10130.4	8879.614
-10110.687	8908.769
-10047.058	9947.904
-10044.492	9958.127
-10060.321	9830.724
-10062.004	9824.203
-10055.666	9881.663
-10052.919	9906.034
-10061.8	9261.145
-10072.611	9328.203
-10090.043	9643.914
-10083.298	9659.148
-10120.767	9495.364
-10125.166	9548.496
-10193.857	9606.975
-10207.968	9629.688
-10225.181	9669.484
-10221.239	9663.246
-10257.116	9712.998
-10270.278	9732.774
-10295.271	9764.133
-10303.211	9771.072
-10065.3	9754.748
-10065.368	9784.451
-6292.3755	7672.341
-6368.764	7779.898
-6869.717	8451.792
-6915.067	8505.699
-6522.472	8018.7026
-6596.635	8120.3994
-6522.4395	8083.369
-6519.1533	8096.5957
-6517.34	8124.94
-6514.235	8116.758
-6493.782	8113.818
-6485.4165	8117.7715
-7189.341	8833.49
-7265.016	8926.005
-7639.887	9200.394
-7564.0073	9154.649
-7365.0635	9285.883
-7375.871	9376.011
-7627.749	9607.615
-7625.731	9598.059
-7562.5435	9549.366
-7551.013	9552.432
-7626.3413	9545.39
-7619.3823	9533.809
-7667.9424	9282.024
-7689.059	9263.315
-7512.9717	9511.11
-7502.6484	9498.697
-7408.6743	9481.371
-7430.344	9481.708
-7561.1943	9396.111
-7584.035	9368.796
-7436.873	9455.382
-7415.938	9463.195
-7652.159	9445.993
-7655.3267	9422.869
-7708.672	9282.826
-7694.241	9310.853
-7561.801	9418.098
-7533.2803	9424.33
-6842.8105	10240.793
-6837.2954	10250.234
-6919.5522	10138.236
-6926.8237	10133.619
-6884.9688	10183.333
-6866.726	10203.67
-7284.2837	9659.603
-7249.6675	9723.643
-7060.846	9997.312
-7046.3184	10005.328
-7177.315	9897.043
-7146.8965	9943.863
-7153.142	10038.162
-7149.487	10066.171
-7145.2144	10110.284
-7147.229	10102.391
-7146.5547	10166.054
-7145.4204	10189.775
-7145.612	10234.114
-7148.0503	10245.528
-6972.8335	10077.685
-6953.34	10100.698
-5219.657	4951.439
-5265.1436	5094.0996
-5557.803	6024.066
-5582.914	6104.2075
-5361.198	5403.991
-5406.988	5543.2334
-5365.118	5454.5083
-5363.8325	5465.3936
-5362.1406	5492.8286
-5365.991	5486.2344
-5382.809	5483.2104
-5389.518	5487.172
-5729.594	6583.817
-5771.3174	6717.5103
-6017.344	7244.242
-5967.4614	7146.6304
-5787.537	7084.3975
-5776.81	7162.139
-5917.5337	7518.195
-5918.579	7509.687
-5879.6377	7436.1577
-5868.7666	7431.2754
-5929.8477	7473.4185
-5927.192	7459.23
-6033.111	7328.424
-6052.849	7334.501
-5851.756	7372.621
-5846.0273	7353.787
-5774.612	7266.566
-5791.9624	7284.5376
-5924.281	7321.087
-5950.8438	7315.83
-5804.7925	7266.157
-5784.112	7255.7476
-5970.483	7418.8657
-5978.03	7404.7515
-6053.4404	7368.584
-6036.7324	7372.832
-5915.336	7336.4976
-5889.9414	7316.958
-5173.1978	7689.642
-5165.9526	7698.283
-5253.1104	7609.8647
-5260.0034	7606.7173
-5218.7197	7643.163
-5200.194	7658.4155
-5627.5586	7314.4155
-5580.495	7336.532
-5372.582	7484.3105
-5366.517	7498.187
-5453.566	7374.609
-5416.836	7397.1323
-5345.128	7362.159
-5323.574	7359.092
-5291.5376	7332.011
-5296.7417	7338.9116
-5245.816	7336.1885
-5227.9053	7331.6235
-5192.856	7323.086
-5184.9146	7320.011
-5305.004	7562.814
-5286.3037	7580.682
-3459.848	2053.3884
-3561.728	2197.4146
-4213.9253	3128.3281
-4269.58	3207.6992
-3778.7632	2508.1458
-3876.31	2646.8445
-3824.2231	2550.7847
-3833.9531	2557.0012
-3859.9558	2568.4988
-3853.4211	2568.7463
-3839.1685	2583.9695
-3839.737	2592.1511
-4602.254	3691.4182
-4695.9214	3825.0867
-5016.059	4410.9673
-4959.9365	4297.653
-5019.3037	4105.3247
-5094.863	4154.561
-5293.8994	4496.618
-5286.524	4495.2344
-5247.1904	4412.445
-5248.984	4400.6025
-5249.141	4482.1333
-5240.1836	4471.5845
-5087.5005	4484.811
-5082.67	4503.7397
-5214.73	4351.388
-5204.152	4337.564
-5185.7993	4226.03
-5188.183	4251.052
-5136.3496	4385.4595
-5117.7603	4405.9688
-5159.524	4248.6616
-5163.434	4226.0273
-5183.359	4485.201
-5167.1826	4482.946
-5097.778	4525.6353
-5112.015	4514.0073
-5152.97	4385.706
-5152.145	4352.2373
-5898.0195	4141.9316
-5908.1196	4141.3135
-5793.8906	4138.7593
-5787.784	4136.0107
-5836.1426	4142.1567
-5857.0444	4145.859
-5325.1265	4150.6543
-5376.272	4132.3975
-5633.61	4107.627
-5646.732	4114.2207
-5508.744	4076.8264
-5551.0566	4067.9685
-5597.9365	3991.8196
-5615.428	3975.2073
-5643.5986	3945.461
-5638.3276	3948.9348
-5680.1655	3916.0916
-5697.679	3901.9292
-5727.1	3882.496
-5736.561	3879.0417
-5727.9033	4124.141
-5753.2554	4125.891
-506.9282	-1099.419
-659.6137	-942.725
-1684.9784	90.44385
-1777.7823	180.57973
-975.6074	-607.41846
-1126.0077	-453.7155
-987.5087	-553.4774
-984.9145	-542.98486
-1000.9843	-516.84875
-996.8434	-522.5618
-979.4358	-524.83276
-973.00055	-520.17645
-2325.2776	720.3434
-2477.879	869.86957
-3037.7651	1502.666
-2937.198	1380.9725
-2940.5918	1197.3059
-3042.9602	1257.5643
-3338.4026	1584.5494
-3330.1199	1582.6667
-3271.0022	1510.7975
-3270.0488	1499.5471
-3293.869	1577.2621
-3281.6807	1568.0928
-3133.1013	1590.9705
-3134.2354	1610.3115
-3225.0657	1451.9807
-3211.8342	1439.1211
-3167.8955	1336.0148
-3174.1702	1358.3743
-3159.9238	1492.1277
-3146.8962	1514.9824
-3155.4094	1364.0996
-3153.372	1343.1387
-3234.057	1583.5437
-3218.906	1582.3594
-3164.9724	1624.5203
-3175.0645	1612.343
-3179.194	1492.9806
-3170.1206	1462.1361
-3843.8508	1075.0992
-3853.5745	1070.1096
-3734.2668	1094.9462
-3730.8416	1099.8887
-3787.109	1095.9911
-3808.312	1091.5018
-3310.4443	1283.0763
-3363.1296	1269.9021
-3598.2427	1178.5112
-3606.8508	1167.1018
-3504.3975	1254.4214
-3544.5747	1243.2793
-3625.252	1283.064
-3649.939	1289.3159
-3687.788	1307.5902
-3680.927	1304.3247
-3735.0903	1323.2365
-3758.0168	1331.2555
-3790.5454	1345.2798
-3798.5483	1351.754
-3681.1135	1130.9579
-3703.2012	1121.6193
2830.4734	-4682.1
2674.469	-4505.805
1610.4167	-3313.962
1512.5583	-3206.2307
2350.4321	-4135.801
2195.578	-3959.7014
2338.778	-4087.4565
2341.106	-4077.926
2375.1963	-4070.518
2368.4016	-4071.2915
2349.0593	-4059.697
2346.538	-4051.381
928.8414	-2568.818
768.07367	-2392.3591
82.077896	-1705.4034
214.73665	-1832.4131
410.82568	-1910.4988
345.6586	-1809.6509
58.874542	-1480.0374
61.154026	-1488.3676
120.70051	-1561.8815
132.55457	-1566.7073
58.37897	-1518.7201
64.67409	-1532.8403
-22.323757	-1602.4912
-41.163246	-1589.3153
169.02701	-1606.8271
178.37292	-1619.144
261.76086	-1684.8329
241.9209	-1672.3157
91.49172	-1639.5083
64.01151	-1640.1863
234.3088	-1689.9626
256.0276	-1697.3701
31.42919	-1556.8424
28.083763	-1567.9324
-35.92434	-1560.584
-21.152866	-1566.1444
105.402054	-1631.2267
132.7118	-1649.1538
443.3297	-1062.6224
445.79288	-1052.1139
448.24402	-1170.3982
440.88	-1174.5947
433.13324	-1121.3728
434.63455	-1100.5137
309.2531	-1564.3289
319.3413	-1518.1525
378.10666	-1300.2568
387.54993	-1292.0349
315.1973	-1387.829
321.433	-1350.1952
263.6002	-1283.068
253.8138	-1262.3248
238.62843	-1221.9653
241.10284	-1227.4122
223.66956	-1175.1255
215.69821	-1153.1892
194.08943	-1121.8584
186.86154	-1113.8168
422.08224	-1224.4258
430.09235	-1204.2504
5305.3794	-8112.166
5200.2915	-7957.1387
4479.871	-6891.416
4413.8467	-6793.7373
4977.542	-7634.4824
4873.8765	-7476.5117
4985.289	-7595.755
4992.003	-7588.9883
5023.0703	-7601.9414
5017.0825	-7598.7075
5012.513	-7581.1333
5016.132	-7573.8604
4024.0225	-6209.696
3914.873	-6048.239
3394.7751	-5347.2104
3496.7063	-5481.6436
3730.9048	-5666.615
3707.9897	-5594.0195
3587.788	-5211.7627
3585.9238	-5218.5713
3590.239	-5296.1187
3599.5212	-5305.7485
3541.4739	-5233.164
3540.0798	-5246.545
3342.4321	-5251.7036
3317.216	-5231.977
3602.2227	-5362.6255
3602.3179	-5379.9136
3674.2725	-5490.466
3657.5454	-5465.44
3492.2852	-5341.699
3456.964	-5324.3003
3638.8123	-5476.1025
3662.8813	-5498.213
3464.8809	-5244.213
3449.5066	-5247.5
3328.0146	-5208.9263
3354.3184	-5219.251
3510.1702	-5345.364
3536.1042	-5377.2217
4249.848	-5810.2227
4255.976	-5818.6226
4169.695	-5756.73
4165.0874	-5750.1357
4206.1353	-5776.7812
4220.8853	-5788.19
3824.0347	-5547.3657
3870.7937	-5558.4233
4066.7742	-5655.0806
4072.3303	-5667.9087
3997.5134	-5574.8647
4032.7695	-5586.247
4113.868	-5538.2896
4136.579	-5531.8687
4172.9805	-5513.8867
4168.6313	-5518.922
4224.464	-5525.1387
4246.4907	-5523.1367
4281.95	-5519.8877
4292.0806	-5520.808
4127.547	-5713.381
4145.7065	-5726.8193
7263.3853	-10564.248
7169.027	-10475.667
6545.358	-9809.949
6492.48	-9742.138
6958.8306	-10303.092
6865.7695	-10209.47
6912.258	-10348.032
6904.5396	-10361.446
6877.3477	-10389.21
6885.5586	-10385.4375
6904.872	-10395.075
6906.2603	-10404.307
6171.9893	-9335.84
6082.85	-9223.115
5682.8193	-8689.44
5759.923	-8796.548
5939.447	-8998.134
5922.798	-8961.688
5835.983	-8630.62
5829.332	-8633.09
5840.979	-8713.441
5849.6704	-8723.423
5799.7236	-8648.374
5796.445	-8660.562
5640.6665	-8631.862
5623.5586	-8608.049
5858.979	-8774.328
5860.4316	-8788.762
5899.6597	-8893.466
5887.378	-8870.634
5756.012	-8739.813
5726.669	-8719.147
5863.5513	-8879.439
5884.0015	-8902.643
5734.852	-8646.28
5720.726	-8647.183
5636.6035	-8586.709
5653.4897	-8600.438
5770.2983	-8742.686
5790.139	-8775.3955
6480.734	-9136.273
6488.6743	-9142.252
6388.9023	-9100.5625
6382.825	-9102.364
6429.8286	-9119.587
6447.889	-9124.309
6008.302	-9001.088
6044.155	-9028.404
6240.439	-9104.675
6254.1523	-9099.461
6134.512	-9112.197
6165.593	-9129.526
6182.4834	-9215.974
6191.5527	-9235.993
6211.529	-9271.097
6205.735	-9266.341
6229.2314	-9309.402
6241.131	-9325.948
6258.5654	-9355.29
6265.501	-9362.089
6329.903	-9094.644
6352.5513	-9097.432
9170.279	-9682.719
9079.151	-9785.714
8486.889	-10351.691
8431.994	-10389.802
8900.129	-10023.592
8813.809	-10111.494
8908.981	-10121.533
8912.974	-10140.195
8907.356	-10181.713
8908.515	-10173.067
8922.811	-10168.505
8929.36	-10175.732
8104.4194	-10626.846
8014.4175	-10694.951
7624.141	-10815.056
7699.5347	-10802.788
7810.035	-11047.205
7772.671	-11140.313
7481.082	-11252.064
7483.7544	-11245.04
7558.135	-11239.878
7564.922	-11249.403
7508.6885	-11199.218
7520.5986	-11193.654
7572.371	-10898.006
7561.782	-10864.761
7616.382	-11232.057
7631.299	-11225.004
7705.6626	-11241.657
7689.7	-11232.261
7615.5864	-11080.024
7607.656	-11040.037
7697.028	-11200.356
7711.2983	-11218.087
7525.7124	-11084.772
7531.32	-11060.697
7539.8643	-10874.576
7541.2	-10915.499
7610.8276	-11101.6455
7633.2695	-11123.001
7851.595	-12261.917
7851.505	-12272.349
7834.4478	-12129.78
7832.5747	-12121.02
7841.907	-12191.603
7846.0874	-12220.259
7734.418	-11483.016
7736.8223	-11565.964
7777.7437	-11932.02
7785.8296	-11944.407
7720.6616	-11783.508
7726.1006	-11845.241
7675.0645	-11944.687
7665.756	-11974.512
7641.4785	-12019.585
7645.7607	-12011.976
7623.3643	-12076.913
7613.4214	-12102.544
7605.77	-12152.282
7603.7876	-12164.017
7813.466	-12050.365
7821.149	-12082.346
10811.644	-6643.4897
10735.123	-6805.2085
10228.646	-7867.1943
10183.195	-7959.276
10577.163	-7153.978
10501.679	-7311.9966
10563.585	-7209.522
10561.818	-7221.3164
10584.418	-7247.126
10578.168	-7242.949
10558.768	-7242.5537
10553.365	-7247.669
9902.59	-8505.144
9826.214	-8657.583
9499.201	-9260.107
9563.965	-9148.005
9635.538	-9073.411
9598.035	-9159.657
9735.161	-9523.651
9728.105	-9519.079
9696.062	-9437.39
9698.17	-9425.019
9687.421	-9494.554
9679.489	-9481.981
9473.703	-9373.851
9459.809	-9378.645
9654.423	-9373.285
9641.618	-9358.119
9580.282	-9264.87
9590.754	-9284.072
9558.982	-9355.763
9535.476	-9360.048
9565.046	-9279.1875
9566.475	-9262.177
9604.274	-9459.558
9585.072	-9450.167
9467.164	-9399.177
9490.458	-9411.033
9569.494	-9375.502
9572.166	-9352.336
9236.198	-9808.61
9237.975	-9818.583
9250.011	-9704.235
9253.348	-9697.025
9245.935	-9751.635
9241.488	-9774.101
9437.896	-9337.936
9399.125	-9367.506
9279.324	-9553.4375
9280.774	-9569.203
9291.593	-9431.025
9268.615	-9459.35
9178.681	-9436.566
9155.661	-9438.32
9118.064	-9439.142
9126.1875	-9441.432
9071.703	-9445.74
9050.092	-9446.171
9007.96	-9459.601
8996.58	-9463.025
9272.57	-9646.568
9267.432	-9669.327
12056.793	-3198.5957
12003.199	-3361.5337
11643.456	-4462.6074
11611.59	-4562.8823
11890.29	-3698.8296
11836.036	-3861.56
11884.902	-3735.2002
11886.252	-3743.9062
11885.925	-3765.5005
11890.167	-3759.0796
11911.729	-3748.6375
11919.6	-3748.7656
11418.92	-5158.693
11364.404	-5323.519
11090.597	-6023.002
11142.289	-5886.847
11288.361	-5718.4346
11282.442	-5795.0605
10943.426	-5970.5317
10951.974	-5973.718
11043.444	-5952.773
11053.291	-5945.0576
10982.122	-5994.5703
10998.848	-5995.423
11077.38	-6140.362
11061.545	-6157.8
11119.869	-5934.9907
11139.179	-5934.28
11248.16	-5879.28
11225.061	-5896.4526
11137.246	-6033.1084
11131.316	-6062.4805
11239.046	-5917.905
11258.912	-5897.9097
11014.46	-6056.4624
11024.112	-6069.1064
11034.703	-6146.6377
11037.29	-6128.1865
11127.797	-6017.404
11157.66	-5999.225
11846.929	-5731.6577
11856.028	-5727.065
11745.732	-5748.328
11745.192	-5755.502
11796.18	-5756.1685
11814.991	-5750.8984
11400.231	-5881.4644
11442.477	-5881.4277
11639.384	-5836.4766
11645.555	-5826.1924
11554.807	-5896.873
11589.593	-5894.733
11643.169	-5958.959
11662.773	-5970.815
11687.267	-5995.37
11686.405	-5989.017
11737.05	-6002.395
11756.113	-6010.8574
11784.334	-6034.388
11791.643	-6040.994
11703.472	-5782.996
11721.347	-5773.691
12789.679	-269.43408
12761.714	-393.132
12565.891	-1269.516
12547.896	-1350.0487
12703.109	-658.41095
12677.39	-787.1461
12729.892	-671.0745
12740.624	-669.5728
12770.4795	-670.2248
12763.212	-666.26276
12754.084	-648.55585
12758.811	-642.44666
12440.907	-1833.1167
12410.853	-1967.5972
12242.647	-2584.525
12276.086	-2464.5698
12404.545	-2254.929
12414.034	-2304.4617
12435.311	-2657.234
12432.414	-2651.0698
12418.019	-2582.5166
12424.038	-2572.5042
12394.525	-2649.9526
12389.651	-2637.3306
12235.725	-2661.6584
12219.306	-2681.3672
12420.124	-2517.2065
12415.261	-2499.06
12427.684	-2384.495
12421.001	-2410.5037
12331.257	-2556.6965
12307.452	-2579.726
12395.775	-2405.3638
12410.949	-2382.427
12328.34	-2657.3987
12312.706	-2657.2551
12235.358	-2700.0728
12251.64	-2685.7266
12328.352	-2539.1382
12337.986	-2506.449
13022.153	-2138.3972
13030.697	-2139.2444
12924.903	-2160.1372
12916.773	-2158.521
12967.293	-2146.0615
12989.557	-2142.7522
12536.282	-2285.6125
12572.917	-2259.8062
12774.286	-2173.301
12786.797	-2175.0007
12657.411	-2176.491
12690.548	-2159.9111
12688.414	-2077.963
12694.045	-2058.1382
12705.08	-2023.2505
12705.75	-2030.2866
12720.76	-1982.6252
12725.531	-1962.1185
12731.955	-1928.5634
12731.475	-1917.8391
12860.127	-2162.5947
12880.962	-2157.6917
12619.616	767.1722
12627.66	765.73627
12710.465	623.8829
12722.548	597.1138
12621.954	793.60956
12634.239	780.56885
12576.139	888.5446
12566.341	907.7085
12547.728	944.1847
12554.234	937.19666
12561.559	946.9295
12559.797	955.9543
12791.173	456.92398
12810.337	419.8657
12860.79	154.80086
12855.764	210.41122
12939.383	464.4217
12974.444	492.2544
13158.179	311.03223
13151.074	313.15292
13104.151	349.0287
13107.767	359.74982
13108.079	285.5859
13095.357	290.30243
12895.407	152.94594
12884.339	121.44064
13065.675	391.55637
13052.653	399.97842
13027.9	496.7367
13030.503	474.04562
12971.335	307.6958
12950.328	276.13068
13000.369	465.84888
13004.481	493.802
13030.604	228.54736
13012.881	218.8283
12899.293	115.36932
12921.61	140.61098
12992.41	315.83975
12992.702	350.12512
13281.996	1379.2131
13284.985	1392.7904
13245.688	1251.1968
13246.756	1241.213
13259.818	1305.5627
13264.982	1332.1044
13108.347	697.17267
13137.807	759.08356
13225.619	1059.492
13223.614	1074.1683
13221.366	915.2404
13238.207	964.41766
13320.991	1007.9171
13340.377	1025.1802
13367.665	1059.766
13361.459	1054.1547
13409.431	1092.0314
13427.359	1107.4846
13459.051	1129.9163
13468.04	1134.7892
13231.169	1175.522
13237.282	1204.766
2119.321	1983.3427
2094.7546	1880.708
2007.0781	1423.565
1984.3344	1306.3658
2030.8331	1640.9735
2042.567	1676.0277
1997.7639	1576.7645
1988.1547	1563.4701
1967.7225	1519.5648
1951.7767	1495.853
1932.5033	1467.7771
1926.0857	1459.491
1921.9962	961.76544
1907.7152	885.69434
1798.8142	345.03735
1791.4425	305.90283
1926.6373	14.891921
1922.7883	22.576736
1857.3251	65.54183
1837.959	78.2174
1933.9642	61.305885
1927.8666	51.79333
1791.8586	145.13629
1779.3348	161.23624
1764.3235	225.52682
1750.9312	242.35182
1696.5665	213.38063
1686.1715	208.92996
1670.2379	187.82315
1661.295	184.07367
1942.0117	106.76232
1945.7014	118.938446
1933.3145	160.34833
1926.5898	181.75406
1888.9724	213.80379
1879.2317	218.04887
1818.255	241.40198
1802.6279	251.01622
1564.7583	-283.1274
1552.2633	-302.94104
1516.2563	-342.47842
1499.074	-362.30865
1486.7762	-426.57675
1480.8938	-434.8791
1731.8376	88.76315
1717.055	30.92457
1639.6984	-144.36758
1617.6875	-182.93855
1723.3827	-151.29031
1720.7563	-118.48454
1753.0939	-245.01295
1761.8429	-267.54056
1772.9993	-329.29034
1778.5385	-356.94205
1801.7382	-391.94223
1809.4812	-398.3307
1817.2029	-411.7662
1819.3662	-422.0206
1489.5153	-401.41327
1489.572	-411.80814
1866.3729	694.1504
1843.5295	577.4677
2208.813	5020.864
2208.491	4858.691
2223.6511	4042.7415
2227.2964	3826.4995
2200.7136	4521.4062
2204.0698	4565.2246
2185.71	4449.046
2179.7832	4438.155
2151.0164	4406.873
2139.0132	4389.442
2122.498	4365.273
2118.0688	4358.7285
2248.8843	3146.7544
2253.5833	2992.7437
2376.3125	2374.939
2398.5005	2364.1248
2250.1045	2075.4941
2255.0908	2083.2446
2297.2937	2133.5156
2314.7437	2144.6978
2221.3486	2132.2188
2229.7405	2122.1523
2340.9426	2218.4521
2348.8489	2236.7397
2383.658	2306.845
2376.0164	2329.2522
2288.7122	2320.806
2272.8765	2317.0715
2220.17	2296.9548
2207.7527	2295.1982
2225.887	2190.5723
2223.9858	2204.147
2213.353	2259.376
2223.9075	2275.0186
2309.4019	2293.393
2324.8203	2297.362
2390.1162	2322.7683
2407.2024	2334.0044
2892.2883	1970.3228
2913.9019	1957.3065
2962.83	1924.7778
2988.507	1911.561
3034.587	1862.3105
3044.2673	1857.1731
2543.002	2215.0334
2584.9092	2173.8699
2748.3433	2060.2148
2789.5156	2034.6553
2685.4333	2031.3354
2669.9082	2058.2788
2723.4575	1935.1776
2732.08	1910.5492
2749.2715	1856.862
2754.6628	1827.8633
2774.0278	1787.01
2779.9612	1779.6299
2801.3777	1774.1102
2807.866	1765.4565
3021.2734	1884.082
3026.993	1876.6066
2231.6394	2511.3777
2244.9126	2401.6675
2762.9846	8293.054
2725.1934	8140.7896
2549.3315	7351.8066
2502.0427	7141.3564
2646.4192	7836.569
2657.866	7874.338
2612.1934	7784.463
2601.9307	7780.1177
2561.6572	7782.951
2540.812	7780.969
2513.9387	7779.0317
2506.7346	7778.2876
2358.871	6467.138
2326.1536	6314.3677
2123.8862	5816.226
2105.7646	5836.328
2000.2937	5521.6206
2003.5504	5528.802
2021.9429	5589.116
2022.4232	5609.6875
2058.9614	5519.4805
2046.7422	5522.244
2048.627	5679.507
2055.918	5697.537
2081.57	5778.0137
2101.1453	5781.914
2171.0842	5660.6187
2179.9468	5639.112
2202.7432	5548.6455
2210.7134	5526.491
2111.8674	5537.099
2126.7576	5540.2065
2177.1958	5540.3364
2184.9526	5559.0356
2136.427	5685.665
2127.0017	5706.514
2090.09	5801.0435
2082.1997	5823.9106
1668.6976	6119.1016
1653.3175	6135.1787
1614.7196	6169.357
1598.2214	6189.6
1538.9965	6210.827
1532.0898	6218.8154
1951.5612	5908.753
1909.4647	5928.295
1776.4757	6022.34
1747.4109	6048.67
1762.4175	5943.4844
1789.3251	5941.845
1675.7585	5926.382
1654.7606	5921.1816
1601.1454	5919.955
1573.0422	5918.202
1537.9105	5902.7793
1531.8872	5896.667
1518.0177	5891.2153
1506.9523	5890.706
1562.7122	6205.1987
1553.0981	6205.522
2240.8096	5788.0903
2213.6016	5685.6016
4335.014	10630.301
4246.571	10541.587
3806.9045	10038.421
3690.284	9903.417
4060.7236	10376.995
4085.585	10394.534
4009.0286	10381.869
4002.0093	10391.517
3967.9746	10418.973
3952.6143	10438.332
3933.4292	10463.493
3929.1462	10469.693
3325.636	9458.069
3242.8809	9356.8955
2856.6687	9105.742
2841.8167	9138.505
2930.2996	8959.667
2922.6765	8959.608
2893.597	8994.163
2886.8638	9009.745
2896.6206	8909.152
2900.7698	8921.24
2850.1172	9039.022
2841.791	9045.775
2824.6848	9103.666
2816.1663	9090.519
2815.2065	8928.73
2816.6252	8901.434
2858.608	8795.931
2868.6482	8768.432
2868.9424	8877.973
2862.8657	8868.616
2867.8037	8808.652
2856.2485	8817.455
2805.1367	8973.392
2797.7769	9001.1875
2803.0037	9112.1
2805.189	9142.17
2523.244	9660.295
2514.1716	9684.514
2482.2932	9730.316
2467.685	9754.522
2462.8184	9825.265
2461.4202	9835.856
2714.3848	9298.7295
2678.0352	9342.27
2584.7847	9508.495
2566.5552	9552.2705
2541.5571	9444.173
2566.151	9427.913
2455.243	9493.817
2434.1116	9503.522
2383.5308	9527.875
2360.5002	9542.76
2318.038	9551.942
2309.4763	9552.804
2290.1973	9544.538
2280.3206	9546.463
2455.1287	9795.386
2454.7988	9805.1
2992.1697	8972.104
2928.2886	8907.449
6348.3853	10436.16
6252.506	10485.482
5754.1133	10689.545
5621.041	10739.973
6067.477	10619.293
6090.1997	10598.111
6039.4536	10678.054
6039.496	10693.665
6054.1353	10744.439
6059.2114	10770.528
6066.1943	10805.333
6068.105	10814.082
5196.0703	10885.276
5098.728	10916.362
4749.309	11197.966
4756.6016	11236.343
4484.899	11233.19
4489.248	11226.623
4546.337	11246.717
4561.968	11256.152
4521.198	11163.091
4516.2417	11177.463
4627.2227	11239.617
4644.8115	11236.106
4707.619	11245.49
4718.851	11224.105
4670.674	11085.322
4660.455	11062.06
4617.7485	10952.35
4609.1973	10922.947
4558.3384	11094.453
4568.1055	11075.473
4602.6167	10978.559
4620.0415	10977.648
4678.834	11129.612
4687.5557	11154.907
4734.3555	11237.869
4747.476	11258.375
4626.5815	11990.783
4617.021	12019.327
4598.8174	12082.38
4594.5083	12115.672
4563.238	12186.216
4562.2485	12196.979
4743.2065	11495.19
4739.6304	11567.306
4682.7354	11796.591
4666.265	11852.54
4756.205	11770.396
4750.338	11733.8
4780.537	11882.212
4788.603	11907.667
4803.285	11966.036
4806.7026	11996.35
4822.4385	12040.689
4829.358	12049.581
4837.695	12063.28
4839.116	12074.702
4578.52	12160.937
4572.845	12169.582
4770.222	10936.773
4702.6133	10971.95
6781.9893	8024.0527
6794.82	8167.2773
6808.2437	8863.7295
6810.992	9048.584
6841.6865	8468.329
6831.1147	8427.781
6883.149	8528.874
6895.252	8537.131
6935.102	8571.482
6957.047	8586.529
6985.3037	8605.997
6991.7104	8610.384
6797.2256	9616.339
6793.9434	9745.331
6932.7603	10301.092
6967.248	10317.235
6864.342	10569.797
6860.5464	10562.477
6901.416	10515.601
6916.2217	10504.495
6820.56	10507.809
6831.5195	10519.253
6933.971	10440.868
6937.2744	10423.935
6956.0063	10366.435
6942.8257	10342.44
6816.5044	10320.166
6793.929	10318.242
6692.1777	10296.123
6663.814	10289.041
6776.613	10441.0625
6763.7065	10422.598
6699.682	10338.529
6704.21	10320.977
6844.5303	10346.556
6868.4067	10350.893
6954.667	10349.654
6976.2354	10346.178
7526.8584	10865.722
7545.703	10889.557
7579.989	10948.579
7597.965	10978.19
7662.746	11017.6875
7671.7744	11023.243
7167.4404	10482.355
7224.9336	10528.117
7392.2207	10708.195
7430.3066	10754.325
7408.386	10632.882
7375.7793	10615.696
7507.6704	10676.022
7533.0244	10685.209
7590.1304	10706.314
7615.8823	10720.71
7660.708	10736.091
7671.1943	10737.769
7692.056	10726.041
7702.4067	10726.29
7629.028	11013.673
7637.09	11018.789
6721.1807	10127.208
6731.2285	10221.376
4878.75	4936.668
5005.541	5090.181
5602.264	5861.831
5760.1973	6066.803
5277.022	5403.0024
5239.4546	5363.591
5346.2183	5462.169
5359.0845	5467.8975
5407.0005	5473.3364
5432.506	5478.456
5461.8516	5484.4014
5470.088	5486.0493
6244.688	6707.458
6352.9414	6853.853
6886.235	7350.3223
6914.7114	7334.424
7043.2954	7602.038
7035.201	7598.9507
7021.158	7536.9634
7019.169	7517.7095
6973.731	7597.4834
6987.578	7596.9126
6977.3745	7461.497
6967.583	7447.0605
6944.0464	7379.1665
6920.654	7376.7383
6838.691	7470.8833
6825.273	7488.059
6770.1587	7563.99
6754.0767	7582.263
6901.8813	7584.8413
6882.528	7582.014
6799.619	7576.8047
6790.981	7560.3643
6872.3657	7460.1997
6886.0522	7441.833
6923.765	7362.1846
6932.8403	7340.113
7636.942	7401.504
7664.924	7408.1807
7723.0547	7433.1616
7751.585	7444.3804
7834.917	7456.3276
7847.053	7460.26
7149.6387	7326.342
7217.02	7325.3022
7444.4097	7361.0474
7498.903	7374.335
7410.765	7292.834
7377.4155	7300.2266
7508.384	7260.6
7531.1963	7251.352
7587.861	7232.6025
7616.619	7220.2275
7660.608	7213.1226
7671.6074	7214.2783
7686.792	7213.0874
7696.863	7207.573
7800.9463	7455.5015
7811.2993	7456.561
6640.928	7345.653
6726.7334	7444.033
1055.3137	1938.9807
1243.6609	2086.4712
2269.3582	2818.9893
2546.2803	3014.5825
1592.4744	2390.614
1552.7983	2350.6157
1605.8422	2455.838
1595.0105	2462.8804
1566.1346	2500.3196
1550.3328	2516.8208
1528.9862	2539.315
1523.9283	2544.6135
3418.2947	3622.073
3617.2627	3758.991
4426.3335	4170.276
4437.979	4145.1016
4703.4253	4376.694
4695.734	4371.506
4646.8706	4324.4165
4635.4956	4305.9824
4645.3726	4404.8477
4655.6655	4396.5786
4565.4263	4261.1426
4548.932	4249.6177
4487.521	4183.6133
4466.777	4190.559
4468.4575	4326.2734
4471.357	4348.9556
4480.809	4437.9106
4481.647	4460.083
4586.7007	4412.7095
4571.404	4416.486
4517.475	4439.052
4503.5005	4426.2134
4490.5503	4296.0723
4489.5254	4273.8154
4465.8096	4174.8765
4458.2417	4149.148
4990.7593	3798.978
5012.516	3783.1343
5063.2876	3751.5774
5090.7744	3739.6904
5134.8774	3684.98
5141.511	3676.637
4617.64	4040.1553
4671.483	4013.2173
4845.3037	3901.1523
4885.438	3870.24
4849.3916	3970.8848
4817.388	3977.347
4949.646	3960.753
4973.0737	3960.5261
5029.253	3960.0867
5058.1616	3955.673
5100.5205	3955.9277
5110.014	3957.4998
5126.733	3964.2046
5138.2764	3963.403
5127.713	3713.8113
5133.8022	3705.395
4225.6255	4227.309
4368.9053	4316.1235
-2250.451	-983.47144
-2101.9849	-847.65656
-1321.7781	-141.75195
-1113.5557	48.26975
-1805.6423	-581.46045
-1841.9325	-614.6162
-1775.0038	-526.314
-1778.882	-516.945
-1807.036	-495.4636
-1820.8447	-483.80756
-1838.253	-469.9222
-1844.1353	-465.175
-460.43924	648.8542
-310.77325	784.9509
140.46567	1267.1766
114.00555	1251.7891
401.73557	1264.2422
400.6866	1271.7949
336.63245	1262.9406
318.5726	1257.2994
403.61176	1317.1713
400.62323	1305.817
257.08276	1278.6731
242.77962	1283.4298
160.41809	1269.4624
163.27379	1286.5073
307.48123	1393.8597
332.98706	1410.892
440.99686	1465.0892
465.9103	1478.9846
408.8641	1374.968
411.45337	1391.9353
440.3645	1450.5983
421.72107	1457.1969
259.3279	1380.3337
232.93326	1365.7839
130.58669	1285.4298
104.16456	1266.8854
-315.15808	1326.2698
-332.66147	1336.6777
-368.44315	1373.9574
-385.56946	1390.6892
-450.2553	1398.7134
-460.38092	1399.4844
-26.704807	1237.2285
-65.374084	1234.712
-196.9167	1273.3877
-228.17595	1287.6523
-179.77367	1183.769
-159.74222	1194.6978
-245.50871	1144.2964
-261.06567	1131.7135
-287.7102	1093.3673
-303.95273	1076.1608
-339.8618	1060.9236
-349.73697	1059.1033
-367.09222	1053.9098
-374.12888	1046.1932
-422.20148	1405.3467
-430.13135	1408.4456
212.68324	1251.3739
308.98795	1349.8607
-4242.578	-3701.4363
-4173.9688	-3572.5266
-3767.1426	-2914.921
-3657.3318	-2739.0981
-4057.9531	-3311.9033
-4068.3157	-3344.9521
-4079.7075	-3267.5059
-4093.0486	-3263.5203
-4136.243	-3243.7913
-4160.28	-3236.6863
-4191.0464	-3227.5503
-4198.213	-3225.2727
-3297.9502	-2178.2002
-3213.9006	-2050.2454
-3034.652	-1607.0337
-3069.9998	-1617.8221
-2981.5981	-1356.49
-2979.9417	-1363.9642
-2997.7793	-1409.2443
-3008.7236	-1424.5144
-2913.6135	-1372.2709
-2927.994	-1370.3832
-3015.5938	-1488.098
-3016.816	-1504.2697
-3057.4167	-1569.7842
-3039.1912	-1576.7367
-2876.92	-1500.8018
-2849.7898	-1486.5966
-2744.092	-1419.1559
-2717.2717	-1403.9669
-2864.632	-1399.9257
-2849.2095	-1404.4768
-2765.0837	-1406.9443
-2766.5815	-1424.1348
-2921.4219	-1513.6869
-2948.4739	-1528.9137
-3053.3433	-1590.7366
-3081.286	-1607.3601
-3704.6362	-1545.4707
-3730.6482	-1537.5042
-3789.6128	-1525.0201
-3820.2468	-1522.5911
-3883.1863	-1493.1735
-3893.848	-1491.8439
-3278.1406	-1625.4891
-3333.5342	-1626.8328
-3531.9392	-1584.9703
-3580.3633	-1573.2098
-3502.9224	-1660.2112
-3473.2524	-1651.223
-3588.25	-1701.9081
-3610.0383	-1713.6366
-3664.4895	-1727.0631
-3691.2874	-1733.4517
-3726.7021	-1754.7202
-3733.2385	-1761.7612
-3737.6208	-1781.1576
-3744.9734	-1787.6873
-3862.0427	-1508.2274
-3870.325	-1502.7782
-2883.5645	-1617.6132
-2833.3088	-1532.1162
-3698.2285	-5925.5874
-3759.3064	-5823.716
-4034.6526	-5311.307
-4105.196	-5174.94
-3907.318	-5624.4507
-3885.6758	-5649.319
-3963.8154	-5598.2495
-3978.2332	-5598.5903
-4024.2844	-5592.6406
-4047.0684	-5592.998
-4078.1	-5593.2974
-4085.871	-5593.392
-4319.451	-4744.4634
-4366.393	-4646.128
-4698.9004	-4357.3774
-4735.4565	-4377.7383
-4825.3984	-4114.639
-4817.101	-4116.3164
-4809.846	-4176.8813
-4810.6045	-4193.397
-4746.032	-4116.07
-4762.332	-4117.38
-4782.6187	-4253.816
-4775.4526	-4268.364
-4756.977	-4334.714
-4732.7686	-4335.559
-4613.1846	-4228.4927
-4593.8584	-4209.001
-4497.4233	-4125.6885
-4471.329	-4106.0913
-4663.886	-4131.3306
-4642.0376	-4132.8623
-4530.343	-4119.4756
-4521.2515	-4136.4365
-4648.637	-4251.5547
-4670.5586	-4270.2285
-4740.238	-4354.432
-4755.8823	-4377.941
-5453.012	-4731.7803
-5480.3	-4749.056
-5546.0054	-4776.461
-5579.449	-4790.5596
-5632.3545	-4851.277
-5639.715	-4858.6323
-4979.4385	-4473.225
-5048.372	-4499.38
-5272.057	-4618.056
-5324.912	-4650.112
-5260.8384	-4544.2056
-5223.933	-4538.079
-5374.795	-4549.1797
-5401.8125	-4548.883
-5465.237	-4550.9277
-5496.261	-4548.7095
-5540.4507	-4556.005
-5549.967	-4560.901
-5563.871	-4565.2046
-5575.344	-4563.891
-5620.657	-4820.6587
-5627.108	-4828.8467
-4450.3037	-4289.028
-4496.336	-4226.8003
-1799.9779	-7345.0596
-1901.5867	-7297.033
-2414.5461	-7011.2993
-2549.761	-6932.4536
-2112.79	-7217.7944
-2085.0798	-7225.6416
-2165.0762	-7228.143
-2173.4683	-7235.3276
-2189.1577	-7275.338
-2201.766	-7295.07
-2217.706	-7320.6973
-2222.7478	-7328.084
-2976.4666	-6679.748
-3072.9832	-6621.0903
-3476.8506	-6514.9497
-3484.2388	-6544.304
-3732.6362	-6378.5513
-3725.6045	-6375.1475
-3681.1648	-6426.8555
-3670.5427	-6441.338
-3682.1855	-6347.326
-3692.1292	-6355.4077
-3606.8845	-6476.3906
-3591.7957	-6484.655
-3531.194	-6522.0854
-3513.355	-6512.183
-3507.0647	-6385.2676
-3506.7788	-6362.8306
-3518.0728	-6276.41
-3518.3127	-6253.6885
-3623.2354	-6321.284
-3607.8584	-6313.455
-3549.0464	-6281.083
-3532.4375	-6290.663
-3525.976	-6413.51
-3525.3796	-6435.398
-3508.3296	-6527.5103
-3502.95	-6550.415
-3713.5466	-7070.339
-3718.0037	-7092.912
-3731.6965	-7146.4272
-3734.3132	-7173.1143
-3765.465	-7228.9097
-3767.2993	-7239.1255
-3594.31	-6706.4966
-3622.8005	-6751.974
-3677.8938	-6921.7
-3688.7444	-6962.6357
-3735.735	-6869.456
-3713.496	-6850.2725
-3815.1316	-6928.44
-3836.9333	-6941.278
-3890.9548	-6959.971
-3917.3982	-6970.055
-3951.5325	-6995.9453
-3957.2874	-7003.391
-3966.3743	-7016.9478
-3976.0972	-7022.166
-3747.5542	-7210.5796
-3752.8057	-7217.705
-3373.0671	-6381.011
-3446.648	-6348.719
-1535.9259	-6931.6294
-1500.3612	-6966.9966
-1411.4012	-7151.6265
-1394.5853	-7201.8296
-1366.8695	-7026.9985
-1392.1421	-7019.893
-1285.3263	-7034.568
-1264.0752	-7032.3237
-1205.7859	-7022.0425
-1171.6688	-7018.7695
-1129.2004	-7013.9346
-1119.8612	-7013.2236
-1364.7845	-7355.266
-1359.365	-7391.2725
-1165.9531	-7606.9316
-1127.4003	-7625.5503
-1268.5424	-7844.42
-1270.9745	-7835.9365
-1228.456	-7800.3896
-1213.2773	-7792.572
-1317.267	-7777.649
-1305.2744	-7787.298
-1184.7797	-7732.682
-1178.3937	-7716.46
-1144.2432	-7664.0522
-1156.3674	-7641.8716
-1299.5376	-7589.949
-1324.9261	-7583.27
-1438.1763	-7526.943
-1466.7603	-7509.025
-1357.8435	-7694.4897
-1369.1553	-7673.188
-1431.6132	-7566.3125
-1422.509	-7551.266
-1266.1848	-7617.4746
-1240.3612	-7627.657
-1141.6721	-7647.2974
-1116.6683	-7648.5728
-393.90347	-7827.083
-363.9362	-7830.5737
-301.91208	-7840.048
-270.94415	-7848.284
-189.11319	-7832.0425
-177.49019	-7829.777
-895.7175	-7730.2583
-828.31757	-7756.1113
-591.4367	-7798.981
-533.64136	-7806.321
-643.8314	-7858.1074
-674.32056	-7837.802
-551.77527	-7927.046
-531.8459	-7945.765
-484.58487	-7986.681
-457.7826	-8003.5684
-424.57877	-8034.821
-420.46686	-8043.4673
-412.71204	-8059.5176
-403.04382	-8065.0415
-220.02632	-7850.3447
-209.9625	-7849.269
-1414.0626	-7477.479
-1393.9457	-7508.9673
-4317.5386	-7901.7085
-4146.44	-7856.13
-3305.963	-7530.975
-3082.6921	-7439.8984
-3785.9148	-7802.5454
-3834.109	-7802.7866
-3712.9238	-7842.113
-3703.6794	-7858.353
-3671.2266	-7904.379
-3656.628	-7932.267
-3639.9126	-7966.043
-3636.3518	-7974.5356
-2395.8208	-7123.2236
-2240.0188	-7049.3164
-1480.3193	-6656.4434
-1448.2572	-6633.593
-1410.744	-6422.092
-1412.6132	-6429.201
-1394.076	-6463.071
-1381.4819	-6472.0527
-1476.302	-6494.3433
-1464.4541	-6479.666
-1380.255	-6538.215
-1381.8466	-6554.7065
-1406.2948	-6606.97
-1419.1963	-6633.6416
-1488.9742	-6711.7705
-1501.9889	-6721.9907
-1587.0477	-6789.3203
-1609.4167	-6808.5767
-1532.7598	-6587.0176
-1548.6969	-6612.687
-1596.552	-6738.036
-1595.7567	-6756.219
-1515.7194	-6660.391
-1501.2067	-6644.829
-1452.2538	-6606.748
-1438.433	-6599.3906
-720.9655	-6076.45
-694.1269	-6052.031
-635.3248	-6003.703
-603.4	-5983.148
-544.68945	-5922.2817
-535.03754	-5916.462
-1200.5659	-6462.183
-1123.245	-6412.01
-901.10986	-6229.978
-848.4636	-6183.5674
-889.9652	-6297.4863
-931.406	-6316.1514
-765.3058	-6260.588
-733.85114	-6250.951
-671.79114	-6223.4604
-640.9981	-6210.85
-589.795	-6198.68
-577.5256	-6197.2163
-558.44403	-6195.977
-547.93994	-6191.885
-563.1209	-5946.4634
-556.98395	-5937.7734
-1797.6179	-6867.774
-1675.3883	-6807.649
-8086.2773	-6598.4004
-7906.576	-6703.2383
-6968.1445	-7195.8457
-6716.58	-7324.0083
-7553.68	-6939.4497
-7597.115	-6906.976
-7502.4346	-7006.56
-7500.347	-7019.1064
-7510.59	-7066.425
-7512.546	-7091.779
-7516.7974	-7124.2573
-7518.489	-7132.8296
-5914.6807	-7712.016
-5731.8394	-7798.551
-5070.528	-8284.495
-5082.7104	-8322.032
-4807.996	-8393.586
-4811.0825	-8385.537
-4873.8613	-8386.631
-4891.659	-8389.488
-4824.8467	-8319.524
-4822.8403	-8335.139
-4950.2227	-8358.004
-4965.0044	-8350.619
-5032.912	-8344.022
-5037.364	-8319.8955
-4953.859	-8199.074
-4937.672	-8178.17
-4870.145	-8081.417
-4853.502	-8056.168
-4843.6304	-8245.59
-4846.8877	-8223.854
-4847.6797	-8118.108
-4865.0693	-8112.1465
-4962.2163	-8242.816
-4976.173	-8262.871
-5051.584	-8328.577
-5070.8604	-8342.77
-4970.8965	-9161.199
-4967.497	-9193.708
-4947.9863	-9261.247
-4938.4653	-9294.435
-4946.228	-9374.562
-4945.764	-9385.638
-5028.421	-8596.636
-5012.031	-8674.883
-4985.547	-8941.491
-4981.7227	-9005.6045
-4933.9395	-8898.371
-4949.5107	-8860.73
-4875.944	-9011.504
-4862.0283	-9037.208
-4825.6733	-9092.764
-4810.3623	-9123.619
-4782.7764	-9163.933
-4775.527	-9171.368
-4760.6523	-9184.184
-4756.4795	-9194.06
-4933.849	-9345.762
-4937.649	-9356.765
-5127.475	-7994.243
-5000.633	-8067.625
-10920.042	-3178.2178
-10802.711	-3365.6345
-10179.02	-4305.5464
-10009.329	-4555.615
-10583.328	-3750.7651
-10609.748	-3701.3633
-10563.428	-3828.5962
-10567.367	-3839.5134
-10596.692	-3869.0125
-10609.364	-3887.756
-10626.453	-3911.0537
-10631.689	-3917.592
-9463.325	-5331.276
-9338.553	-5507.9185
-8991.175	-6241.5073
-9024.124	-6254.5264
-8816.675	-6499.661
-8816.9795	-6490.585
-8872.939	-6447.143
-8890.214	-6436.7627
-8787.521	-6442.9897
-8796.746	-6453.201
-8933.619	-6374.6104
-8943.806	-6359.8496
-8993.358	-6302.478
-8982.182	-6283.681
-8824.698	-6278.315
-8798.831	-6279.1724
-8685.309	-6277.667
-8654.566	-6276.7134
-8754.646	-6388.5093
-8744.406	-6373.8125
-8691.128	-6314.9316
-8701.779	-6300.384
-8864.609	-6297.5225
-8891.986	-6297.0957
-9003.451	-6286.489
-9030.765	-6280.6274
-9515.636	-6761.395
-9537.351	-6780.213
-9586.931	-6822.3594
-9612.644	-6839.8794
-9643.841	-6910.371
-9649.205	-6920.2236
-9177.226	-6427.884
-9217.812	-6479.4263
-9372.249	-6637.4907
-9412.785	-6672.8296
-9299.204	-6655.2544
-9285.969	-6623.5015
-9322.9375	-6758.946
-9325.708	-6783.7964
-9334.041	-6842.2456
-9334.233	-6872.4707
-9346.294	-6916.0483
-9351.01	-6924.7695
-9369.649	-6934.1484
-9375.181	-6943.4824
-9641.944	-6874.536
-9646.768	-6883.352
-8882.605	-6048.5547
-8802.783	-6176.007
-12277.198	1072.0078
-12236.56	861.4618
-11991.597	-212.3993
-11923.239	-499.30963
-12176.709	436.57303
-12181.429	489.49747
-12191.659	359.1772
-12200.787	352.26303
-12244.238	335.7332
-12263.685	326.35516
-12290.607	313.6631
-12297.095	310.62558
-11697.065	-1403.8317
-11644.12	-1609.6365
-11563.106	-2354.0652
-11594.6455	-2342.8206
-11533.939	-2658.8015
-11528.295	-2653.1807
-11550.818	-2593.5605
-11559.86	-2576.3154
-11476.911	-2639.1477
-11490.432	-2640.4814
-11556.794	-2503.821
-11556.8955	-2485.5286
-11585.937	-2401.283
-11568.04	-2392.653
-11429.113	-2489.2935
-11406.292	-2508.1567
-11314.601	-2577.7295
-11291.395	-2594.834
-11429.924	-2607.1304
-11415.089	-2600.1538
-11339.594	-2599.4854
-11340.072	-2580.909
-11471.64	-2474.4055
-11494.309	-2457.329
-11587.422	-2380.6833
-11610.628	-2360.5803
-12173.563	-2531.7441
-12195.701	-2544.1868
-12240.083	-2581.3472
-12261.913	-2598.745
-12329.807	-2620.495
-12338.636	-2626.7927
-11790.23	-2369.8909
-11843.499	-2379.8696
-12019.824	-2456.3826
-12063.091	-2478.6953
-11998.279	-2377.2947
-11970.275	-2379.7886
-12081.906	-2352.9688
-12101.8955	-2346.715
-12156.937	-2344.5186
-12183.271	-2342.7178
-12222.68	-2330.5334
-12231.487	-2326.265
-12244.104	-2317.1604
-12254.811	-2316.5254
-12302.236	-2616.3
-12310.873	-2619.1458
-11415.722	-2284.2903
-11386.199	-2427.3875
-12083.301	5189.3135
-12115.646	4999.414
-12244.629	4008.5635
-12280.679	3742.1677
-12187.662	4629.774
-12176.743	4674.116
-12228.071	4580.242
-12240.31	4580.9673
-12279.775	4593.0186
-12300.233	4595.2705
-12328.832	4598.4946
-12336.155	4599.15
-12371.514	2898.9167
-12392.944	2705.6533
-12577.405	2065.623
-12603.14	2088.243
-12679.087	1788.3857
-12670.974	1790.085
-12667.085	1860.3906
-12667.7705	1878.5458
-12619.546	1783.7665
-12631.018	1788.2609
-12636.655	1938.6849
-12629.532	1953.968
-12621.87	2035.657
-12601.365	2033.5294
-12505.519	1887.2869
-12490.846	1862.97
-12428.376	1756.9484
-12411.022	1729.7946
-12555.011	1785.9523
-12538.757	1784.1141
-12459.847	1747.4607
-12452.568	1763.9387
-12538.027	1917.4895
-12553.268	1943.1528
-12606.554	2055.4453
-12619.239	2084.5554
-13179.111	2363.746
-13202.408	2375.8755
-13249.849	2406.1462
-13274.778	2420.7769
-13343.653	2421.6814
-13354.376	2423.0698
-12793.006	2168.6895
-12846.373	2188.1975
-13023.394	2281.1
-13064.879	2307.0864
-13011.737	2210.341
-12981.557	2207.842
-13103.66	2209.8303
-13127.347	2207.246
-13175.651	2206.5679
-13203.209	2210.1716
-13248.054	2204.6511
-13256.584	2201.3733
-13270.119	2182.202
-13279.088	2178.5798
-13316.142	2430.6357
-13325.804	2430.0784
-12416.81	2046.0991
-12439.275	1915.0884
-10446.741	8251.676
-10542.898	8124.3354
-11018.04	7443.4624
-11143.973	7258.957
-10742.002	7889.1426
-10716.37	7917.0806
-10796.686	7869.0674
-10807.771	7874.2466
-10836.506	7909.3184
-10854.743	7924.169
-10880.572	7945.398
-10887.446	7950.727
-11535.065	6665.883
-11623.333	6529.585
-12016.773	6141.4556
-12030.805	6175.139
-12207.289	5925.6777
-12200.425	5925.2295
-12174.179	5988.5195
-12169.295	6007.513
-12154.731	5902.536
-12164.885	5911.173
-12114.812	6053.8315
-12102.883	6064.7534
-12066.421	6134.262
-12048.661	6126.48
-12015.299	5961.128
-12010.249	5931.993
-11987.012	5818.3784
-11981.122	5788.6445
-12094.748	5886.5303
-12080.589	5880.1504
-12020.805	5821.4277
-12008.395	5834.5195
-12034.602	6002.435
-12038.56	6031.7686
-12045.447	6150.387
-12045.776	6179.626
-12370.404	6704.735
-12379.062	6729.7686
-12399.549	6782.5664
-12407.007	6812.36
-12455.545	6864.404
-12462.47	6871.171
-12172.802	6332.9536
-12212.203	6376.4595
-12306.147	6549.6094
-12327.074	6592.7188
-12351.133	6486.808
-12324.455	6468.5444
-12443.389	6541.921
-12466.64	6552.9707
-12518.815	6580.4517
-12541.402	6597.02
-12583.617	6615.4966
-12591.94	6619.24
-12615.677	6624.6055
-12627.038	6630.8896
-12426.641	6852.0264
-12433.387	6860.152
-11876.58	6032.085
-11943.308	5945.3135
-8080.4756	9217.607
-8201.023	9206.461
-8806.986	9096.833
-8970.116	9065.143
-8442.452	9213.788
-8410.358	9207.821
-8479.538	9258.89
-8481.868	9274.588
-8499.195	9319.3
-8506.591	9344.37
-8515.253	9374.791
-8516.873	9382.339
-9482.819	8952.075
-9598.817	8923.905
-10027.11	8978.994
-10025.168	9017.889
-10297.183	8946.487
-10288.635	8944.18
-10238.571	8966.676
-10224.844	8978.578
-10257.525	8880.105
-10264.23	8894.043
-10156.128	8989.198
-10138.33	8991.241
-10072.842	9011.98
-10059.81	8993.263
-10103.085	8834.266
-10111.497	8807.321
-10142.573	8692.0205
-10148.825	8661.273
-10211.232	8824.492
-10200.803	8808.46
-10170.72	8714.475
-10152.443	8717.05
-10100.053	8881.192
-10092.78	8907.828
-10055.101	9012.587
-10044.35	9037.579
-10074.784	9756.153
-10072.013	9785.549
-10069.695	9849.454
-10073.727	9880.055
-10056.787	9950.015
-10058.478	9960.716
-10069.092	9258.251
-10080.625	9324.64
-10079.119	9559.784
-10076.826	9616.767
-10140.017	9512.751
-10126.633	9480.471
-10186.965	9612.028
-10199.904	9634.994
-10227.1045	9686.7705
-10239.149	9716.576
-10265.947	9756.033
-10274.106	9761.928
-10287.933	9771.523
-10292.515	9781.424
-10065.961	9926.997
-10062.298	9935.431
-9976.653	8759.917
-10057.538	8753.128
-6286.2227	7677.6255
-6362.368	7785.3667
-6753.5884	8291.796
-6857.107	8425.418
-6507.7837	8018.2397
-6491.0483	7985.2007
-6513.201	8078.3486
-6507.823	8089.2383
-6504.217	8136.165
-6500.386	8159.546
-6495.7847	8190.1924
-6494.89	8197.617
-7181.8687	8837.022
-7257.323	8929.533
-7436.9	9408.353
-7411.5576	9435.891
-7619.5503	9612.016
-7615.3047	9602.573
-7571.9707	9571.368
-7554.8027	9566.4375
-7641.942	9528.18
-7637.9663	9542.223
-7505.7876	9516.7705
-7494.364	9504.768
-7445.4146	9469.078
-7447.5444	9444.322
-7562.8584	9359.848
-7583.49	9347.111
-7676.2715	9284.648
-7698.305	9266.113
-7643.481	9445.183
-7645.7847	9423.116
-7677.554	9320.88
-7665.248	9308.213
-7541.5645	9395.87
-7521.0923	9410.921
-7430.552	9449.574
-7407.83	9458.208
-6979.089	10083.501
-6959.9663	10106.684
-6918.842	10160.404
-6902.293	10190.112
-6837.34	10231.722
-6827.1846	10237.181
-7291.35	9664.122
-7257.136	9728.194
-7107.1665	9921.863
-7068.728	9967.36
-7180.347	9926.314
-7190.6865	9890.24
-7162.4473	10038.184
-7158.0586	10065.991
-7141.387	10125.1045
-7132.755	10155.186
-7130.0254	10203.504
-7130.2544	10213.766
-7132.198	10235.765
-7128.2407	10247.422
-6866.925	10224.98
-6858.23	10229.861
-7546.092	9171.571
-7589.6704	9248.362
-5214.446	4957.589
-5259.7437	5100.488
-5487.9873	5806.731
-5547.5513	5994.73
-5354.979	5390.2764
-5343.4478	5352.97
-5374.025	5454.4546
-5376.207	5464.513
-5372.087	5504.9404
-5372.1055	5524.111
-5371.997	5551.5186
-5371.9478	5559.2803
-5737.11	6582.139
-5779.8066	6715.6084
-5820.5513	7232.999
-5793.5425	7233.7266
-5908.259	7517.417
-5907.349	7508.931
-5878.6865	7458.644
-5865.6724	7444.3657
-5950.511	7472.8315
-5942.2266	7479.338
-5842.8594	7376.062
-5835.913	7358.8926
-5810.5464	7285.366
-5823.056	7268.1416
-5941.797	7291.985
-5961.591	7297.343
-6027.268	7331.479
-6044.876	7338.359
-5978.873	7423.4644
-5986.9688	7409.1416
-6021.6426	7362.895
-6015.1025	7344.8496
-5906.9487	7303.832
-5887.0903	7296.887
-5809.0947	7258.9233
-5788.7803	7247.7554
-5310.9126	7568.765
-5292.805	7587.2573
-5252.4546	7629.5703
-5235.185	7653.285
-5169.984	7677.657
-5160.5425	7681.0596
-5624.98	7306.697
-5577.617	7327.932
-5431.6963	7451.9136
-5397.5225	7483.4946
-5430.64	7363.422
-5457.81	7360.178
-5346.808	7353.3633
-5325.5176	7349.6357
-5275.8315	7352.39
-5250.22	7353.1787
-5211.7773	7344.038
-5202.5215	7339.432
-5189.6235	7333.182
-5179.905	7333.8774
-5199.92	7679.2153
-5191.0225	7682.3164
-5949.454	7144.1685
-5970.311	7237.659
-3452.53	2057.1765
-3554.465	2201.1167
-4059.4514	2909.9907
-4192.0474	3098.6558
-3771.6267	2494.364
-3743.8997	2456.6826
-3816.1482	2556.8535
-3823.098	2566.7744
-3867.7593	2581.506
-3887.2676	2589.8616
-3913.4082	2602.068
-3920.6506	2605.234
-4608.661	3686.3281
-4702.4053	3819.8735
-5129.1226	4242.296
-5145.754	4220.879
-5298.805	4487.028
-5293.652	4480.9595
-5266.17	4425.4546
-5261.929	4406.7285
-5236.621	4500.918
-5247.9233	4495.778
-5221.6274	4345.7847
-5212.1123	4330.797
-5176.77	4268.4473
-5156.5737	4268.65
-5104.7524	4383.368
-5098.6123	4404.46
-5078.9478	4485.104
-5072.3315	4504.402
-5183.3	4495.0137
-5167.003	4494.0425
-5113.634	4495.848
-5104.8677	4480.59
-5135.177	4360.477
-5139.732	4339.441
-5165.8335	4254.2803
-5171.317	4229.8813
-5727.0513	4132.8867
-5752.37	4135.301
-5809.342	4126.458
-5836.204	4123.096
-5895.106	4151.8975
-5904.425	4155.7295
-5328.67	4158.055
-5379.933	4140.2266
-5565.928	4123.518
-5612.326	4124.684
-5518.4634	4054.0964
-5494.297	4070.5142
-5592.1714	3986.0083
-5608.84	3968.572
-5648.231	3927.5588
-5665.1353	3904.678
-5697.1304	3880.1917
-5705.9536	3877.401
-5723.681	3869.431
-5730.8706	3860.803
-5876.929	4130.846
-5884.3364	4135.3057
-4968.811	4281.6606
-5039.7285	4369.065
-501.77576	-1093.1921
-654.27545	-936.28375
-1446.3505	-150.86449
-1657.6846	59.572815
-953.4445	-621.43677
-918.108	-661.1392
-997.6102	-552.8755
-999.9989	-543.2836
-986.12115	-506.41638
-983.6083	-484.9191
-980.7304	-457.9275
-979.535	-451.07404
-2330.5034	714.1818
-2483.3079	863.39325
-3115.9104	1354.1067
-3128.5818	1334.5026
-3341.2163	1575.3384
-3333.3818	1570.8533
-3292.052	1521.0333
-3282.341	1502.425
-3285.5332	1594.8643
-3296.0815	1588.7546
-3230.9248	1445.7593
-3218.1436	1432.0403
-3166.9019	1375.9678
-3148.4827	1380.0535
-3130.0315	1495.5803
-3129.5078	1516.2522
-3141.016	1587.5729
-3142.6428	1606.0902
-3233.159	1592.9229
-3217.592	1592.8224
-3171.2876	1594.7759
-3158.5298	1580.5758
-3154.8296	1469.7781
-3155.043	1451.6177
-3146.2434	1364.0537
-3143.8687	1342.9373
-3677.4805	1123.2172
-3699.3533	1113.235
-3752.7073	1093.2382
-3777.0176	1080.3354
-3844.9143	1085.2388
-3855.6672	1084.745
-3303.6	1278.4176
-3355.5767	1265.3099
-3531.3108	1193.4213
-3571.1826	1173.0394
-3526.0854	1267.9698
-3496.952	1265.9067
-3623.4888	1291.5366
-3647.919	1298.5284
-3705.564	1302.3619
-3734.1843	1304.9159
-3774.6765	1319.5398
-3784.232	1325.3131
-3802.8936	1337.0542
-3816.5925	1340.6556
-3819.2136	1074.526
-3829.0044	1076.5118
-2943.971	1366.1094
-3054.6677	1465.7572
2836.203	-4676.397
2680.4023	-4499.9053
1857.1248	-3590.3345
1636.435	-3344.912
2374.9321	-4157.93
2411.4846	-4199.869
2348.2085	-4095.415
2353.317	-4088.8472
2371.954	-4052.0605
2383.9883	-4037.9155
2400.9385	-4017.4478
2405.8984	-4011.2583
936.4675	-2571.5771
775.89545	-2395.1829
235.60452	-1720.6814
256.33752	-1719.1409
68.21001	-1473.3816
74.80579	-1479.2267
113.99123	-1537.4633
129.3193	-1550.7404
30.615911	-1514.9104
42.7241	-1511.6184
160.9966	-1610.6058
168.43103	-1622.8851
221.43633	-1673.5037
210.6397	-1687.894
76.68373	-1661.8115
53.467144	-1654.0703
-16.100847	-1597.2705
-34.11048	-1584.0037
21.36022	-1553.6953
15.6659975	-1564.765
-11.912059	-1579.3506
-1.9220033	-1594.0483
117.58207	-1653.6794
139.27834	-1663.5162
226.2636	-1692.3899
250.71693	-1700.1886
413.7573	-1221.7086
420.09726	-1200.5
439.74692	-1152.1486
449.12686	-1129.3363
432.40598	-1066.2389
430.11554	-1056.8115
301.40356	-1561.6125
311.52155	-1515.356
370.56833	-1360.0778
385.83755	-1323.9713
299.246	-1367.4469
304.61578	-1394.804
269.1979	-1276.6896
259.83298	-1255.9446
227.67859	-1212.3501
211.56154	-1188.5105
198.15633	-1146.328
196.31496	-1137.2422
203.60936	-1115.433
200.83235	-1103.9149
450.58444	-1087.6188
447.89322	-1079.3629
230.16872	-1836.1117
119.91652	-1715.0283
5298.8535	-8116.9365
5193.512	-7962.091
4645.572	-7138.8994
4497.0728	-6918.1987
4994.5146	-7658.0327
5019.3774	-7694.413
4989.712	-7605.108
4999.162	-7601.6216
5036.1753	-7592.9263
5054.1353	-7592.631
5081.8486	-7592.1494
5089.2217	-7592.108
4016.0278	-6210.9053
3906.6023	-6049.4854
3617.7405	-5493.7134
3648.931	-5510.1294
3579.753	-5203.571
3573.4338	-5209.5063
3597.6936	-5275.5264
3605.9312	-5292.2505
3520.0393	-5223.9375
3534.4155	-5223.454
3611.3352	-5362.6562
3612.3943	-5380.276
3636.9668	-5455.33
3618.5188	-5459.41
3466.3982	-5349.2046
3440.9463	-5329.53
3346.1958	-5244.1357
3321.6477	-5224.306
3461.8071	-5235.828
3443.8506	-5238.6255
3367.8694	-5234.786
3368.5522	-5253.366
3507.9883	-5373.875
3531.7644	-5392.885
3630.9187	-5477.6377
3656.0627	-5498.891
4121.0317	-5719.813
4137.2925	-5734.2544
4187.595	-5750.0337
4213.643	-5759.008
4257.545	-5803.213
4266.812	-5808.1084
3821.927	-5554.898
3868.3525	-5567.009
4009.5115	-5638.349
4041.9163	-5660.389
4019.441	-5560.116
3992.3152	-5562.7944
4116.247	-5546.909
4139.226	-5541.4053
4189.6313	-5520.792
4216.1787	-5511.141
4257.6694	-5506.875
4268.073	-5507.9785
4286.379	-5507.57
4296.818	-5503.7393
4244.6177	-5780.6387
4250.2847	-5788.3633
3514.9106	-5495.824
3444.8079	-5386.3813
7258.6226	-10570.801
7164.0986	-10482.455
6692.459	-9959.647
6567.3955	-9817.028
6965.903	-10332.228
6992.594	-10346.685
6920.947	-10353.015
6914.4062	-10366.941
6886.3555	-10412.768
6875.368	-10437.668
6860.6245	-10469.836
6857.1763	-10477.243
6167.657	-9342.213
6077.803	-9230.511
5848.43	-8883.868
5872.896	-8905.416
5843.558	-8638.569
5841.222	-8645.38
5848.4927	-8695.49
5856.779	-8711.376
5782.501	-8634.439
5795.1733	-8637.578
5849.299	-8773.4795
5848.6567	-8786.888
5868.806	-8858.238
5851.675	-8860.759
5730.938	-8746.66
5710.2446	-8724.578
5645.668	-8625.638
5629.6553	-8601.444
5733.913	-8636.666
5719.098	-8635.884
5664.1616	-8618.52
5665.392	-8634.826
5769.498	-8766.908
5788.1777	-8788.059
5868.283	-8873.37
5887.6074	-8895.662
6326.8784	-9102.861
6347.08	-9105.975
6402.97	-9101.577
6427.526	-9100.942
6487.018	-9122.733
6496.9424	-9122.264
6013.396	-8994.625
6049.49	-9021.6
6193.4453	-9072.771
6229.2725	-9080.695
6135.4966	-9139.659
6121.5894	-9116.685
6174.4365	-9219.593
6182.203	-9240.544
6202.5376	-9288.046
6209.64	-9312.825
6231.954	-9344.17
6238.4707	-9352.082
6249.373	-9364.291
6251.7554	-9374.86
6464.5	-9112.452
6473.565	-9114.447
5773.408	-8813.227
5720.2593	-8740.534
9174.066	-9689.846
9083.284	-9793.237
8623.272	-10211.36
8499.897	-10319.178
8916.805	-10038.033
8935.898	-9999.679
8899.767	-10122.944
8901.959	-10140.415
8920.698	-10198.13
8928.711	-10229.221
8938.772	-10266.47
8940.765	-10275.115
8109.385	-10633.143
8019.514	-10701.71
7714.8594	-11149.58
7725.415	-11192.847
7489.764	-11259.307
7495.7876	-11254.916
7541.806	-11251.373
7557.582	-11256.545
7502.654	-11173.1875
7500.44	-11189.681
7611.6895	-11224.668
7624.8765	-11216.7
7684.1016	-11210.636
7689.5874	-11184.586
7628.527	-11044.818
7617.1714	-11019.21
7564.2207	-10897.262
7552.9663	-10864.079
7534.0166	-11086.412
7540.068	-11062.678
7551.703	-10934.242
7568.9707	-10927.12
7639.172	-11087.809
7649.547	-11114.485
7703.8403	-11195.286
7718.182	-11213.051
7820.1177	-12045.256
7828.0337	-12076.061
7843.644	-12146.564
7854.7583	-12179.212
7863.6714	-12266.934
7867.787	-12278.831
7727.2007	-11486.804
7729.382	-11570.134
7773.883	-11832.329
7787.665	-11894.483
7706.0615	-11815.098
7712.147	-11771.962
7667.581	-11941.479
7657.707	-11969.958
7645.7397	-12040.27
7640.6265	-12075.936
7621.9844	-12125.995
7615.2124	-12134.996
7595.2993	-12141.81
7588.3906	-12150.888
7863.148	-12232.237
7863.429	-12242.575
7708.1494	-10831.161
7647.7295	-10895.977
10816.311	-6649.427
10740.391	-6811.205
10346.507	-7618.704
10242.854	-7834.2856
10587.951	-7140.0024
10606.632	-7097.3774
10571.497	-7210.297
10573.053	-7221.821
10569.694	-7259.786
10572.532	-7281.8657
10577.321	-7310.9634
10579.591	-7318.7383
9908.683	-8510.352
9832.41	-8663.147
9540.3125	-9237.368
9549.725	-9236.875
9742.478	-9514.8955
9737.342	-9508.996
9712.614	-9453.064
9709.764	-9434.817
9665.441	-9502.941
9680.771	-9504.366
9660.558	-9367.005
9647.771	-9351.434
9582.04	-9295.448
9559.997	-9289.525
9520.368	-9334.506
9515.724	-9344.438
9473.802	-9364.366
9458.032	-9367.932
9598.315	-9466.352
9579.656	-9457.497
9502.412	-9405.447
9491.326	-9387.289
9548.563	-9345.849
9559.572	-9336.895
9553.218	-9283.322
9549.974	-9268.143
9265.881	-9643.111
9258.551	-9663.869
9243.085	-9716.604
9231.285	-9740.09
9223.163	-9812.382
9218.998	-9822.691
9432.72	-9332.513
9393.939	-9361.243
9319.269	-9508.341
9304.106	-9546.055
9264.397	-9425.263
9289.456	-9416.372
9183.993	-9444.45
9161.955	-9446.644
9106.626	-9454.69
9081.0625	-9461.572
9038.125	-9462.728
9027.7295	-9461.502
9009.901	-9445.706
8999.46	-9443.106
9222.475	-9781.613
9222.331	-9791.468
9570.546	-9140.724
9511.059	-9248.568
12058.88	-3190.7534
12005.218	-3353.8196
11727.265	-4206.012
11653.063	-4433.5415
11897.621	-3675.1843
11909.823	-3635.039
11894.451	-3728.721
11901.49	-3734.527
11909.3545	-3768.1108
11919.195	-3781.528
11935.043	-3798.4268
11940.291	-3803.8843
11411.621	-5155.261
11357.954	-5320.2515
11239.268	-5901.8506
11257.44	-5886.3457
10946.107	-5961.3765
10954.678	-5961.6597
11020.188	-5948.612
11039.272	-5939.328
10977.196	-6013.7397
10973.133	-6001.8975
11118.378	-5943.849
11137.019	-5943.3477
11219.957	-5919.274
11232.699	-5936.4087
11156.479	-6057.4395
11142.742	-6076.0513
11073.991	-6133.0356
11060.631	-6149.25
11022.122	-6050.616
11033.45	-6062.9844
11049.43	-6118.583
11068.0	-6116.677
11159.782	-6018.167
11174.114	-6001.333
11247.032	-5921.2695
11268.079	-5901.005
11706.586	-5791.1426
11725.679	-5783.4116
11766.526	-5753.205
11785.538	-5739.393
11848.309	-5742.6226
11857.799	-5742.485
11400.295	-5873.258
11442.259	-5873.154
11581.661	-5836.728
11615.32	-5822.93
11569.59	-5916.3716
11546.327	-5907.613
11648.987	-5952.1836
11667.083	-5963.081
11703.421	-5996.646
11720.642	-6012.4126
11757.068	-6029.078
11765.521	-6032.286
11787.671	-6024.5137
11797.16	-6026.6387
11821.534	-5731.8696
11829.013	-5730.6504
11157.496	-5876.0786
11128.298	-5993.9517
12789.769	-277.53275
12761.387	-401.24048
12610.699	-1067.7072
12571.084	-1248.9135
12710.81	-638.2482
12717.174	-608.6102
12725.803	-660.02606
12734.324	-653.5248
12769.46	-637.0631
12786.3	-624.0569
12806.571	-604.78284
12811.617	-599.7901
12433.95	-1837.0476
12403.552	-1971.7708
12374.035	-2394.542
12393.447	-2372.5269
12428.925	-2666.697
12422.723	-2665.9536
12428.743	-2598.2412
12432.164	-2578.8384
12381.044	-2664.223
12392.425	-2662.174
12410.273	-2518.299
12405.69	-2503.225
12408.7	-2427.358
12392.86	-2426.9067
12305.103	-2554.2083
12291.682	-2575.1108
12243.901	-2664.9763
12229.327	-2684.3982
12328.788	-2647.7268
12313.555	-2645.5234
12256.792	-2668.278
12249.644	-2649.0337
12315.654	-2513.9006
12329.06	-2491.1108
12389.45	-2400.2043
12403.688	-2376.272
12863.793	-2170.3337
12886.849	-2165.668
12930.035	-2141.6436
12952.891	-2131.3533
13026.45	-2124.9402
13036.513	-2120.3284
12530.605	-2279.0723
12567.401	-2253.2727
12722.199	-2204.4126
12762.088	-2195.0713
12657.038	-2153.2253
12643.896	-2173.5
12695.974	-2082.353
12703.946	-2063.5005
12722.74	-2014.8182
12734.751	-1993.8651
12741.7705	-1954.9553
12741.712	-1945.647
12744.907	-1926.9941
12749.661	-1917.2946
12995.462	-2124.5103
13003.6875	-2125.189
12287.314	-2446.5706
12272.935	-2536.3406
12614.074	755.9828
12620.071	750.13776
12692.003	645.19415
12714.104	606.0103
12606.906	822.213
12612.612	806.07245
12584.446	892.9109
12575.526	914.2235
12550.573	963.6805
12538.962	993.4751
12525.627	1029.248
12522.365	1037.9478
12797.459	461.4347
12818.146	424.9719
12976.16	445.98758
12993.835	481.926
13158.428	301.09146
13150.186	299.95334
13125.4	345.19247
13120.541	361.53415
13095.46	263.06482
13107.559	273.0594
13070.094	399.72562
13056.856	408.75507
13021.812	454.26538
12999.657	446.38855
12939.435	297.8184
12930.703	271.90988
12889.388	159.26001
12878.472	128.94093
13027.107	236.25523
13008.981	227.39595
12928.025	161.27283
12914.531	172.03008
12968.749	332.00897
12978.226	358.20718
13008.212	462.49326
13012.959	489.01312
13238.862	1171.232
13244.603	1199.7487
13261.59	1263.1312
13272.986	1293.7715
13270.8125	1370.9634
13269.949	1381.1547
13100.77	700.80005
13130.782	762.2693
13192.911	981.8462
13205.007	1035.8643
13246.014	927.957
13224.04	900.6978
13315.264	1013.62744
13333.396	1032.1576
13374.442	1075.2562
13392.81	1098.4144
13429.057	1127.0278
13438.627	1131.0895
13452.844	1140.2894
13459.095	1149.489
13281.712	1342.441
13282.973	1353.5952
12864.145	236.35251
12888.017	225.08939
