-162.63347	-7386.957
-16.209002	-7793.6753
4434.1284	-1817.4037
-2268.1174	-1356.9999
-2480.5146	-1116.126
-3204.9414	-1022.4741
-3202.6814	-1028.2601
-3196.565	-1021.82764
-3173.9128	-1010.5005
-3150.3994	-1024.4906
-3192.9043	-1033.8737
-2465.8215	-1131.4313
-2474.287	-1137.8898
-2364.537	-1167.2216
-2464.0518	-1138.6487
-2355.168	-1161.952
-2360.465	-1158.6813
-2421.5579	-1198.9094
-2370.5017	-1221.6855
-2338.4111	-1265.9352
-2502.7107	-1061.1035
-3655.0667	-496.17917
-4450.3623	-737.2417
-4287.7026	-735.5916
-2707.1733	-1089.2369
-3100.7332	-1114.1129
-2477.5068	-1053.72
-3283.7356	-850.6115
-2350.6885	-1180.6327
-2940.797	-1196.742
-2801.9146	-1109.8746
-2793.642	-1139.9086
-2554.4028	-1448.6967
-2555.066	-1439.6593
-2438.7134	-1516.6351
-2534.4055	-1390.053
-2536.674	-1400.15
-2525.0322	-1393.0181
-2528.6953	-1399.4474
-2790.4875	-1242.8151
-2784.6604	-1055.1567
-3022.9502	-984.8163
-3124.1694	-1150.66
-2602.1733	-1389.6869
-2608.9033	-1392.3024
-2310.677	-1492.3883
-2608.4856	-1383.7264
-3045.9153	-1143.2155
-3591.5051	-406.45114
-3127.2253	-1034.5801
-2517.33	-1083.0326
-2250.1843	-1332.836
-4380.667	-776.0182
-2222.924	-1243.8192
-2310.273	-1347.0697
-2198.111	-1372.494
-3494.72	-709.7159
-2742.0806	-1075.7246
-2716.294	-1102.7118
-2689.9734	-1130.8165
-3186.0254	-994.6795
-2733.3223	-1135.6326
-1772.4238	-2278.3125
-1761.5247	-2280.3154
-1767.3397	-2280.5833
-1945.0415	-1878.3756
-2647.7349	-1257.0983
-1762.8746	-2271.5588
-1940.0692	-1870.5531
-2649.6528	-1249.6252
-2986.822	-1401.6229
-4621.2188	-887.8215
-4559.434	-840.0011
-3282.5137	-838.5429
-3111.4214	-1076.8259
-2982.5894	-1348.6567
-2997.8958	-1290.4781
-2123.4207	-1346.0992
-2091.9976	-1402.0719
-2068.5	-1458.1978
-3569.9106	-666.03357
-3425.6353	-756.0552
-2603.978	-1137.8456
-4320.8154	-712.4552
-3398.911	-612.8772
-2989.121	-1376.8955
-2270.8545	-1377.5813
-2277.8474	-1355.9806
-2267.9336	-1388.802
-2273.836	-1364.3308
-4584.4717	-813.8303
-2993.7415	-1139.66
-3159.0994	-1108.077
-3150.3188	-1101.6473
-3375.414	-1048.0728
-2281.1108	-1298.6086
-2672.7444	-1346.1538
-3275.0115	-845.4861
-3430.4453	-498.52084
-3353.2988	-673.50433
-3019.0078	-1179.47
-2910.7102	-1214.103
-2541.0212	-1149.3507
-2868.796	-1086.4811
-1851.0868	-1957.9242
-3002.4392	-1166.926
-2337.032	-1332.861
-3362.288	-616.3496
-2167.565	-1292.3469
-2989.0596	-1366.5077
-2282.1848	-1315.1373
-4649.959	-916.2192
-4672.7915	-947.78485
-3206.3784	-936.9793
-3201.7083	-944.5739
-3513.8223	-492.2047
-3521.6855	-496.29398
-3513.3313	-500.74026
-2222.0266	-1341.4148
-2494.2036	-1098.3584
-2972.0627	-1205.0347
-2971.5105	-1198.4427
-2969.4722	-1184.4757
-2629.1296	-1115.8958
-3231.5852	-952.91486
-3974.8982	-791.5652
-3988.4714	-795.79456
-3981.9893	-794.1508
-3979.6943	-785.5585
-2356.8408	-1200.1008
-3095.8042	-1109.941
-4193.747	-699.83984
-3717.4697	-578.12683
-3029.5068	-972.4553
-3193.136	-884.10913
-2674.578	-1107.9182
-2962.422	-1400.5793
-2960.904	-1130.6237
-3040.2903	-1118.6392
-2915.2495	-1205.1985
-2631.3804	-1399.342
-2533.8345	-1463.0221
-3027.5693	-1026.5183
-2312.993	-1293.441
-2532.5745	-1111.1367
-2646.6267	-1130.3789
-2288.4253	-1203.1201
-2256.387	-1316.0272
-2195.815	-1384.8414
-3001.6802	-1129.2422
-3213.5676	-819.0586
-2189.0383	-1385.9899
-2620.7878	-1159.1699
-2663.514	-1161.4364
-2729.0881	-1152.5012
-2697.8306	-1149.3882
-2566.8083	-1247.3962
-2610.5251	-1159.5886
-2658.38	-1167.7081
-2340.861	-1176.8658
-2487.6816	-1069.5992
-3104.4795	-1206.093
-3090.7498	-1191.9635
-3097.3523	-1198.4298
-3111.3757	-1213.2198
-2478.1702	-1042.9528
-2763.1814	-1062.7196
-2966.3713	-1345.0792
-2941.247	-1342.2444
-2973.6443	-1308.2217
-2987.149	-1249.99
-2260.231	-1345.0403
-2644.7625	-1139.6545
-2857.3857	-1126.2783
-2203.8918	-1354.4604
-2489.1863	-1046.2449
-2475.009	-1248.8004
-2364.082	-1313.7139
-2590.2263	-1179.5891
-2466.9421	-1249.6113
-3011.484	-1057.5105
-2004.9558	-1590.5848
-2013.6259	-1599.2238
-2014.2467	-1591.3687
-2945.518	-1351.1625
-2957.4229	-1187.3646
-2908.4915	-1347.7231
-3190.2368	-975.374
-2776.753	-1138.2087
-2477.764	-1176.1272
-3028.269	-1205.4926
-2349.8962	-1293.0314
-2455.809	-1272.2024
-2558.3599	-1100.3759
-2275.512	-1340.5555
-2506.027	-1088.3862
-2238.1045	-1366.7148
-2198.46	-1397.0966
-2310.2144	-1315.7015
-2103.9673	-1495.7449
-2243.8455	-1361.9436
-2908.6248	-1135.0665
-3108.357	-1120.3601
-2276.5046	-1326.5864
-3191.8184	-957.896
-2996.9832	-969.7307
-3409.4214	-766.1451
-3208.8103	-980.65344
-3192.91	-997.51105
-3040.044	-1208.0059
-3039.948	-1218.8835
-3045.8765	-1217.5514
-3048.6821	-1211.559
-4687.7803	-895.67664
-4654.3228	-901.406
-2777.941	-1284.1088
-2684.535	-1074.9458
-2688.6768	-1086.5404
-2979.121	-1425.697
-2655.3398	-1201.7633
-2658.8413	-1194.8442
-2947.2615	-1028.2694
-2952.4526	-1390.6912
-2977.026	-1414.374
-2717.9016	-1242.2091
-2932.6785	-1379.808
-2945.3154	-1370.1233
-2841.559	-1318.6567
-2954.6946	-1378.6704
-2917.9062	-1369.6293
-4471.73	-810.774
-2705.2827	-1079.9321
-3027.8254	-1012.10406
-3027.07	-1017.1275
-3990.8271	-786.8119
-3110.3088	-924.9074
-3108.891	-918.1877
8075.92	-2268.2444
8598.916	-1835.2792
8515.388	-1809.2804
8947.945	-1339.0745
8808.818	-1292.297
8708.403	-1765.3337
8913.36	-1662.4316
8825.073	-1518.307
8843.263	-1550.2449
8818.689	-1512.9493
8813.871	-1383.5715
8783.523	-1378.213
8804.89	-1383.2207
8539.823	-2979.295
8441.368	-2771.3906
8555.512	-2749.4973
8681.651	-1338.8156
8619.472	-1325.9855
8882.359	-1471.0511
8856.676	-1477.7369
8755.41	-1464.3302
8872.499	-1473.9379
9168.662	-1458.0076
9130.21	-1461.7125
9030.353	-1470.0211
9104.361	-4225.899
9169.394	-1432.0746
9440.361	-1964.5144
9185.207	-1479.7744
9161.562	-1474.9188
9120.703	-1778.3973
9109.405	-1770.0701
9047.322	-1754.9534
9045.663	-1749.8599
9059.464	-1764.3611
9040.576	-1754.9918
9038.012	-1744.5701
9051.797	-1749.4972
9095.202	-1385.325
8696.226	-1725.1201
8851.044	-1610.6385
8766.428	-1340.3439
8773.088	-1370.7712
9164.765	-1433.0098
8750.27	-1321.22
8705.767	-1271.4685
8701.981	-1281.1871
8431.593	-1104.3782
9104.359	-1382.8258
9125.08	-1425.8439
7677.49	-1593.1244
8493.043	-2878.1492
7671.564	-1586.6597
9021.4795	-1719.824
9013.393	-1715.2128
8822.915	-1615.5997
9471.955	-1967.3442
8761.862	-1323.3201
8750.04	-1294.8434
9438.321	-1951.6444
8817.924	-1606.1532
8744.707	-1536.1039
9462.817	-1962.257
8786.015	-1328.2698
8772.1045	-1330.2616
8559.128	-1594.9027
8723.853	-1360.8643
8726.026	-1353.6193
8617.392	-1377.2286
8561.48	-1602.3416
9430.023	-1957.594
8709.059	-1881.2317
8885.238	-1480.4744
8903.206	-1472.6
8779.816	-1363.594
8765.76	-1351.0114
8665.693	-1705.5405
8626.491	-1674.462
8554.837	-1583.0193
7102.3066	-1199.5692
7702.8457	-1751.3516
8619.231	-3155.9265
8823.261	-3614.211
9023.447	-4067.4338
8531.432	-2964.9614
9435.233	-1969.0024
9047.885	-1727.3527
9036.343	-1728.6055
8673.625	-1715.5244
8519.39	-1831.288
8517.357	-1840.73
8731.825	-1406.4756
8782.484	-1465.3988
9413.717	-1941.7218
8670.829	-1820.6359
8635.896	-1831.1885
9151.517	-1433.8969
8867.245	-1632.6737
7925.084	-1779.4846
8387.928	-1982.9967
7933.414	-1790.8538
7938.3896	-1797.825
9399.893	-1935.1
9312.588	-1885.521
8719.345	-1741.4917
8770.619	-1677.3597
8975.365	-1472.9044
8969.446	-1472.3663
9216.044	-1830.5356
9141.927	-1407.9362
9139.472	-1401.4009
9211.383	-1477.4327
9197.072	-1473.1184
9077.367	-1389.2034
9130.133	-1407.7451
8683.274	-1842.2788
8644.183	-1855.0305
8689.623	-1783.5674
8657.879	-1733.4117
8792.561	-1472.3759
8714.933	-1890.228
8955.075	-1691.3422
8817.414	-1420.7261
8949.833	-1683.6881
8975.447	-1692.7489
8818.861	-1283.9198
8821.829	-1290.414
8783.759	-1288.1102
8758.278	-1281.8368
8559.4375	-3020.2102
8874.145	-1483.7324
9190.35	-1465.7637
8575.327	-3054.892
8854.504	-1567.2441
9068.522	-1772.6465
8875.386	-1640.6022
8691.588	-1848.018
8867.14	-1586.5299
8446.815	-2780.4214
8798.673	-1476.6975
8857.191	-1581.8136
8524.491	-1839.4366
9421.178	-1944.8286
8840.275	-1448.7985
9181.019	-1458.6257
1908.0288	-617.2182
1722.7778	-689.81226
1766.4019	-994.21136
1773.914	-999.5951
1776.3483	-990.6699
2642.8516	186.86226
2070.8184	-1339.3812
2987.34	454.34454
2994.34	456.00635
3099.9119	496.8435
1568.4961	-1211.2583
2964.1943	442.23038
1805.8495	-1304.6338
1730.0072	-1597.2849
1736.0487	-1589.5304
1731.3685	-1605.9963
1738.7822	-1600.2509
1722.1013	-1601.8843
3652.997	796.435
3662.1782	795.0076
3659.7754	786.0687
3109.5032	575.12506
3109.764	567.27075
3105.007	531.40137
1915.4388	-1242.2079
1907.8906	-1241.6195
3097.5476	566.49603
4052.4382	975.89453
4058.1375	979.8383
3407.1921	1602.4427
2243.7617	-195.66615
2316.5745	-68.38727
2237.6902	-190.24873
2515.5698	80.660095
2517.548	87.95538
1812.1029	-1142.3688
1827.9528	-1229.6218
1804.9513	-1081.5504
1814.6653	-1150.0535
3969.581	1463.6879
2821.341	320.04468
2411.4688	25.848417
2392.0522	58.2595
1745.5524	-225.33006
1701.6498	801.9462
2170.452	-285.09897
1880.9327	-705.2765
2650.1118	184.65672
3208.4265	676.1316
3276.7344	663.709
3201.3877	677.7735
4095.5747	720.37085
4102.3423	719.92017
3345.7727	651.50867
1990.0049	-1290.2228
3506.412	1135.4851
3711.5862	1131.2068
2744.8813	270.43762
2751.42	270.2989
2855.7314	356.3729
2380.3647	-34.448803
2462.6687	53.275036
1840.7794	-806.71313
1826.883	-851.2644
1677.5164	-707.8286
1884.4888	-1201.9778
1877.6923	-1204.9174
2434.3193	1.7460996
1857.581	-1198.758
2206.7827	-240.23085
1859.2523	-1188.139
1937.5184	-590.6031
1993.3993	-511.8721
1869.5786	-1232.7417
3047.814	516.7159
4093.9155	704.4324
2135.7231	-330.58786
3076.421	541.7566
4097.6855	710.6699
2075.692	-405.8965
1867.5973	-1185.7023
2379.8286	-55.26447
1874.4333	-1219.573
2850.149	357.05893
1874.506	-1192.1248
2352.6375	-76.46388
2514.734	67.49406
1908.8134	-648.038
3348.433	905.7581
3355.3662	905.78503
3455.3718	1368.955
-4672.692	-379.31354
-4392.769	-635.881
-4847.627	-824.5881
-4839.58	-822.89215
-4785.1797	-736.73676
-4763.765	-636.68646
-4775.916	-750.87665
-4723.798	-420.26614
-4820.171	-867.553
-5283.6377	-1114.5109
-4888.8804	-891.6345
-4835.778	-849.3789
-4842.2686	-866.70526
-4741.2466	-429.2938
6724.5396	1549.5244
-4829.116	-860.63904
-5042.8345	4721.9907
-4734.388	-425.70007
-4771.4746	-782.87146
-4721.028	-789.63617
-4834.195	-874.7919
-4782.0864	-870.7325
-4744.7095	-867.2435
-4804.368	-817.18384
-4813.0547	-792.72156
-4718.461	-884.36206
-4237.3247	465.9202
-4230.496	471.2146
-4516.4185	749.0508
-4512.8057	754.7473
-4508.2993	746.97144
-4311.3003	603.3119
-4166.1816	538.28174
-4171.687	530.03143
-4156.881	521.35956
-4115.7725	535.4638
-4115.6406	491.82004
-4278.2627	581.1916
-4280.726	591.5554
-4271.436	589.59204
-3591.069	-144.36555
-300.8367	-2160.0232
-321.34198	-2152.5425
-312.11554	-2142.9668
-482.1628	-1804.1647
-306.31537	-2156.186
-313.26764	-2151.1501
-3554.8516	-202.42033
-3762.8567	-82.54491
-4454.053	730.53253
-4464.0557	757.78955
-4472.142	752.57983
-4185.258	713.7332
-4184.359	723.6687
-4474.5273	776.6124
-4476.7783	787.96954
-4483.053	771.4702
-4491.685	779.2792
-4365.1494	659.7422
-4234.5234	491.0115
-4274.709	571.84674
-4271.03	703.4025
-4293.0093	719.7274
-4294.7383	733.06384
-4289.02	579.78436
-4121.8164	461.80594
-4026.0676	337.31302
-4031.633	339.55316
-4192.319	510.9874
-4130.4263	501.69348
-4134.366	493.02393
-4126.417	513.3762
-4227.244	613.28534
-4296.363	626.7536
-4318.5117	615.85767
-4276.4585	540.6374
-4258.667	562.63934
-4295.544	590.6464
-4301.784	629.421
-4249.8306	623.97174
-4251.142	629.8889
-4275.065	632.6242
-4411.138	707.5927
-4313.127	706.76276
-4289.1665	677.23773
-4248.21	663.5017
-4114.4194	501.6172
-4122.4243	497.16232
-4324.556	696.4154
-4352.7446	707.58075
-4635.0317	791.16455
-4149.5625	524.5909
-4156.918	512.71326
-4357.391	644.25134
-4348.9404	641.2739
-3935.4805	215.26045
-4098.8564	320.27963
-4110.6016	546.47845
-4110.9585	541.2041
-4303.961	562.2531
-4271.7217	714.36163
-6390.519	-2185.5044
-7293.677	-2190.3748
-6341.23	-2033.0303
-6346.8657	-2027.0952
-7231.4517	-2123.0042
-6952.845	-2004.41
-7193.283	-2171.818
-7262.389	-2165.3196
-7273.905	-2172.3901
-7118.1284	-2056.1511
-7179.3574	-2143.1619
-7089.484	-2156.792
-7081.0166	-2148.8477
-6391.3354	-2249.6755
-6349.9395	-1853.8572
-6343.157	-1855.6569
-6354.766	-1858.9126
-6360.195	-2259.8074
-6357.1465	-2273.2986
-6348.9	-1958.0687
-6355.7305	-1952.9619
-6340.5796	-1957.1797
-6380.275	-2242.2156
-6386.7334	-2246.9158
-6379.6323	-2257.651
-6381.0103	-2251.5813
-6385.638	-2259.6614
-6372.674	-2250.8433
-6399.195	-2095.791
-6390.2837	-2092.8115
-6381.843	-1992.7994
-6392.768	-2101.4578
-6346.949	-2096.2117
-6364.2075	-2138.034
-6371.6636	-2131.3132
-6353.874	-2086.7234
-6370.3027	-2140.6711
-7263.585	-2185.3162
-7246.5474	-2196.4456
-7222.955	-2193.4607
-6996.954	-2023.5331
-6993.317	-2017.592
-7053.149	-2132.6536
-7056.092	-2123.3628
-7215.7036	-2201.5762
-6385.978	-2253.6807
-7117.9946	-2026.428
-7105.2847	-2030.5217
-7067.6274	-2145.2856
-7066.1074	-2134.5725
-7306.8364	-2195.6565
-7205.5615	-2191.929
-6354.4126	-1996.5924
-6358.933	-1990.6024
-6346.1753	-2248.6519
-6352.594	-2239.012
-7009.2983	-2102.4065
-7015.9404	-2091.2715
-6978.532	-2057.8242
-6983.4346	-2049.2173
-7235.4375	-2244.9055
-7226.1846	-2231.7412
-7457.163	-2280.4922
-7030.258	-2048.2898
-7024.345	-2040.4637
-7291.149	-2202.0073
-7301.622	-2212.6897
-6375.7104	-2025.9395
-7174.1895	-2223.2468
-7174.7197	-2211.3645
-7343.9385	-2213.9387
-7352.5225	-2220.6475
-7210.978	-2249.5251
-7205.8535	-2236.9316
-6937.4604	-1978.1831
-6944.441	-1981.4777
-7039.5713	-2006.483
-6982.218	-1946.4
-7029.0493	-2008.9352
-7062.7446	-2184.4912
-7059.072	-2168.3945
-6382.2095	-2019.7197
-6378.305	-2150.7166
-6372.701	-2016.631
-6400.2256	-2194.4338
-6387.109	-2195.4546
-6397.267	-2144.43
-6391.8994	-2134.7097
-7263.3745	-2123.6519
-7252.8223	-2123.5845
-6378.479	-1874.5504
-6371.1416	-1871.5776
-6981.736	-1969.2472
-7032.4497	-2084.6047
-7072.4434	-2169.2888
-7404.084	-2251.7664
-7391.487	-2229.593
-7277.679	-2146.1584
-7291.9614	-2150.9097
-7290.3027	-2145.0789
-7213.3335	-2150.5132
-7222.7593	-2174.3208
-6944.8433	-2000.3674
-7106.667	-2126.2861
-7095.4653	-2121.8557
-6997.4614	-1962.6088
-7086.6514	-2080.0078
-7001.954	-1953.754
-7009.9053	-1963.4396
-7062.8784	-2044.8143
-7053.923	-2044.1316
-7145.651	-2166.2393
-7140.13	-2156.7527
-7033.8403	-2171.356
-7035.252	-2159.4978
-6406.3486	-2125.4143
-6397.801	-2120.4358
-6352.8086	-1747.0739
-7005.0923	-1959.841
-6570.9673	-1763.0166
-6575.5894	-1768.9846
-6360.3774	-2202.3767
-6352.981	-2206.8994
-7510.1387	-2338.7786
-7519.461	-2347.884
-7235.4443	-2155.7786
-7206.073	-2122.7903
-7195.2925	-2121.4236
-7085.4277	-2161.1538
-7394.746	-2244.5088
-6344.707	-1965.7299
-7527.5864	-2314.4863
-7538.7017	-2320.348
-7078.855	-2109.779
-7503.7954	-2301.93
-7512.849	-2306.0432
-6377.443	-2053.9543
-6371.4985	-2048.7341
-7423.512	-2257.572
-7433.5513	-2264.3289
-6931.4697	-2038.3146
-6935.1855	-2029.9943
-7025.9307	-2110.119
-7025.658	-2099.7744
-6942.7607	-2022.9554
-6943.452	-2012.162
-6359.6797	-2079.6072
-6364.143	-2074.1606
-6370.9287	-2081.3877
-6964.7393	-1991.7305
-6955.769	-1987.3384
-6783.4004	-1772.8507
-6934.2017	-2018.1288
-7491.483	-2319.155
-7497.8604	-2326.8264
-6393.799	-2195.8777
-7035.383	-2199.868
-7035.1123	-2186.9783
-7197.715	-2088.9006
-7187.233	-2091.3833
-7167.2495	-2061.1663
-7157.5117	-2061.257
-6366.323	-1893.782
-6364.1387	-1886.8499
3776.586	-1859.5374
3833.0342	-1862.7223
3919.0354	-1361.9152
4150.605	-1377.8998
4050.0762	-1352.1079
3916.6895	-1353.6093
4044.431	-1358.0566
3908.736	-1355.7913
4246.1504	-1477.4521
3767.507	-1999.4951
3658.0386	-2097.6733
3753.8838	-2068.2656
3773.4324	-2005.9943
3487.815	-2373.4978
3448.0679	-2493.5771
4295.844	-1516.1838
4000.465	-1774.933
4084.4368	-1702.4722
4000.2727	-1765.512
4146.9336	-1576.12
4115.671	-1419.7373
4051.6284	-1423.9229
4163.795	-1433.0186
4167.6387	-1425.4335
3839.531	-1612.0442
4320.1406	-1548.023
4262.712	-1600.6122
4255.9453	-1593.0511
3940.4436	-1975.4808
4055.1472	-1793.0089
4047.8206	-1795.7329
3913.3623	-2014.6659
3939.8384	-1966.0477
4048.2583	-1785.2762
3947.4646	-1971.8228
4314.265	-1540.0776
3764.8672	-2007.6785
3717.231	-2206.886
3730.7888	-1474.73
4091.4749	-1449.4292
4266.318	-1315.3887
4251.2446	-1469.0442
4284.8413	-1506.5563
4290.9033	-1634.6252
4316.6025	-1417.1569
4259.2217	-1464.2205
3881.104	-2050.2104
3847.4678	-2077.8286
4169.3193	-1630.7961
4236.6797	-1407.1462
4229.8975	-1404.1346
2877.1287	-1436.3693
4182.0376	-1600.1803
4772.118	-901.22437
4769.0	-893.77997
4587.383	-1013.3181
4414.7	-1165.4039
4420.569	-1171.3018
3916.8198	-2022.9048
4268.026	-1481.8859
4261.714	-1477.3212
4524.502	-1083.5834
4529.5264	-1090.399
3379.472	-1350.2631
4240.6626	-1578.789
4401.7705	-1129.1053
3711.7883	-2051.1865
4242.7925	-1609.4443
4241.6484	-1599.1261
4566.6777	-1042.3052
4712.7666	-915.03906
4878.9844	-787.0515
4875.9473	-778.7556
4269.481	-1373.5643
4274.2373	-1366.8094
3992.9404	-1496.4805
3864.5981	-1612.7504
3866.9185	-1620.194
4332.9775	-1564.4694
4345.906	-1585.8492
4351.3906	-1602.0076
4339.4336	-1578.3761
4235.7856	-1586.4939
4858.3833	-783.62024
4100.7485	-1685.6943
4096.0723	-1681.8054
-3276.1306	-96.385925
-3394.2886	-103.70836
-3345.9133	-199.90833
-3392.622	-213.62892
-3430.6846	-108.57299
-3533.0825	-116.060974
-3332.762	-114.88767
-3448.7166	-161.72864
-3294.496	-53.17307
-3365.7634	-76.04103
-3295.0012	-129.00656
-3369.822	-119.996826
-3268.6772	-227.1314
-2419.8743	-693.62524
-1934.2518	-1025.5776
-1458.7501	-1363.5864
-4125.8096	261.73624
-4119.0693	265.19675
-3370.155	-33.627052
-3154.1348	-99.10645
-3346.5037	-182.53883
-3096.6182	-51.468426
-3021.3447	11.393511
-2962.352	53.057583
-3327.7805	-0.39644474
-3265.4897	13.277792
-3267.2815	-4.3678718
-3061.8992	-190.60245
-2912.8672	-369.6115
-3270.6787	-14.413468
-3318.744	-47.92648
-3453.0513	-88.13661
-3139.5156	-106.701546
-3294.1958	-188.29675
-3207.0005	-16.034828
-3202.9968	-35.486115
-3323.4768	-19.906109
-3335.2449	-39.797615
-3317.6082	-17.940971
-3193.5254	13.066181
-3100.4617	-146.86462
-3292.073	-43.13448
-3339.8857	-106.69364
-3343.3943	-116.39013
-3274.5317	-117.9473
-3084.5007	-44.758278
-3235.98	-191.03766
-3220.3386	-205.71411
-3111.4949	-172.50963
-3248.3574	-119.78583
-3186.6567	-86.95405
-3196.2397	-84.69722
-3350.2341	-193.73515
-3194.182	-141.58415
-2957.4746	67.175735
-3076.0847	-78.69821
-3215.6218	-41.221184
-3138.4062	-82.98527
-3162.3965	-25.728777
-3125.6523	-32.632057
-3244.9658	-169.95306
-2952.7966	63.68751
-2956.176	58.1851
-2947.2224	52.94692
-2949.7114	57.50167
-3154.4185	-166.58691
-3257.1099	-33.741173
-3251.0898	-135.12437
-3153.285	-84.88391
-3143.8977	-69.00215
-3264.3657	-107.27159
-3269.5896	-126.02988
-3251.1157	-109.344124
-3264.2522	26.430601
-3221.136	-133.33665
-3070.5383	-107.000015
-3222.285	-145.61356
-3139.1335	-154.01392
-3341.2737	-150.76872
-3339.7637	-122.41796
-3343.7004	-111.67306
-3322.0925	-107.24795
-3331.855	11.777249
-3325.0972	14.181006
-3331.0806	6.6815534
-3330.7734	-101.41141
-3012.062	20.87135
-3023.1245	-26.157312
-2991.365	-2.2988133
-2987.1316	-6.2209516
-2976.2358	-22.083122
-2976.3247	-15.76841
-2997.0154	-9.501724
-2987.5916	-21.211794
-3321.8782	-121.98196
-3335.0017	-103.10009
-3150.641	80.879486
-3119.3115	111.58438
-3115.934	106.260704
-3137.632	125.64765
-3132.0017	127.55525
-3126.2212	101.46387
-3138.7449	114.914536
-3200.0898	-165.7838
-3178.641	-170.07684
-3172.1897	-149.61111
-3132.9272	-120.0115
-3332.9824	-127.72303
-1355.9733	-1481.03
-1465.4744	-1590.9534
-1480.5701	-1605.748
-1426.6276	-1550.7487
-1664.1205	-2012.5413
-1652.1237	-2011.9958
-1761.7069	-2063.3708
-1754.681	-2112.051
-1396.0818	-1507.6525
-1419.1962	-1480.7272
-1443.7771	-1521.5721
-1500.7802	-1576.2617
-1568.3429	-1624.2029
-1412.7252	-1473.9336
-1407.6956	-1468.5029
-1248.8794	-1359.1852
-1277.8069	-1376.5288
-1266.5182	-1363.1146
-1296.5582	-1391.8464
-1672.9677	-2087.3418
-1701.301	-2119.033
-1665.2085	-1918.1698
-1701.0945	-2142.136
-1753.5833	-2048.099
-1761.0789	-2048.1157
-1368.6188	-1393.418
-1448.5497	-1459.772
-1728.9542	-1606.9752
-1793.9471	-2038.693
-1291.6476	-1361.5431
-1674.4651	-2224.1514
-1256.5221	-1382.5994
-1660.9388	-1650.8615
-1702.8982	-1597.6377
-1435.1807	-1454.7992
-1530.4288	-1488.5729
-1504.1798	-1613.1346
-1291.5972	-1376.8748
-1316.3159	-1403.018
-1624.7279	-1742.867
-1632.4526	-1742.1863
-1692.5154	-2026.2827
-1660.4102	-2119.3955
-1231.9883	-1338.0292
-1248.6816	-1316.4839
-1336.2174	-1412.8799
-1740.0343	-2288.6802
-1710.1453	-2372.8179
-1809.7156	-2042.0459
-1817.2969	-2046.0981
-1701.2837	-2134.246
-1735.7643	-2038.7543
-1741.241	-2037.9996
-1631.7168	-2154.2043
-1797.311	-1562.3726
-1792.4275	-1558.6401
-1869.673	-1521.016
-1361.9583	-1524.5947
-1669.6862	-2176.7756
-1266.2242	-1325.6754
-1315.7738	-1359.839
-1369.7355	-1518.1239
-1496.35	-1590.2706
-1307.4371	-1377.0635
-1747.7164	-1545.2858
-1255.538	-1324.3667
-1359.446	-1518.5519
-1310.4054	-1413.4574
-1327.8743	-1389.1593
-1355.4321	-1409.7869
-1401.278	-1492.209
-1535.4619	-1616.7476
-1384.9622	-1442.1738
-1548.9435	-1510.6
-1385.5449	-1427.8539
-1375.3793	-1437.3242
-1381.0067	-1432.4536
-1650.5757	-2107.6565
-1672.6569	-2138.7917
-1630.4683	-2182.3293
-1649.205	-2209.2249
-1376.75	-1477.4087
-1783.9954	-2065.4058
-1774.866	-2096.0996
-1780.6385	-2103.9607
-1679.0228	-1994.779
-1690.8757	-1991.9606
-1572.8389	-1659.6335
-1580.8115	-1656.6991
-1684.2926	-2009.5995
-1689.4067	-2041.5625
-1681.9265	-2041.2822
-1285.5682	-1407.2559
-1336.6268	-1427.8438
-1322.4558	-1432.446
-1489.7498	-1574.4695
-1702.5638	-2285.5266
-1706.5116	-2272.7026
-1700.521	-1991.7418
-1724.7522	-1965.93
-1436.2284	-2964.2434
-1257.1322	-1341.1882
-1295.77	-1352.8867
-1749.4155	-2205.9285
-1350.3701	-1419.9612
-1697.8096	-2277.9675
-1705.5287	-2280.5544
-1710.2819	-2286.198
-1620.2455	-2144.0576
-1609.4395	-2148.3718
-1300.6588	-1404.03
-1622.6006	-2163.8806
-1364.642	-1459.8312
-1686.7198	-2001.7231
-1246.4363	-1328.4983
-1228.3916	-1346.8347
-1340.7673	-1381.879
-1707.5977	-2011.7231
-1729.2039	-2065.5432
-1746.8868	-1948.0969
-1344.6779	-1483.0731
-1663.0151	-2151.9827
-1821.9559	-2012.345
-1641.4335	-2115.5586
-1608.6439	-1513.5592
-1656.0745	-1786.4844
-1680.3337	-2023.8514
6473.7666	2329.4897
6450.183	2268.8384
6450.527	2274.9653
6205.055	-312.3176
6276.6304	-446.06775
6165.3154	-318.02298
5744.731	-334.66418
4953.628	2796.6865
4978.8843	2790.4153
5361.913	2818.349
5491.2314	2598.083
1482.6078	3715.5098
3159.288	3661.9458
3127.8447	3454.5415
5797.247	1505.0497
5839.932	1489.8058
5821.8486	1497.6633
4798.683	1825.6035
4132.509	2514.3337
4123.636	2514.0747
5392.8525	1706.0597
5456.0815	3014.7947
4809.08	1878.6782
7608.9146	718.81116
5020.554	1770.5396
5688.1587	49.70464
5614.5737	10.954917
5738.547	65.670685
5675.726	-28.362114
7512.86	815.47284
5875.517	195.94452
5788.6055	9.646342
5341.9775	-191.09538
7664.124	547.2863
7594.1523	549.3293
7681.918	578.1043
5270.411	-17.050932
5311.011	22.31944
5233.684	1712.2438
5337.602	1694.1652
6859.14	1634.4656
6823.717	1600.9518
3789.5332	3223.1423
3889.862	3178.815
7244.425	1082.7983
4255.366	2845.9265
4252.6997	2807.083
4136.5054	2770.384
5900.5244	185.7226
6651.724	1931.7769
3808.9473	2655.3877
3817.0215	2655.45
4325.3203	2172.087
4943.1675	2633.0945
5481.2314	-596.67914
4823.0747	2804.685
4935.1147	2634.853
7119.939	1141.7245
6471.3555	-607.1129
6497.9834	-642.2511
6397.616	-517.4542
1450.4004	3958.6355
1453.6284	3951.9517
3294.2356	2974.3486
4994.927	-648.1468
1659.134	1828.8477
5465.2363	-373.45807
5476.277	-424.54013
5450.9272	-316.55267
3544.608	3441.2979
5238.6245	3173.8938
1110.1155	3855.4805
4739.562	3266.9592
4522.389	3036.7456
6429.684	1599.5559
4697.238	3205.0369
4200.976	2796.2786
4165.41	2782.9795
4193.39	2793.0789
4194.367	2801.5933
6319.5674	2260.6602
6121.084	1295.4913
6114.358	1299.8425
4126.51	3110.539
5781.175	165.36621
4315.0815	2845.9177
6257.7837	1200.0317
6323.5044	1031.8235
6248.9443	1206.5715
1778.0122	3612.0625
1841.0048	3583.7231
6842.096	1677.7319
6645.378	1696.0038
3251.6567	2534.4182
5430.657	2951.8186
4973.382	-827.2681
5030.433	-777.06836
4490.698	1925.0571
6015.3164	1432.5912
6033.465	1436.9514
6293.841	-399.758
5096.5156	-740.2946
1026.1207	4396.449
1365.8802	4142.954
7055.37	1394.6653
5969.688	603.02924
5906.796	989.641
5659.237	1512.4921
5914.482	980.719
6445.72	1677.3431
6542.8687	1659.7332
6445.029	1683.3572
6364.5933	2361.4102
6605.695	1860.1544
-537.39844	5335.5693
6673.4272	1581.8464
6270.6724	-437.85358
7652.68	330.9683
7661.5137	40.47843
4248.7246	2853.007
4242.909	2807.426
5735.5225	851.2736
2258.9067	3928.1729
6760.403	1531.9036
-1069.5576	5641.3115
3748.6025	3203.3962
5849.4873	57.36224
3413.049	3520.0164
7135.124	1091.8073
7125.2886	1094.814
2453.8555	3860.314
2654.7402	3782.0889
2529.3115	3693.611
5230.941	1743.4404
6215.806	1362.923
6201.4375	1364.9601
5381.676	2853.6526
5394.8154	2878.1086
4854.67	1087.2693
4833.0317	1032.0931
4803.652	1115.1079
6684.0767	1567.8102
4860.0327	231.47928
4886.134	312.8552
4834.372	153.84354
5340.2285	459.67273
6225.9854	821.1501
6278.6514	925.1688
3411.4487	3499.273
6845.624	1462.1741
6746.9263	1821.3702
6757.229	1822.641
5810.2812	1554.0038
5699.785	1610.335
4839.4526	-877.3781
4453.4014	1162.9734
4458.462	1167.5829
5757.052	1510.7346
6778.2417	2328.9268
2831.9912	3885.2112
5729.4224	76.58144
4980.7075	-766.0146
5773.618	167.87337
5762.6313	131.14388
4808.1924	1829.4735
4593.323	2002.1407
3677.3325	3358.416
4390.868	-1166.5231
4395.753	-1159.3369
5741.9624	176.9923
4376.892	-1093.8401
4514.2017	-952.04767
2148.6072	3913.483
7120.659	1049.356
7111.8965	1053.8785
5273.186	1917.158
5189.4233	1974.4264
5104.7144	2025.5503
1807.1937	4029.4697
1898.8506	3971.9016
5908.8594	187.19908
1208.4376	4320.513
4625.538	3015.728
2357.0278	3261.1448
4611.591	2247.417
6229.62	1372.288
2400.132	3850.1824
6820.483	2365.4155
3363.0054	1835.8481
4291.6226	2596.997
5265.3496	-599.1271
5717.2617	92.6735
4797.986	604.5535
4752.3076	625.7932
5759.2397	172.53154
5176.566	1848.4191
4333.066	2387.529
4873.84	-731.52155
4883.1084	-561.2245
5073.6772	-771.82996
5068.339	-764.6945
4676.8076	1934.1445
4811.76	1817.4867
4682.0376	1931.2433
4791.8906	1804.7548
7662.582	325.07156
3714.548	2789.3882
3724.204	2788.2117
4924.5713	2992.197
4939.619	2829.6355
6271.7803	-365.88614
6264.361	-360.3638
6728.98	2226.524
6605.087	2166.0247
6695.4487	2227.625
1546.0287	3750.999
6902.278	1559.7614
6784.468	1584.1731
6924.916	1512.085
6938.8477	1407.6464
3355.2197	3605.777
3525.68	3306.0603
2189.2715	3397.0671
2201.8516	3384.3103
5931.4116	1351.9675
5221.058	52.00881
5410.124	2798.871
5349.3657	-526.4869
5375.4497	-550.93616
5347.4443	-517.0498
5410.9233	517.8973
4681.5127	2984.7961
4929.0503	-750.58716
4503.0654	1631.5028
4510.0845	1636.0103
7622.111	718.2841
4753.157	643.43164
4550.615	654.9452
1683.1008	4094.366
1621.1954	4074.1992
5553.369	2749.3125
5940.972	2509.098
1874.7305	4045.2283
4624.878	1121.6083
4628.7217	1127.3612
4396.0513	2142.9546
4399.293	2149.6628
1342.8478	3711.6663
1111.7437	3656.0127
6784.117	1483.7026
6722.8276	1406.7583
7562.78	769.2521
7513.4824	773.2291
3700.6372	3004.6765
3031.4053	3753.4062
3011.8777	3778.4111
6840.1084	1473.6768
3740.0918	2906.3115
6364.565	2313.0977
6358.4253	2302.803
5730.1514	1324.395
6343.454	1346.4497
6151.1216	1443.2874
4395.6416	3016.4058
4406.6367	2860.983
4464.7104	2045.1041
4378.11	2174.8755
4182.392	2345.9429
4381.84	2184.4802
1792.7263	3965.7708
1810.1705	3839.8345
6231.7554	-334.4018
6342.5713	2294.0942
5476.645	1683.2316
5443.182	1678.4014
6859.3745	1671.8533
6125.8047	-114.5436
6118.0513	-109.61524
4135.5293	3157.0999
6980.036	1037.8055
6888.3486	901.35565
7019.9463	1027.278
5022.1436	365.09143
5044.0405	329.2107
6348.0566	2322.2202
6344.0444	2310.3853
5584.1997	1661.9857
7292.9126	899.7182
4881.2905	761.1992
4844.474	817.11475
4833.2974	518.7506
5757.978	92.172386
6978.566	1495.6964
5325.851	-384.04285
5329.1846	-393.68317
1391.4125	4239.7505
6851.5576	1655.2916
6771.587	1645.287
5850.2607	1011.1695
6199.631	825.16296
6600.633	2180.606
6471.3896	2102.9688
6318.825	2124.3196
6622.3623	2058.0503
4913.432	397.91962
4417.9404	2704.3713
5493.9795	1543.6216
5631.303	-74.54967
5348.5103	1944.1144
5306.0605	1980.905
6347.8013	2083.4526
6161.519	2140.3298
4518.6274	3018.5774
4393.597	2891.2087
4518.988	3051.8164
3242.21	3154.554
3249.071	3150.3926
2575.686	3171.706
5297.1484	-314.7434
5312.388	-227.56107
5527.618	1646.5922
2318.448	3136.918
2332.3494	3130.3264
2102.144	3083.0056
6851.305	2390.507
6831.0723	2372.9348
7695.6987	509.96606
7679.4985	416.78937
5604.768	-124.06131
5719.6553	136.06084
5667.0547	1469.9512
5624.167	1456.7858
4815.028	690.8117
2299.018	3145.9229
5479.344	1634.0695
5454.542	1697.5486
5450.7515	1690.5126
2308.606	3141.4775
2066.4043	3989.4092
5575.308	-167.46269
5541.9663	-206.19075
5557.164	-186.42488
4551.6694	-985.9496
6344.089	1698.5983
2292.7756	3148.7974
3222.3765	2766.594
3197.671	2997.4326
2740.7341	3834.8176
5072.335	1851.4691
5479.593	578.5835
5038.9824	2912.6501
6294.727	1358.0931
6287.5483	1361.448
5763.447	1231.4703
6275.4707	1450.6052
6311.7046	1365.098
6265.833	1446.5114
2806.231	3946.924
4985.1523	2781.6235
5001.252	2772.6406
5702.2183	68.85773
3253.1907	3139.0686
3259.5818	3143.3716
2806.77	3203.2805
4233.987	1797.9917
5669.2505	1530.922
4816.35	698.0283
5058.3145	461.69485
5981.524	-336.40805
6091.5757	-326.10574
4572.1904	2023.9153
4458.448	2115.227
4688.827	1927.2622
4344.5605	2206.681
4114.229	3218.0588
7001.431	1424.4503
6985.3716	1308.0963
5595.2905	-482.99347
5683.218	1336.128
5703.745	1422.837
5712.9165	1363.6024
3560.1318	3383.2725
3756.5244	3196.857
3725.739	3101.8577
6419.006	2206.8127
6292.2817	2176.6343
7571.0845	730.61566
7455.642	780.3981
7052.3438	1021.91095
5093.6387	559.9729
6651.943	2224.043
4647.449	3114.3352
6106.68	1392.8651
4967.753	2711.9158
4976.466	2711.66
4968.3525	2754.225
4968.497	2733.2168
4977.996	2733.1787
6357.0	2289.9595
3829.2979	2655.5261
7287.528	1010.76886
7079.4756	1022.1117
7024.242	1191.159
7095.9805	1230.541
6977.667	1553.1924
6974.8413	1547.4677
6961.3267	1548.1326
6790.391	1515.0953
6677.9	1890.6809
3284.208	3592.1492
5547.0127	642.53033
6675.7593	1941.3438
4862.8804	3064.0122
6823.8066	1732.1239
6004.7417	1276.2087
6011.5044	1271.4308
1621.6322	2855.832
5683.0146	146.00229
5686.399	153.17183
5238.215	2805.7114
5230.473	2800.9163
-4642.838	794.39246
-4637.819	799.3173
1845.297	3971.0984
6616.622	1784.1879
6482.503	1743.5634
6491.11	1929.0176
6555.6377	1906.7189
4893.3154	-388.92987
6867.803	1588.927
5362.408	1624.7358
4378.749	2839.3127
4839.6304	3315.3062
4793.535	3299.6196
3499.3772	3479.2412
6528.676	2022.0054
5912.826	177.29225
5117.6973	2944.611
5203.8184	2868.9238
4663.4824	2807.9749
4541.0186	2755.7993
5182.5728	-672.99963
5503.8574	1682.0806
7619.683	712.3147
6031.903	-217.23575
6220.7295	1380.1393
5530.8896	1578.1273
5336.9976	1811.7991
5073.012	280.7682
4901.6104	1879.6978
4898.689	1873.3895
4796.2085	1422.3536
4865.023	1360.481
4736.9536	1546.9661
5538.8037	1570.8666
5475.582	1639.5294
5627.973	1471.3468
506.59076	4713.6387
-13.386915	5026.6523
6227.5093	1257.1505
6227.6875	1165.2328
6220.523	1261.3909
6355.7603	1348.9247
3379.7322	3606.6838
5782.235	202.26872
5827.7754	400.8933
5804.6133	1393.4233
5744.312	1288.7096
5227.928	1773.8828
5286.508	1754.6625
6787.0107	1728.019
6585.499	1751.5732
1717.4235	4081.1565
6799.3354	1731.1953
4700.519	3216.9946
5215.9624	2792.058
6793.343	1753.2875
3625.8594	3339.784
6170.274	2146.3276
6163.199	2150.6204
6654.3755	1333.7637
5863.775	1605.767
6483.159	2363.6165
4713.852	2812.9343
3916.3455	3398.0007
3372.565	4027.468
1469.1538	3741.6562
3823.7334	3420.3088
3788.7437	3311.004
4956.102	3059.8118
4248.5938	3245.468
4832.726	2988.3596
5121.6987	2308.749
1475.6482	3729.7231
3262.766	3938.7715
3867.1594	2916.8445
7390.265	945.05426
6838.9673	1992.4344
6865.6426	1664.9779
5339.3174	1732.5427
5572.188	2977.2053
3820.4084	2915.5737
1576.628	4152.1787
2856.9033	3953.9136
6705.432	2247.7346
4717.382	3353.735
5383.5576	2830.721
5392.8247	2832.2673
5389.345	2837.899
6723.056	2242.8154
5202.48	1873.5875
4634.171	1963.2611
3341.2803	3932.0405
3986.3108	3267.531
4148.6514	3278.8728
3378.2705	3982.6216
5096.707	-540.5922
5344.621	1844.8293
3310.4707	4330.853
4348.941	2172.8896
4168.396	2515.885
4308.7354	2171.5017
4296.5444	2171.282
4521.832	3162.244
7120.985	1246.0063
4457.1455	3366.888
6776.898	2245.1106
6225.857	988.6265
6229.829	1074.9757
7033.972	1338.5864
2758.9285	4053.4988
4179.4634	3280.6538
2172.4521	3414.283
5197.394	-429.49692
4801.5376	1624.386
3826.8252	3430.7495
3335.5312	4166.986
4942.2544	2770.3242
4936.244	2768.5088
7100.033	1285.6259
4481.185	3149.8022
4386.5625	3220.3364
4763.384	3143.275
4860.789	2793.2014
5343.3945	2956.666
4715.625	3275.1213
3307.9702	4364.476
5412.3755	2925.4683
4908.2114	2833.5981
4548.493	3075.0613
6436.9316	1601.1938
4601.9355	2820.8994
5771.5933	2868.2444
5936.0244	2772.8801
6745.7393	1889.0437
1539.1642	3699.3662
6544.139	2342.0208
6318.4043	2295.4854
5227.1406	1893.0648
6293.432	2367.9294
6320.0557	2284.5056
4334.5303	2842.5674
4255.8574	3230.711
4300.9834	3278.0042
5686.8677	-7.006332
6124.8984	-229.0769
6763.3184	2241.515
5689.109	2893.412
6176.9683	-220.31706
4817.7036	705.0862
5949.006	108.44478
5412.2925	1766.7006
5751.2773	166.53244
5026.9863	3053.8943
6251.0015	-350.02023
4037.2695	2901.0735
5232.1055	1656.165
5226.472	1635.564
3963.7852	3376.244
6333.2104	-429.71082
2825.864	3930.25
1024.4183	4404.205
2853.2583	3930.9883
4697.246	3249.9863
6430.923	2421.7969
3308.7466	4353.2783
6098.259	1360.904
4793.7256	1833.7845
5418.723	2913.188
6695.8853	1886.3658
5949.5654	432.00085
3678.85	3451.936
4847.193	3022.2366
3317.1216	4111.1416
6757.288	1903.9924
6769.6157	2308.7268
6764.71	2313.389
4344.3276	2167.6797
3358.8894	3940.378
1597.2932	3681.4136
4749.614	1292.1995
4593.645	3267.7756
4485.523	3286.7058
6151.171	-167.05222
5597.2964	2910.461
3385.1018	4021.059
4177.0894	2869.3044
4105.1475	2886.9531
3248.4436	3980.383
3320.094	4008.1626
3321.4258	3960.091
2973.5496	3831.761
2988.1567	3804.8562
6784.6235	2316.3142
5435.4194	2893.4822
6945.512	1687.7732
5366.8823	1706.4436
5358.921	1699.3611
6227.2993	1365.6422
6944.7095	1397.4539
4743.6377	3053.5164
6267.8384	794.96875
6575.5864	2306.1401
4837.6885	1835.7922
5976.0166	1391.4865
3380.8423	3923.0757
4898.7554	2780.8806
6794.9624	2320.4556
6809.2354	2329.9436
2871.768	3921.9954
4480.469	3126.3203
4502.255	3156.36
4425.2607	3232.6548
3356.0288	3806.0947
5230.2886	1755.064
5233.031	1784.0558
1716.0411	3637.9531
3340.3396	3684.549
4847.84	3212.0227
4751.937	3230.281
6323.083	2294.8738
2180.457	3406.0972
6798.34	2269.038
3973.6152	2912.2815
3663.945	3491.302
6145.928	742.6979
6931.802	1683.1473
4771.478	1403.1282
3746.9456	3448.5796
3701.5623	3405.6582
4983.28	3282.7432
2802.668	4003.8542
6850.116	2015.7727
5091.8545	1750.7554
2944.361	3892.4531
5275.4014	3014.1946
2769.423	4039.7773
7002.2495	1150.1732
4306.5244	2861.249
6150.2466	763.5819
3257.1868	3945.5078
4322.689	3344.5166
4404.4546	3323.7305
5300.973	1931.4529
3669.1746	3483.573
4599.0854	3072.4028
4639.2383	3061.8708
4820.915	1832.1262
4722.144	1921.4327
6013.757	30.026834
3284.901	2302.0134
5232.459	1732.0085
4992.7944	3066.6233
3738.4697	3539.6343
4770.218	3086.1714
5794.0776	928.6696
4612.937	1735.3885
5234.676	1633.6793
5231.322	1642.1338
3020.7166	3855.5286
3302.3306	3936.4897
3350.451	4424.059
3334.325	4253.412
3344.35	4345.9854
3781.7632	3421.6108
4589.419	3372.5098
4806.6465	1841.2892
6821.6704	2041.7692
6756.2676	1972.5001
4484.742	1865.5592
4808.1343	1886.3494
6437.72	2433.2544
6732.4272	1882.015
7193.461	1189.8042
3321.7083	4047.0005
4615.1367	3094.458
4581.2666	3128.335
6234.295	2545.1914
4846.0054	3083.125
4886.0913	3051.1619
4490.179	2827.8723
5564.5234	1691.2477
5202.7954	1813.6031
4325.5996	2389.7725
4289.1455	2171.1924
5905.592	1096.3676
2821.0027	3919.8618
2823.884	3903.498
3222.281	4004.928
3342.98	4002.6272
5916.24	1494.2808
3351.9722	4032.7327
3565.0854	3746.6934
5382.1816	2945.4226
4907.085	-855.7925
6643.001	2212.9717
4829.9673	3147.0188
6034.492	652.14606
4831.243	1834.3223
4903.019	3016.7898
3964.9277	2919.5266
5676.6426	2927.849
4916.5293	3073.4556
5640.5034	-457.0411
3962.6008	1461.8176
3097.9756	3811.0757
3363.663	3843.361
2836.3093	3980.8225
5931.035	351.64047
2981.9333	3819.22
3318.3586	4083.6755
3354.4988	4475.5645
3348.4937	4478.4224
3351.13	4463.268
3519.5981	3450.5234
3668.9143	3468.0583
3592.1257	3462.3767
3689.085	3432.1821
5124.6865	1852.528
4797.0693	1812.3428
5447.5005	2853.9353
5402.1045	-577.13074
4753.063	3114.9875
4715.3096	3019.401
2838.0525	3934.3354
1650.6737	4086.3413
6099.2773	2677.1536
5483.9097	2861.821
3240.7256	3985.5286
6194.4644	-267.90564
4679.3794	2416.7163
5699.4087	1348.1135
1331.1688	3719.9773
5002.016	3075.6143
6617.493	1469.8121
3344.7014	3716.7427
2993.6494	3801.8945
6931.838	1422.4087
5503.6436	1606.3257
3778.567	2911.881
4669.055	3284.9
4586.763	2374.9753
4472.657	1955.6381
5221.2627	2999.0005
5232.719	1672.7672
6438.1235	-565.5461
1656.306	3661.001
4725.69	1389.3397
5008.0767	2795.08
4771.8154	1391.5043
5116.0903	3235.9854
4226.885	3223.2395
4011.6914	3364.646
3330.8372	4029.1487
6565.3003	2329.967
5938.6167	1347.6716
6386.872	2312.7937
5467.474	-606.2025
4285.1143	3240.9858
3238.928	3975.7317
3227.638	3995.271
3917.3113	2915.9355
7333.191	916.4377
5086.076	1746.9479
6394.2617	1336.7323
2449.672	3867.6099
6813.01	1963.9454
6092.627	2668.2285
4969.059	3039.5117
6095.336	705.6897
4625.1157	3208.2444
1324.9401	3724.483
5645.1987	-273.66348
6060.751	671.05225
2757.2795	4064.0383
7117.032	1264.4642
7139.222	1248.1881
2864.6064	3942.4646
3351.9905	3780.8335
5177.569	-504.61288
5021.803	357.32474
4483.458	3115.8562
3372.7078	4057.4458
5483.8105	-471.9518
6286.4575	1734.0995
7132.8364	1296.5642
6232.272	813.5045
6215.7314	906.01227
5542.8213	1714.859
4594.496	3223.954
3740.9248	3416.4993
4732.2285	3206.296
4754.6396	3173.7185
4791.965	3172.8289
6215.0986	1329.142
6276.238	789.5545
5122.863	200.45993
4456.434	2807.0173
3476.3032	3837.8691
4803.5	2991.31
4319.119	2391.6882
4547.45	2003.5779
6266.246	2462.3762
6771.9526	1927.7839
5706.4136	1415.7722
4494.4907	1718.6738
4837.4907	3159.505
6772.535	1838.0441
1465.4982	3748.3997
2764.3726	4057.9802
3254.9531	3964.2153
4814.985	1225.1097
4775.9766	1201.2095
5543.07	1682.8977
6904.771	2432.3245
6868.908	2403.9324
2818.7932	3996.7854
6760.3496	2302.7332
4487.5894	2834.2456
3344.2256	4114.694
5680.7393	-423.28284
5715.2437	-382.84027
5251.0103	1907.9426
5403.8037	1898.5288
6844.44	2033.1833
5931.045	1460.8833
5373.6904	1714.6483
3359.6675	3825.64
6944.474	1580.7666
6336.1206	2490.3074
3178.9893	3762.114
6340.756	-435.16116
2929.076	3820.488
3321.9683	2068.9534
5233.3516	1691.0021
3389.0776	3975.5645
4786.274	1835.8785
5541.2705	1704.6448
4509.8354	3166.3452
6579.0327	2043.0359
6445.053	1458.0798
2788.8875	4000.1802
4594.2656	3164.0557
4795.0723	2573.2498
4362.41	1757.617
5634.361	1468.2664
5770.602	1410.4923
4649.651	3083.4004
6785.083	2228.533
6574.6494	2273.385
4108.4287	3320.0688
4244.638	3253.2222
5489.131	-576.94824
5487.5195	-514.5171
5419.1353	-518.77216
5544.24	-502.43402
6927.768	2450.4126
6938.44	2458.7979
6532.6475	2322.8318
5738.903	1425.9755
5731.313	1427.817
5377.7217	1720.2991
5351.9624	3100.3096
5550.314	1714.6724
5491.0845	-550.5409
4603.388	3113.3064
3370.8047	3988.261
3959.541	2924.1477
4291.9976	2844.8083
5818.176	125.79253
6679.594	2240.5713
7133.118	1255.9877
6377.947	2305.2754
7294.2075	1192.8627
6726.4824	1903.0189
4309.874	2855.0789
6350.25	-463.1297
3266.7168	3948.7632
3332.92	4149.7124
5907.0127	274.21606
3342.7605	4146.075
5151.7686	3045.467
5008.3486	3036.0269
5008.1367	2906.0671
5090.472	3032.2336
4759.812	1401.1766
4752.827	1396.6034
5236.345	1790.2015
5147.188	1815.4563
4892.8726	2809.1218
4901.2603	2823.7285
4980.67	-842.11926
4397.532	3260.4382
5967.727	151.17897
4569.1094	2029.4779
5326.8154	1940.7635
3662.2112	3481.8984
4673.903	3078.02
3264.4573	3707.694
3320.429	3657.458
4985.8853	1863.8907
5080.8345	1743.131
4855.44	3261.1216
5108.675	1834.353
4373.0146	2842.4949
3313.7717	4296.441
4852.5586	3295.0046
3959.9177	2856.082
3495.8694	3486.9106
6236.626	819.9418
5452.3364	1845.2919
4984.809	-850.3387
5026.759	-619.18933
4756.4336	2956.3657
4701.946	2916.3152
4681.4116	2927.4114
5426.599	-596.0774
6069.736	-41.94229
4912.812	2840.2664
5533.1455	1719.3135
7092.536	1283.1324
4732.004	3136.786
6513.913	2341.609
6788.843	2249.6248
6039.1914	-140.022
5956.1294	156.72429
5018.5063	2800.8818
6901.151	1672.1649
6833.348	2049.1833
5977.281	147.00311
5947.8076	160.68936
4964.798	3082.1267
7123.999	1265.7092
2969.289	3838.3833
4300.083	3297.4644
5962.1543	515.85767
5577.224	1606.5293
5824.0996	140.5795
5832.032	136.90924
4766.1284	1416.583
4737.04	1430.9648
5146.2036	-483.2667
4731.6343	1543.8868
3348.2788	3751.9897
3360.7908	4458.1875
3354.9553	4451.359
5495.794	1785.5447
5681.1616	1448.0677
1432.7063	3718.1045
5085.0845	3046.2488
5550.919	1700.1979
3341.217	3676.9233
3356.0056	3966.351
3362.9282	3980.3135
4764.95	1391.0552
6455.8867	2382.2874
7572.7944	773.5852
6251.618	805.2699
3324.9053	4173.331
3352.4548	4081.7346
3363.4233	4061.561
3360.4614	3906.1396
5957.1885	1184.6469
4695.059	3289.1318
6206.56	811.4248
6210.2666	803.10614
4698.467	1451.1167
4641.4976	1533.3153
2167.4539	3419.3914
5448.3413	-605.8482
5771.4463	103.4013
4725.293	3084.1462
3652.3171	3647.6897
4024.428	3293.0022
4660.553	3159.5015
7331.885	1048.1044
7341.1626	1178.0045
1380.9255	3727.149
4533.59	3282.1638
1377.4761	3733.0867
1386.2079	3718.315
7292.717	1076.722
6910.543	1609.9705
6586.933	1023.06366
6578.809	1025.4849
4504.305	3088.226
7326.6685	1197.1808
4639.8853	3255.133
6704.7153	1892.3566
5865.866	-339.23883
7350.091	925.7654
7721.528	579.1117
7318.6797	990.8369
7333.1426	974.7766
7321.6504	977.85205
5947.2114	-44.329773
6771.637	1776.255
7586.5063	741.61115
3317.7742	4240.5474
7326.8047	938.8451
4623.168	3084.3064
7315.749	1028.9495
7357.9595	1156.401
7371.0815	1139.551
7368.9927	1164.148
7364.413	1172.5314
5514.542	305.3272
4550.562	3150.2349
4493.448	2833.709
4682.55	3136.7659
7338.6333	1007.4684
7705.0435	562.293
6317.3193	-417.69217
3238.847	3950.5325
7360.1133	1102.3544
7310.6904	970.9843
7693.5596	531.9708
4461.807	3096.157
4489.6973	3099.6096
4243.101	3271.8672
3699.5713	3413.7292
7344.0103	951.04346
4314.6313	3297.8152
6775.0225	1843.605
5287.516	-219.25142
7314.942	1041.0
4532.9863	3270.1013
7331.2695	1068.2991
7312.3877	989.45605
5279.152	-120.493706
4987.35	3037.282
5390.3945	2972.6775
5611.994	708.89575
5011.8223	3006.7034
4670.493	3139.3726
4221.8516	3285.0903
5494.103	-522.21185
5077.1504	3062.7852
4649.1494	3166.718
4631.2417	3166.8352
6889.448	1586.1078
7285.8213	1122.7747
7344.744	930.9744
7325.1797	1008.9018
6839.165	1019.6023
6831.043	1022.01794
5186.484	1795.3354
4306.065	3306.8887
4843.398	3125.5955
4770.5283	3127.8188
4879.56	3116.83
6820.9663	1783.3889
6814.783	1832.0942
4410.745	3290.3782
7344.3525	1007.5561
7681.3237	537.0478
6753.301	1222.0208
7318.947	1162.1093
6819.3833	1528.5273
6815.338	1579.244
7318.794	1182.5499
5171.964	124.872444
3246.8108	3946.6047
7339.6377	1186.0559
7317.0815	1008.87616
6801.61	1826.7172
4364.009	3307.4287
4365.4165	3319.1172
4573.6777	3096.7114
6963.5166	1403.9811
6982.1313	1386.3708
4671.522	3159.4592
3344.605	4296.0513
4866.0063	3127.819
4470.0596	3286.8647
4268.7773	3265.9514
6500.723	1299.9664
6731.608	1849.4373
1658.408	4113.1987
7712.162	532.49084
3331.851	4303.159
3321.3025	4307.1313
3338.3462	4286.9375
5496.174	2919.4644
5675.181	778.61566
7733.495	582.0025
7734.1772	575.8586
6807.3516	2298.8623
7730.196	543.19794
7722.115	523.13666
7726.1357	528.0458
7615.83	761.47
7616.59	767.70905
6734.69	1836.4243
3297.5222	3703.501
3300.7212	3696.38
6831.551	1698.1232
6817.381	2191.1575
6833.1597	2149.1528
6871.3423	1612.9047
6361.312	2347.6282
6368.919	2356.4065
4939.8354	3002.4128
6834.6416	2099.1858
7035.551	1410.3387
6800.827	1470.9617
7315.032	1195.5103
7317.0977	1201.5549
6679.9873	1920.7141
7025.18	1447.5941
7715.663	545.62976
7589.134	758.21436
7602.236	764.60516
5755.064	1257.8573
4950.6733	1789.6094
7290.1626	956.4515
4064.967	3310.942
4947.018	3007.0874
6807.8604	1466.0182
6103.0205	1601.6235
6282.2065	1600.3914
6456.371	1594.7682
5728.229	1589.3613
6622.366	1589.6481
5918.9326	1597.3337
2261.418	-1371.4633
573.0401	-2060.4954
2840.9243	-1345.0166
508.57114	-2155.5278
1706.7524	-4642.719
2252.3374	-1372.6154
2255.8193	-1366.0607
2240.029	-1366.636
2301.3555	-1338.311
244.58461	-3666.234
1598.9294	-3277.7263
1844.9177	-3895.1016
1601.18	-3497.03
1586.4259	-3300.92
478.17847	-2196.1077
978.15344	-1779.9045
1152.1116	-1667.4094
1046.2379	-1809.5988
911.97534	-1765.9789
1157.7726	-1842.2916
1349.9276	-2416.9214
-718.01105	-1932.4574
1279.6329	-2616.9304
-725.5811	-1932.1218
978.81616	-1786.4518
1264.9602	-2802.8767
1608.9697	-2728.013
1235.6747	-1609.7891
2190.9026	-4315.7026
-735.7614	-1931.3685
235.32402	-2112.622
247.64682	-2965.2185
234.36845	-2972.0847
241.93884	-2970.3132
1633.6122	-1513.2155
1235.6091	-1856.978
1634.0038	-4526.8457
1707.9916	-4342.3647
1214.9125	-1869.1322
480.31345	-2187.5376
255.97102	-3013.398
439.44046	-2092.8062
2255.5374	-1305.9534
1515.8094	-4633.568
1478.0444	-4554.891
1521.5386	-4637.1323
1481.0789	-4545.9077
1486.4742	-4560.1313
1510.7257	-4231.4834
2195.4988	-1358.1383
362.79892	-2236.8525
2257.6333	-1295.5201
2173.389	-1416.6477
-125.01417	-2088.0107
-133.46683	-2085.1694
-140.71782	-2093.5872
1151.6512	-1676.5647
-132.64172	-2094.333
1248.725	-2986.9663
1977.006	-1434.3772
760.7643	-3444.9414
2926.1943	-3105.6416
574.4438	-2014.339
553.3424	-2028.5577
581.7216	-2007.6886
575.1933	-2005.2214
551.0021	-2018.7748
2708.1658	-3295.003
2238.6143	-1462.933
2222.7915	-1440.3387
2233.6272	-1455.4296
317.8821	-2399.1653
320.2877	-2405.7632
1242.8618	-1886.6566
2828.5178	-3383.265
2038.4202	-1382.3175
2177.8743	-1361.0813
2151.202	-1389.0476
1931.4252	-1361.5398
2040.8242	-1376.8884
1627.5928	-1517.586
1803.6797	-1475.7878
2262.9421	-3669.162
1612.3739	-3451.661
582.7337	-2053.1516
292.79193	-2422.5706
247.8989	-2988.3254
327.44873	-2329.7332
2218.0125	-1300.2526
511.53824	-2134.0686
1239.3872	-1614.645
-115.23586	-2123.9858
-122.886566	-2133.133
-123.608536	-2125.0083
2201.803	-1451.9786
2196.293	-1452.0402
2240.111	-1423.4166
2232.1409	-1401.8933
2246.9683	-1292.2546
2448.4736	-1413.7764
2034.4445	-4327.153
1005.27527	-3214.8677
1620.9518	-1183.5049
460.4903	-2071.9778
389.69434	-2066.4104
1872.474	-4335.808
1541.9412	-3908.0938
-144.26923	-2499.698
1638.2661	-1509.931
1303.7572	-2238.7124
252.08266	-3000.8813
1621.48	-3404.7515
1628.1558	-3356.4846
424.6819	-2181.2527
1259.9297	-1854.4607
1256.5505	-1880.616
1264.6952	-1867.5786
1272.0184	-1874.6984
1278.08	-1863.2577
1274.5515	-1868.0015
1221.7662	-1863.1466
372.50754	-2118.137
399.38535	-2140.8933
374.71152	-2094.2815
380.9581	-2117.8127
1470.5527	-1370.3036
1570.2279	-1530.2789
451.1826	-2214.9834
584.0583	-2019.3557
2487.0396	-3482.515
1208.5789	-1875.5232
2187.6345	-1336.7711
1434.4789	-2767.8284
2182.3606	-1329.2039
488.566	-2071.6475
-782.0999	-1916.5311
585.49634	-2049.546
-740.4223	-1767.5236
-724.80707	-2042.8884
-1329.2261	-1958.3325
1587.8356	-3541.62
1572.8488	-3584.4995
1598.959	-3015.5225
2232.4155	-1291.6083
1190.779	-1862.9526
1171.7863	-1852.262
-980.79645	-1710.6633
420.31424	-2109.3113
507.49127	-2067.002
2307.9287	-1413.1193
1841.527	-3951.4988
1159.157	-1644.8365
1473.547	-2941.0625
1227.0667	-1875.9337
1292.3264	-2428.978
-750.5217	-1930.1598
2512.5818	-3851.4429
-767.6689	-1928.7963
-790.23706	-1925.1976
-510.6883	-2057.7017
-1145.5209	-1951.0487
1249.253	-1853.9863
2202.221	-1315.5157
253.9047	-2495.187
121.55742	-2244.3591
1651.2751	-3935.6257
1227.5325	-1885.325
2232.3633	-1417.4662
478.32904	-2203.2012
2191.4224	-1347.5084
2169.449	-1369.8727
1152.5856	-1652.8826
273.45917	-2459.8875
2217.811	-1335.4009
2210.443	-1347.985
425.28702	-2113.256
578.3998	-2029.0994
567.95874	-2051.3464
494.51508	-2014.555
689.9152	-1986.6171
692.2524	-1992.1945
2240.5977	-1315.4587
2036.4176	-3855.0085
447.53607	-2082.4272
342.0675	-2370.6467
532.45154	-2124.8088
1525.6499	-1553.5188
1511.3035	-1544.6887
1526.6742	-1570.8
1520.049	-1556.761
552.9537	-2089.2378
221.59457	-3431.1516
502.1123	-2175.1907
537.93396	-2113.8298
505.55563	-2183.7664
511.10822	-2178.6882
-778.6653	-1910.113
1161.6003	-1653.339
1146.6829	-1657.6846
1393.3419	-2593.3418
1321.804	-1560.2019
1203.2174	-1860.5524
2198.335	-1440.4927
2245.052	-1302.1836
2018.2462	-4764.9053
2027.547	-4765.411
1721.5786	-3614.9983
1594.6434	-4599.517
3315.5874	-2645.5034
3140.913	-2914.3137
489.33615	-2051.5078
521.57886	-2036.3066
3304.2476	-1456.6044
809.48444	-1929.2037
529.70245	-2061.2856
418.08774	-2119.323
258.5788	-3021.631
260.71378	-3028.3342
679.79254	-6662.833
-1896.8113	5425.628
-1900.5104	5418.27
-5045.425	4914.8354
-5159.0605	5372.8647
-3196.1165	5185.0776
-3005.6543	6086.2725
-5272.899	5236.886
-3356.516	5063.4224
-3336.2747	5069.0703
-3240.1868	5106.247
-3622.0415	5424.036
-4966.3374	5333.696
-3338.9656	5205.799
-3454.0193	6123.572
-3438.3652	6131.4956
-3442.193	6119.276
-3797.257	-324.95868
-2913.2625	5418.6655
-2909.204	5429.596
-2905.1135	5422.0957
-3137.6133	4818.604
-3120.0703	4856.3203
-2692.0813	5445.7896
-1609.1877	5942.3003
-3365.5571	6173.3716
-3279.0007	6194.4844
-2819.0	4701.512
-2815.5144	4692.8135
-4561.4688	5481.019
-3188.6396	5012.4077
-3180.1357	5013.2876
-2271.3276	6389.0864
-2405.5845	6035.437
-1824.9568	6010.3555
-2162.654	5858.4863
-1904.9812	5475.784
-3270.5144	5087.5
-3260.7559	5089.703
-3393.6394	5934.775
-3392.3064	5926.731
-4501.451	4356.5347
-2653.325	4446.7666
-2717.6963	4565.6455
-2727.8762	4564.2104
-4677.49	5323.3916
-3589.4062	6191.2656
-3687.2937	5399.606
-3677.2058	5403.0464
-3081.7908	5490.958
-2549.519	5501.56
-2511.3943	5437.571
-2142.0789	5369.3843
-2518.8267	5468.74
-2520.073	5477.2056
-5057.3237	5357.4663
-1991.6188	5453.7983
-2002.8022	5443.7188
-1989.5449	5461.8535
-2006.2657	5448.9976
-2613.3596	5434.6724
-2766.045	6653.66
-4947.8228	5022.327
-4420.648	4560.2085
-2436.6333	5948.01
-3027.2764	5009.15
-3182.4792	5262.088
-5065.8345	5338.0854
-5379.843	5184.974
-2810.1394	5537.5146
-2966.5684	5493.899
-4942.7183	5259.0493
-5114.4146	5391.031
-5030.885	5109.572
-5289.607	5301.5786
-5153.0713	5329.398
-4022.726	5918.582
-3957.4705	6387.733
-2666.0469	5519.4517
-2664.9998	5463.3154
-2595.4326	5415.4614
-3066.3884	4918.8086
-2889.7078	6547.539
-4386.2817	5412.8315
-1868.236	5354.0737
-1877.3347	5355.977
-2873.831	5446.0376
-2880.6511	5451.2847
-2874.5874	5454.7544
-2842.6616	5396.4814
-5104.0557	5272.4883
-5223.129	5261.467
-5174.5854	5287.1143
-1880.0427	5339.5283
-1870.9178	5337.959
-1875.2858	5332.2207
-1898.1091	5351.9375
-5250.2646	5199.874
-2962.424	5384.7197
-2877.7683	6444.554
-2992.4495	5415.019
-3473.924	5309.1646
-2442.0332	5936.1025
-2872.4421	5372.409
-4576.8306	5322.523
-3919.5112	4941.0225
-3587.006	6138.0723
-3916.514	6330.5947
-3894.4905	6394.2515
-1919.6062	4899.7407
-5244.5884	5130.7944
-5257.6377	5171.966
-4443.911	5387.0054
-4433.5825	5385.7495
-5055.039	4971.373
-4017.1736	5834.7095
-3758.3943	5499.8306
-3293.612	5273.1646
-3257.6765	5270.5464
-5193.9834	4914.438
-4563.485	4160.208
-3999.0532	5991.201
-3290.359	6159.4756
-5035.1147	4932.7036
-5029.3213	4929.3086
-5027.28	4937.8496
-4006.2969	5349.235
-4419.263	5636.3315
-4306.7817	5611.0454
-2578.38	5450.878
-3848.3044	6103.2827
-3629.197	6047.6074
-1983.6514	5455.8335
-5211.805	447.50296
-832.8483	4657.696
-1691.932	5213.568
-2725.8547	5430.688
-3112.1858	4972.6367
-4762.7085	5320.19
-3710.2805	-570.91254
-3979.0627	5724.8794
-5339.7803	5195.573
-1963.5964	5782.196
-1821.8743	5617.1216
-1827.5718	5611.2725
-1740.3336	5562.0547
-1752.0845	5539.9575
-1670.4741	5554.5254
-1716.3925	5494.746
-1742.0027	5505.193
-1719.5931	5511.617
-3346.9075	6354.4736
-3350.867	6154.3647
-2918.61	4842.296
-3095.9792	5470.656
-3224.54	5105.663
-3952.481	6371.968
-3968.9832	6381.1
-3358.1294	6164.28
-3231.6074	5267.0605
-3224.452	5266.818
-3690.4177	6004.3076
-2951.9138	4932.391
-3195.268	5107.072
-3200.4238	5478.5312
-3193.9016	5472.897
-2856.2168	5376.5947
-3307.8882	5077.067
-2016.5411	5428.7646
-3319.7842	6157.6895
-1774.4448	5511.502
-866.51056	4592.36
-5252.7314	5231.8853
-3687.794	6171.014
-3432.627	6171.823
-1884.248	5413.63
-1893.2762	5412.4766
-4592.1816	5327.783
-3161.5347	6341.111
-1902.476	5345.2837
-3441.9663	5548.5337
-3057.6863	4935.2837
-2398.7246	5065.166
-3231.4084	5316.248
-3343.19	5690.3203
-3529.739	5680.3213
-3061.1052	4911.241
-3771.8655	5374.031
-2988.8318	5422.3066
-3015.3726	5146.882
-1870.3241	5360.943
-2796.7073	6241.4688
-2875.6177	5425.7803
-2881.4133	5422.034
-2723.448	6010.107
-2791.3303	5356.678
-3659.977	5398.2803
-4143.477	5724.7593
-5190.596	513.83014
-4367.5303	5398.39
-3591.0867	5564.7246
-3556.6226	5551.173
-2854.1123	5461.0894
-2861.843	5465.2744
-2862.9993	5454.481
-5342.528	4601.922
-4811.155	5364.45
-2591.3723	5450.888
-3431.314	6028.975
-2429.9138	5963.337
-3510.8486	6103.8877
-3436.5486	6035.991
-4682.951	5376.2524
-3829.8062	6342.046
-3004.8645	6092.2446
-4675.002	5371.1724
-3518.4692	6161.059
-3761.7068	5376.762
-3034.5898	5428.918
-2499.9246	5435.168
-2721.831	5545.0015
-2692.5361	5567.7554
-2616.4446	5551.163
-2742.5225	5564.763
-2605.4683	5598.5596
-2669.667	5575.0073
-2634.4246	5600.334
-3001.2666	5440.5723
-3538.8853	5697.6743
-5053.022	5252.838
-3392.1838	5838.394
-3365.4949	5812.2153
-5130.04	5014.987
-3211.2336	5186.308
-3876.69	6236.874
-5378.8374	5206.6455
-5321.2485	5178.85
-2914.4377	7178.488
-3248.648	5106.7407
-3637.235	5492.679
-3649.947	5454.2036
-5233.4116	4768.374
-5225.0405	4762.4434
-1737.5526	5548.9097
-5395.2886	5211.336
-3639.6443	5456.1562
-3217.9502	5190.977
-5146.807	5277.2256
-1885.4855	6258.766
-3184.849	5088.5547
-3188.181	5082.6587
-3028.6702	4977.6494
-4585.568	5797.5156
-2057.1155	5833.785
-2060.2668	5826.4683
-3829.478	5558.21
-5160.964	4665.69
-5151.643	4671.4243
-3141.0183	4808.8354
-3451.6958	6130.6807
-3445.6116	6133.1885
-3614.6082	5450.5107
-3169.905	4788.065
-3238.3218	4708.0024
-3315.4272	6300.0747
-2746.4272	6737.706
-2771.7742	6739.7197
-3782.6084	5549.9565
-3773.4607	5547.547
-3333.1313	6398.6855
-3902.1677	6233.562
-4606.622	5506.2856
-3625.5876	5591.8115
-1863.8737	5971.731
-3220.752	4962.8677
-3642.0566	5419.362
-3651.705	5417.1265
-2331.324	6241.034
-4034.8718	5405.1465
-4005.284	5412.3237
-1899.6686	5952.8774
-1713.6564	5536.0234
-3649.194	5489.484
-5035.8384	5306.597
-3146.4343	4812.599
-3127.3726	4850.6226
-2335.4546	6224.2505
-2984.6965	4945.684
-3097.2656	4778.041
-4510.624	4356.7915
-4507.9307	4349.4194
-3828.6582	5563.0728
-4042.01	5986.691
-2646.8835	4432.806
-2725.1125	4575.045
-4685.978	5326.137
-2771.0415	4635.5083
-2839.1875	4749.7
-3709.2905	6168.1704
-2918.7288	5130.719
-3557.9263	6221.6987
-2235.3035	6474.9795
-3909.069	6435.4785
-3914.5112	6432.7695
-1738.5422	6198.9185
-5245.3467	4911.814
-5174.944	5364.3633
-5127.2124	5366.5586
-5188.5317	5374.7534
-5139.163	5376.1665
-3340.631	5928.0654
-2573.3323	6603.504
-3311.6497	5277.1484
-2656.7378	6592.3193
-2502.6536	6568.4766
-2576.284	6592.4375
-5022.713	5091.813
-5051.405	5132.2695
-4990.042	5055.966
-4997.648	5054.328
-4691.1274	4788.7827
-4698.686	4785.1597
-1847.8252	5964.0396
-3089.4553	7152.597
-2732.7383	6816.188
-2947.8938	7119.3184
-3111.113	7292.504
-2962.8027	7116.334
-2899.6963	7186.777
-2776.678	6818.4697
-2939.2786	7049.723
-3100.5125	7217.451
-2226.272	6485.8145
-2239.1692	6492.202
-2927.0413	5086.86
-3307.7957	6316.5073
-5362.887	5183.196
-5012.1562	5237.659
-5126.083	5398.5195
-5120.796	5403.7905
-5127.6655	5404.954
-5067.3574	5095.4146
-5187.1	5044.6875
-5081.829	5088.471
-5325.7783	5319.501
-5341.1846	5327.1196
-5240.301	5329.082
-5254.5576	5338.903
-1781.5933	6189.14
-1778.8508	6199.85
-1813.6802	6281.786
-3276.648	4658.8022
-3969.891	6398.0063
-3962.9744	6402.102
-4393.391	5415.1987
-3270.454	4677.376
-2282.187	6493.191
-1809.2234	6177.8477
-1761.1917	6176.538
-3074.6177	4913.4097
-2888.2988	6583.1914
-2892.3767	6590.231
-2890.8306	6575.477
-1821.1393	5992.2183
-1826.5122	5985.443
-1729.5736	5555.0083
-4363.5503	5525.2476
-3759.8618	5707.35
-3992.803	6105.9614
-3943.0085	6247.118
-1739.5814	5976.0693
-3350.864	5929.5996
-5084.2954	5262.344
-2025.5875	6369.2383
-5369.741	4855.712
-5348.52	4867.4604
-5218.7393	4771.069
-5334.717	4849.099
-3886.1863	6116.3096
-4393.9854	5420.62
-5379.3306	4591.6133
-4256.28	5130.598
-4264.979	5129.569
-2739.6875	6549.195
-2875.1716	6465.665
-3299.1301	4635.6187
-3874.817	6104.336
-5059.3447	5320.951
-4023.1238	6008.371
-3354.2537	6364.469
-3593.4326	5402.81
-1717.609	6002.9854
-4802.8	5306.319
-3366.468	5060.5464
-1954.0961	5788.9175
-1948.2931	5792.141
-3636.2654	5539.439
-5303.3013	4906.788
-5271.538	5147.277
-5286.5967	5146.25
-5273.431	5155.8643
-5289.2876	5158.4614
-5243.504	4957.0176
-4907.575	5269.9375
-3302.6802	5275.9463
-3286.9927	5273.6284
-5143.669	4805.6143
-5128.991	4799.087
-5137.7847	4822.2817
-4810.599	4437.7017
-4818.6133	4434.001
-5132.2627	4811.5444
-5122.5737	4808.465
-5126.5737	4820.674
-3679.4258	5522.4253
-2242.329	6456.8965
-2168.8838	6447.063
-5004.708	5285.58
-5080.566	5025.9146
-3295.926	4647.0376
-3894.4302	6100.224
-4011.8723	5996.483
-3922.1555	6061.1064
-3366.752	6282.0693
-5060.6904	5000.235
-5039.28	4937.7764
-4488.51	5701.1943
-4492.679	5696.774
-4552.981	5755.913
-4516.793	5743.169
-4426.193	5644.566
-4429.343	5638.5845
-4017.2373	5351.795
-4016.503	5344.7295
-2250.16	6489.345
-3321.7173	6229.0444
-3315.4749	6238.0186
-3329.8982	6235.3057
-3330.1523	6247.37
-3337.1438	6227.2334
-3345.107	6234.6284
-5044.651	5378.1523
-5281.9224	4932.734
-3603.259	5566.7036
-3638.7131	5384.073
-3017.9062	6931.034
-2904.388	7087.3
-3739.7058	6085.865
-3745.2568	6073.639
-3749.6453	6083.892
-3757.643	6092.406
-3662.0662	6154.5347
-3668.5493	6162.753
-3742.6917	6096.939
-3754.6487	6072.8765
-4935.2817	5284.938
-3214.6606	4919.138
-2964.8918	5008.596
-3194.798	4935.2397
-3091.3938	4972.208
-4955.5063	5257.3154
-4015.3716	5736.3965
-3080.3562	6072.6562
-2902.5186	6090.502
-3077.9473	6081.635
-2899.9011	6099.5977
-2938.897	5041.378
-3032.2896	4970.415
-3798.9841	5554.0835
-5355.2295	5200.847
-1936.3711	5834.7036
-1947.4528	5812.275
-1745.1903	5553.6143
-1679.2766	5550.9053
-1660.7096	5558.991
-1725.7256	5497.6055
-1728.1125	5510.114
-4862.7227	5292.143
-4866.838	5298.4536
-3229.3704	5101.756
-3616.3345	5393.4106
-3351.0903	6164.511
-3360.891	6156.9614
-3350.3088	6368.84
-3345.2546	6168.031
-3846.2896	6158.586
-1315.2179	5053.869
-1308.7638	5056.4326
-3076.8567	5021.1675
-3316.6519	5074.8193
-4026.514	6067.818
-4576.346	5784.9272
-3815.3794	5365.1855
-3893.2998	6276.59
-3576.813	6167.5566
-3835.087	6250.711
-3125.5422	7288.927
-4011.9463	5914.174
-4613.7183	5508.5894
-3881.9404	6131.681
-4013.3547	6059.3047
-4647.94	5834.4272
-4656.0073	5847.9585
-3870.7375	6280.079
-3769.3276	6221.838
-3764.594	6228.876
-3875.3481	6291.6616
-1822.0216	6020.559
-2947.466	6696.8745
-5087.026	5065.4653
-4600.2837	5330.755
-3760.9211	6267.402
-5088.7827	5043.793
-3313.138	6353.95
-4617.906	5806.0166
-4659.4243	5836.54
-2584.1245	4340.5386
-3307.3604	4643.3643
-1890.6107	5700.9175
-3812.3523	5556.865
-3480.4854	5552.2773
-3658.6475	5524.6426
-3669.8704	5530.6553
-5227.532	4768.369
-5232.7153	4763.04
-4941.6016	5357.4536
-5059.4233	4709.0054
-5067.3154	4702.859
-5325.8184	4873.8486
-5265.276	4923.658
-2722.305	4997.878
-2714.6426	4994.4585
-3083.5088	4863.228
-3101.113	4860.3447
-3091.6555	4806.3564
-4989.5854	4979.305
-3560.841	5589.0327
-3383.0017	5501.66
-3387.262	5507.072
-3061.52	4886.069
-3061.4834	4894.631
-3250.4807	6259.3926
-3793.6765	5369.744
-3706.194	5390.2603
-1717.1266	6073.0596
-1734.3964	6127.8516
-3672.0806	5502.764
-2792.0046	6259.304
-3986.1194	6018.855
-3331.4463	6378.6807
-2820.2024	5579.467
-2754.9841	5693.5615
-2753.0554	5703.6245
-3631.0977	5391.74
-1760.8507	6005.8633
-4073.6743	5916.7217
-3618.2517	5586.3047
-3518.4907	5553.015
-3283.3127	4654.3823
-5367.338	4594.7383
-1724.0227	6019.6426
-5239.2095	4634.3564
-5249.521	4629.4683
-4945.971	5308.8384
-4910.47	5388.028
-5314.759	4609.563
-2973.3206	4918.6655
-5303.498	4613.24
-3417.0574	6028.2065
-2936.6404	4992.354
-4399.9087	5399.8867
-4669.555	5847.987
-3872.0742	6115.1045
-1931.7913	5845.0366
-5312.998	4872.9253
-2951.0981	5008.769
-3848.5198	6118.42
-1940.2922	5843.063
-1828.3845	6244.2334
-1818.4055	6268.661
-3267.771	4669.194
-1838.6831	6154.837
-5232.1924	5235.335
-3121.8328	5507.9966
-3117.2876	5500.9033
-5218.451	5275.7666
-1739.3684	6209.6523
-2703.637	6575.44
-1782.3457	6091.5396
-1797.7833	5974.1646
-3034.911	5498.37
-3033.2131	5489.4795
-2810.17	5489.513
-2813.6594	5482.699
-5057.355	5217.027
-3373.9646	6311.769
-3361.8416	5819.1445
-5124.19	5037.286
-4613.1924	5515.9277
-4620.688	5507.017
-1651.7684	5562.8633
-2909.3555	7166.7915
-5013.428	5293.528
-1953.3135	6319.006
-3026.2932	6485.962
-5028.3105	5395.612
-4618.658	5512.7637
-3939.0645	6077.61
-2736.8792	6789.3735
-2776.062	6789.598
-3310.4768	6376.474
-3305.623	6373.789
-5282.4946	4921.832
-5123.4404	5309.3135
-5050.0547	5170.363
-4566.6523	5775.6895
-2258.9426	6444.2397
-3395.522	5846.3467
-5039.1343	5164.9526
-5066.2295	5122.2017
-2867.9795	4769.211
-2911.643	6927.415
-2894.5908	6693.1255
-3008.0984	6897.4326
-2945.4055	6685.2
-3026.6404	6497.0
-3025.6218	6462.684
-3316.3206	6317.9736
-3893.076	6146.006
-2820.4126	5588.5967
-2934.1538	4999.98
-3629.8018	5594.7227
-5045.878	4954.4194
-5243.883	5246.7144
-4055.981	5993.1104
-4026.457	5740.001
-3952.8264	6066.269
-3357.2876	5472.243
-3917.5754	6447.4307
-5254.529	4903.142
-3564.032	5609.5073
-3334.908	5936.0845
-3628.932	6218.0557
-3245.4583	6269.6543
-4015.026	5413.4854
-5207.7573	4908.922
-3108.1377	7251.034
-3090.2803	7181.9824
-2908.3271	7144.3945
-3077.3853	7118.3735
-3061.9705	7069.5337
-2947.9705	7082.7803
-2932.4136	7020.7563
-2886.5537	6598.3813
-3894.598	6243.493
-4033.2231	5923.151
-3596.788	5390.8516
-2249.1035	6503.9277
-3085.6602	7141.8403
-2734.5652	6804.1763
-2947.7048	7106.86
-3109.7344	7279.135
-2957.9966	7104.876
-2901.5234	7173.242
-2776.2107	6805.8286
-2936.7815	7040.6406
-3097.1392	7205.965
-2749.4692	6727.2056
-2771.2188	6728.3823
-3967.0806	6058.6206
-3225.1162	4954.069
-3121.2815	4834.027
-2955.7905	4969.8687
-3866.257	6128.328
-3361.033	6383.084
-3318.5574	6312.95
-3308.013	6311.705
-5095.7065	5091.658
-2738.8062	6778.776
-2774.8352	6779.2583
-1705.1283	5539.1953
-3667.3665	5505.3623
-2254.377	6437.6606
-4809.9917	5314.255
-4952.2188	5319.062
-3353.5007	5938.6855
-3571.0125	5611.18
-2021.4662	6379.9434
-3210.724	4915.039
-5216.33	5030.888
-3945.0771	6369.0063
-3543.411	5705.9917
-3314.0615	5407.473
-3600.9607	5393.5264
-3224.5315	4907.766
-4413.08	5403.718
-4412.6333	5398.7754
-5054.8936	5391.5576
-3570.8542	5591.1396
-5001.198	5398.8164
-3982.7803	5943.077
-3988.436	5945.292
-1837.2129	6164.4966
-4540.73	5750.119
-3962.6494	6065.5845
-3944.3743	6049.403
-3949.226	6075.1226
-4538.5015	5755.5083
-3663.4614	5536.1436
-2789.4412	6268.868
-3243.1443	4963.4404
-3244.0798	4956.7144
-3014.5193	6921.395
-2905.655	7076.259
-2907.385	7053.7876
-3825.888	5363.0415
-4597.0415	5779.397
-4672.254	5842.4814
-3884.992	6097.3135
-4811.8613	5307.9883
-1855.4912	6257.288
-3241.3645	4897.4883
-3338.6167	6425.4346
-4003.132	5729.1636
-4000.985	5735.3115
-3569.4219	5604.801
-3900.7148	6076.0146
-5355.675	4859.905
-5347.59	4839.2144
-2105.5918	6423.425
-4951.263	5286.1646
-3319.832	6164.1064
-3219.8464	5183.234
-4580.154	5774.4863
-5255.615	5242.3003
-2834.5474	4753.039
-3628.9238	6210.5586
-5163.977	5005.749
-3575.1814	5592.0796
-2928.5115	5001.86
-3776.685	6232.531
-3767.8618	6241.622
-1736.8453	6221.4937
-3080.9822	7128.976
-3120.4514	7276.5254
-2873.8232	6475.705
-2577.6216	4336.018
-1884.519	5706.1665
-3924.798	6253.7373
-5305.234	5309.588
-3359.4783	6322.1504
-5150.3833	5003.6655
-5387.491	4853.9727
-5141.6445	5016.2812
-5258.0327	4963.0615
-5194.469	4985.118
-5258.7227	5184.728
-3333.214	6423.746
-3880.507	6301.357
-3084.8726	6162.2744
-3392.3796	5825.616
-3578.3792	6089.912
-3625.9797	6196.8467
-3621.6733	6188.8477
-3573.7974	6082.2617
-3385.4355	5822.127
-3087.89	6152.3516
-3209.4846	4946.9067
-4087.0288	5925.2925
-4087.5654	5918.987
-2499.6887	6579.502
-5162.928	4999.012
-3305.7585	4636.876
-3417.0444	6036.5376
-2940.8594	5001.7563
-4874.3716	5299.9375
-2969.544	4935.5767
-3645.3206	5518.4614
-2915.6433	7168.1523
-3635.4915	6214.323
-1754.6472	6013.9995
-2425.9775	5971.9536
-2911.7734	4831.6406
-2685.6917	5441.823
-5224.6	4911.207
-3042.101	5431.1567
-5241.1514	5285.766
-3102.4055	4766.749
-5335.0317	4863.2905
-2719.7522	5552.7627
-3368.6162	6309.521
-3033.8774	5015.1035
-2990.4524	4952.1753
-3084.9475	5499.3994
-2504.1301	5474.4014
-2505.13	5481.3276
-2601.9758	5439.325
-3095.6047	4766.125
-5203.902	5265.2583
-5349.9395	4853.7925
-2586.4397	4332.927
-2972.4248	5503.7056
-2964.8403	5505.48
-2657.3093	5468.659
-2656.4705	5458.849
-2255.7363	6425.226
-2851.1333	5397.336
-2950.965	5003.0557
-5187.0737	5295.786
-1710.6366	6028.1694
-2965.2642	5377.792
-2870.0042	5381.3516
-1714.9176	6031.4956
-2688.9514	5574.4214
-2695.4695	5574.505
-2721.323	6567.6353
-2606.5735	5550.3906
-2609.1372	5557.946
-3313.3342	6367.8623
-2717.4968	5432.5317
-2722.0425	5422.204
-2650.9097	4438.2593
-1927.9231	5841.0166
-3237.7432	4894.0703
-3108.8074	5487.755
-3104.9087	5471.6914
-5008.018	5411.3765
-2133.8574	6440.793
-2863.0525	5383.0693
-3035.9304	5009.2363
-5356.958	4852.9727
-2744.8591	5573.7676
-2593.1492	5606.286
-2597.8762	5602.9243
-2599.1875	5610.25
-2603.6904	5611.9517
-2603.755	5606.4126
-2594.295	5597.517
-2666.7004	5584.7427
-3334.1003	6412.2524
-3095.3406	4787.379
-1731.1274	6218.729
-5263.985	4912.641
-2867.2778	5396.5225
-1790.2852	5999.1
-2329.2163	6249.725
-5237.13	5289.5127
-3238.7942	4959.3423
-3969.1338	6404.5054
-2594.4023	5445.3477
-2629.6873	5609.0024
-2636.2368	5610.4995
-4534.001	5766.763
-4552.9736	5770.7812
-2916.5586	4829.9575
-4518.6836	5754.428
-2654.8762	4432.3325
-4590.096	5793.183
-3367.137	6393.7163
-3375.7039	6411.1465
-3411.7664	5928.666
-3915.3945	6090.7383
-3949.0164	6273.4443
-3936.2122	6259.994
-1726.7858	6205.158
-3004.5156	5431.838
-2992.977	5438.3896
-3012.9485	5433.773
-2991.8499	5447.1377
-2569.4167	5450.061
-293.1637	-7269.215
-78.565704	-5984.9307
-34.032047	-5924.9043
-939.54224	-6896.16
-863.81476	-6839.4453
-89.15261	-6593.9976
-99.66014	-6720.537
-510.39926	-5016.872
-516.8682	-5030.2886
-1086.236	-6302.6123
4.3807645	-7628.4067
13.639184	-7626.799
-3.2260642	-7621.5967
39.527733	-7541.3438
18.725098	-7334.4434
-344.5606	-6067.1436
-973.0701	-6802.1865
-852.987	-6809.2827
-460.20074	-6888.5835
-388.33908	-6900.7476
-189.39592	-6221.09
-143.45776	-6249.993
44.228325	-7843.052
119.433426	-7325.8545
86.197044	-7041.538
-594.2168	-4596.3115
-191.52441	-7689.866
603.36115	-6855.13
-313.4012	-7002.535
-349.67432	-5615.2935
-381.7573	-5611.7803
-953.7313	-6790.594
-970.3123	-6930.302
-892.0532	-6889.047
-297.8983	-7238.931
-268.9461	-7120.267
-74.26638	-7103.938
-457.1588	-6023.069
-348.8946	-6006.311
-907.064	-6745.5396
-760.8473	-6741.7427
-28.461676	-6011.5005
-24.0952	-6807.838
-24.486876	-6798.8877
-1089.3357	-5900.9907
-1151.065	-6718.6685
737.4569	-6136.0303
-877.2639	-6643.501
-892.557	-6651.4214
-868.4237	-6643.744
-50.96016	-7694.0815
-27.075665	-7443.362
-435.69183	-5215.642
566.70966	-6798.246
-1274.3733	-5875.577
-1117.9144	-5787.249
-1227.664	-5905.847
-123.40412	-7206.0522
-180.47684	-7017.996
261.93658	-6879.5127
-1046.7472	-7034.0146
86.20395	-7751.68
79.31339	-7732.515
-1025.0608	-6732.578
-942.0263	-6771.787
-359.99817	-7269.5396
-327.154	-7124.738
548.5263	-6745.986
450.52087	-6689.512
431.62814	-6443.5737
1132.4312	-5906.7397
929.7926	-6230.6465
94.99923	-7146.565
123.646194	-7331.7314
-849.9132	-6671.163
-843.659	-6667.6396
-848.32935	-6613.617
-830.8372	-6717.065
-702.34174	-6892.239
-900.46136	-4550.7217
70.70073	-8031.1973
82.17665	-8031.6123
77.13402	-8026.504
95.21539	-7880.7295
-350.50034	-7676.376
414.95874	-6318.2104
410.07834	-6326.009
417.46353	-6327.312
-1184.1094	-3901.6023
-320.63922	-7264.372
662.7197	-6975.1416
22.992123	-7684.4165
-1175.56	-3905.1433
-504.55505	-4993.801
-901.72925	-4541.594
-84.143036	-5990.0605
-414.988	-6049.897
-279.18924	-6058.0347
99.86051	-8001.3896
93.2486	-7047.4644
86.59259	-7050.713
579.9009	-6849.36
-369.54318	-7275.846
1.7614187	-7850.7817
7.676136	-7851.899
23.51201	-7841.2427
-290.86945	-7586.6963
-1433.4819	-5932.552
-1407.596	-5936.2524
-1342.7213	-5905.475
-451.1069	-5224.1787
-1360.9048	-5933.1445
-1466.6013	-5970.0664
-322.89215	-7558.0977
-317.39343	-7563.9478
-322.1015	-7476.29
-319.52734	-7471.3384
-311.1207	-7550.98
-317.02518	-7463.792
-65.885826	-7679.1777
-813.7106	-6720.154
-14.513257	-7464.9263
-17.277847	-7654.5107
79.023926	-8053.337
78.14579	-8043.9033
-254.48004	-7616.233
-57.611332	-7287.8325
-14.272687	-7284.7026
-1.4085757	-7037.8823
-235.49069	-7509.4404
-1069.5443	-7077.0454
-1084.8645	-7112.436
-1077.714	-7084.3496
-1076.2524	-7098.8945
-763.908	-6841.806
-951.3523	-5940.179
-944.4117	-5937.1846
80.092	-8068.5596
76.55864	-8017.196
90.97091	-7867.948
-967.2607	-6922.472
-993.3617	-6845.3843
-247.08394	-6129.6245
-797.9036	-6952.661
67.8341	-7722.658
79.16015	-7640.958
-1076.8212	-6749.677
-97.53507	-6729.674
-106.18419	-6727.425
-2.104403	-7691.645
-315.4428	-7267.988
-3.805355	-7704.241
-499.24814	-4988.061
-504.56723	-5012.6064
-503.58014	-4981.249
-506.40964	-4987.4395
-429.4121	-4926.941
-1094.8151	-6306.5713
30.67602	-7713.019
-197.6897	-7782.569
-356.08148	-5648.733
-345.47083	-5643.3867
-527.0385	-6870.8223
-1345.5092	-5944.089
-1352.6666	-5949.3174
-1346.7635	-5953.746
-1028.4319	-6822.9663
-863.7857	-6810.768
-1047.7527	-6842.25
-1036.0698	-6836.1084
-1024.4271	-6833.4395
-1001.647	-6819.7866
-1016.77295	-6821.924
-202.14413	-7118.038
34.31554	-7530.6343
7.330192	-7613.7856
16.617434	-7480.887
13.985532	-7475.3535
-272.10266	-7008.0444
-47.46528	-7276.4546
-589.93634	-4681.143
-351.50357	-6072.966
1140.5376	-5912.247
-445.1288	-4925.953
-860.23175	-6817.7114
-850.96564	-6819.2603
19.709194	-7617.525
-346.70288	-7663.1406
-355.71442	-7673.405
161.75584	-7379.6177
133.96198	-7424.794
-705.8386	-6867.445
-819.71326	-6956.129
-990.5214	-7047.79
-1013.948	-7102.65
-217.2938	-7241.252
-452.6066	-4957.3564
-340.76126	-7500.2925
-332.97333	-7489.8877
-1393.0364	-5974.9834
-218.03122	-7853.457
-228.0107	-7843.043
-207.53148	-7846.8745
-222.49565	-7870.9844
-193.8629	-7770.325
-136.53168	-7203.953
-218.91382	-7827.7783
-204.36443	-7830.5576
-211.01497	-7822.691
10.974024	-7504.2817
-0.44284803	-7483.03
-498.46722	-6684.0405
-948.2795	-6859.3706
-940.984	-6856.111
-1108.7819	-7033.0386
-1143.167	-7078.4443
-1115.7363	-7057.9746
-1096.9502	-7028.263
-1103.7444	-7050.2495
-1072.3872	-7016.573
-1131.0084	-7069.451
-66.51222	-7358.3413
-184.08003	-7184.7
-704.7359	-6902.0195
-357.7995	-7457.0938
-336.6873	-7588.174
-326.9618	-7469.3657
-366.64215	-7466.457
135.68405	-7349.4824
143.56625	-7589.1494
-812.7316	-6763.101
-193.53653	-7673.4526
-189.01897	-7664.001
36.61411	-7660.9775
61.244446	-7588.7314
-237.69012	-7519.588
-946.63824	-6748.763
191.2072	-7416.726
198.26965	-7425.701
-51.960083	-7226.585
-613.1679	-4944.8813
-1445.0087	-5934.966
654.8378	-6954.307
155.1411	-7371.1855
-79.58761	-6473.6685
-77.50252	-6461.8164
-397.26636	-6062.8774
44.40199	-7244.5527
-357.46732	-5254.121
640.4938	-6925.9067
-753.4747	-4588.0127
-583.5433	-4766.7573
-417.67307	-4925.01
608.6389	-6867.478
613.03076	-6862.43
157.65974	-6973.041
-609.61414	-4951.233
-32.66992	-7425.7153
-41.19234	-7415.267
-169.30734	-6014.777
-231.15149	-7490.248
-1394.1361	-5947.641
-1488.4508	-5932.4243
-573.55597	-4853.1465
130.723	-7342.2446
-86.92454	-6914.5923
959.5671	-6245.749
-1033.2101	-7037.986
-226.32317	-7072.0396
659.9871	-6963.2173
-1064.8167	-7007.062
-1032.2408	-6931.921
-281.0441	-7596.096
-1154.5476	-5942.5327
-773.9286	-6937.706
-940.72314	-6924.3564
89.37346	-7712.0713
126.31739	-7719.138
135.61873	-7654.569
-991.6844	-6954.277
-122.288124	-7702.4097
-123.76288	-7696.5576
-1013.8626	-6981.2485
-919.9402	-6931.9517
-931.15576	-6933.2456
-918.7447	-6942.289
949.9569	-6240.572
-407.45847	-6047.004
-428.92703	-6040.8525
39.80997	-7037.4546
-15.225418	-7779.434
-377.9665	-7428.95
-387.95227	-7391.2285
-115.86537	-7249.802
-121.57466	-7252.0947
88.3407	-7682.8223
-1006.6785	-6972.403
-1063.7291	-6747.914
20.565634	-7672.177
17.638521	-7635.6978
-344.20358	-7087.5684
-390.84586	-7352.025
-359.93182	-7397.3677
-311.23422	-6113.462
-273.5581	-6154.464
-227.00435	-7013.238
-1132.0691	-5925.588
-1099.6963	-7097.5796
118.08344	-7707.692
-1158.1005	-5935.986
-1550.045	-5949.386
-352.96936	-5157.807
-1529.5916	-5943.152
-1537.2803	-5944.497
593.72876	-6862.557
-735.6902	-6870.4907
-1434.7501	-5920.4404
60.252342	-7936.903
-347.35275	-5060.3174
153.829	-6964.9634
10.231126	-7636.3477
1.7219422	-7660.6074
27.575512	-7700.194
-926.2214	-6803.6597
-411.16296	-4923.7817
-376.81824	-4891.528
-788.8245	-5968.663
78.40177	-7432.0625
-591.60297	-6845.955
-477.8467	-5125.201
-790.0202	-6805.307
-1074.6146	-6755.5654
19.325499	-7826.8584
-131.2372	-7733.4473
-58.643387	-7278.156
-1112.1971	-5914.5605
-46.31506	-6164.616
-1076.1122	-6493.7734
-1066.2925	-6494.545
-353.14883	-6954.0674
-1038.5842	-6697.769
-1139.8055	-6715.341
-1115.5719	-6708.4062
-175.50319	-7547.197
-175.50093	-7536.652
14.376031	-7723.6865
-25.165812	-7772.9604
-1318.0283	-5857.4883
-1309.6974	-5860.806
-302.80807	-4728.179
728.447	-6132.4434
-1016.7185	-6755.0405
-1007.9692	-6750.128
-363.0175	-5652.363
-37.44702	-7571.893
-42.64741	-7575.0186
-337.27197	-4859.764
-1385.1116	-5967.9043
-1369.8724	-5954.234
144.27887	-7109.9487
-360.25714	-5259.5635
-391.4492	-6057.6997
-1045.2134	-6986.9775
5.7411737	-7836.6694
-984.1954	-6943.068
-1457.1528	-5965.0835
-34.17729	-7680.192
-1560.1902	-5952.5127
-1366.8545	-5903.3623
16.658619	-7644.838
-1315.1942	-5936.484
-395.26172	-7346.8276
54.065132	-7698.794
-328.79486	-7576.6167
-360.10034	-5346.072
-356.78802	-5525.5527
-341.50235	-4961.15
-93.763336	-7163.258
-90.71487	-7030.808
-1091.2433	-6103.7993
-150.30351	-7117.1353
-155.07748	-7113.4575
-293.15762	-7563.246
-286.40952	-7543.808
-254.30266	-7629.419
-1295.9642	-5865.89
-1034.3427	-7140.296
-1037.8462	-7152.754
-1043.344	-7150.3813
-1368.9517	-5918.608
-1039.0934	-6710.6777
-760.5418	-6796.779
-1048.5486	-6721.1763
-1437.1908	-5954.789
-1312.5365	-5890.786
-123.38719	-7216.546
-228.64978	-7021.7993
-273.9003	-6054.2207
-267.4399	-6049.352
-259.42035	-6042.9062
-232.81943	-6189.7437
96.26599	-7989.709
89.30138	-7963.8584
-450.65186	-6596.7744
-398.58936	-6503.8794
-273.81305	-7016.7163
-324.64026	-7622.862
-97.17251	-7289.8184
-93.816154	-7284.82
-136.82088	-7092.3135
176.87927	-7398.6035
-636.2677	-6000.466
-628.84796	-5998.053
-603.13495	-4946.866
-583.90186	-4944.771
-559.6787	-4942.5317
581.5106	-6840.4507
-438.35355	-4926.7676
-310.59915	-7414.0103
-311.06567	-7490.754
-306.91226	-7331.252
90.13366	-7746.498
80.201164	-7749.6353
90.66434	-7445.2695
650.31537	-6945.424
-924.7909	-6943.1846
-1149.507	-5935.4243
-481.66376	-4993.5493
-1077.6318	-6698.609
-1025.499	-6687.917
-1042.5388	-6730.0425
66.4851	-7147.0283
-347.16476	-7201.2314
-385.50467	-7342.3657
-353.12622	-7388.6997
-1304.929	-5889.228
-1291.6271	-5884.148
550.9271	-6757.4375
-937.61255	-6936.4814
-545.5742	-6767.0386
-1036.6703	-7080.677
-237.04622	-7857.364
-207.95805	-7863.409
595.831	-6875.526
-484.52356	-4986.8467
-1109.0985	-7080.011
142.75107	-7513.074
-312.75522	-7258.8125
-63.325916	-6314.5835
-228.43942	-7157.0806
-1376.4294	-5901.457
668.31696	-6972.374
-360.02103	-5436.8325
-80.95194	-6481.533
-458.42166	-5231.4604
-461.1904	-5226.444
-6758.4604	-607.1093
-6662.99	-526.90076
-6669.7075	-502.27707
-6469.5723	-335.01202
-6839.6616	-769.4543
-6814.722	-757.77094
-6805.576	-708.7001
-7175.333	-862.9856
-7159.774	-862.8192
-7176.2896	-921.5599
-7190.856	-923.2188
-6797.708	-646.4408
-6789.5693	-649.6245
-6725.6978	-535.9082
-6447.073	-465.7893
-6733.3496	-529.1312
-6444.755	-457.23508
-6543.014	-591.9472
-6649.0938	-574.0112
-6687.949	-632.07153
-5673.4766	-1331.7477
-5385.0786	-1128.5579
-6861.176	-706.33673
-6871.4507	-704.81647
-6483.845	-348.41974
-6883.894	-836.5548
-7078.8438	-862.53754
-7013.174	-865.8049
-7019.3457	-865.88727
-6766.968	-651.71106
-6898.704	-980.1671
-6710.061	-1001.3442
-6633.2485	-1025.8556
-5803.0625	-1099.8054
-6794.2427	-738.6447
-6782.31	-740.2411
-6580.6187	-679.2453
-6905.033	-668.9953
-6719.592	-627.4518
-6781.4707	-564.59235
-6670.864	-542.1628
-6786.776	-966.8004
-7146.865	-894.9261
-7132.8525	-894.2253
-6608.9673	-477.87698
-6555.4395	-419.25363
-6496.28	-366.89133
-7055.5493	-975.8228
-6943.4565	-868.8348
-6605.855	-863.9438
-7065.484	-977.5848
-6955.189	-871.5007
-6639.1045	-794.0986
-6443.992	-337.51703
-6341.0317	-359.33862
-6455.184	-326.73053
-6853.207	-891.01
-6639.156	-656.2475
-6650.5015	-683.0683
-6506.6733	-464.20914
-7088.7607	-818.961
-6844.9	-967.8038
-6839.2915	-940.18225
-6678.6772	-679.083
-6659.4727	-651.92896
-6791.2686	-892.8841
-6839.707	-994.0165
-6958.8364	-1014.7464
-7014.4424	-1037.9944
-6718.323	-814.8399
-6842.0938	-1008.0445
-6950.687	-665.2771
-6845.0405	-984.9128
-7100.726	-932.7192
-7038.4863	-939.28845
-6861.377	-685.173
-6881.1475	-661.73596
-6789.679	-825.7786
-6515.2163	-297.40836
-6518.663	-288.20694
-6862.268	-514.2568
-6874.77	-509.95383
-6817.8726	-937.2072
-6892.3228	-498.69843
-6896.4023	-504.12753
-6885.352	-885.518
-6895.6147	-889.84155
-6788.829	-777.1345
-6855.7847	-521.60626
-6638.3364	-629.72504
-6668.903	-660.94073
-6647.774	-645.4636
-6804.321	-741.1707
-6832.1895	-711.0699
-6659.701	-663.4296
-6648.0264	-659.6527
-6884.301	-573.0787
-6895.59	-722.6354
-6884.3403	-720.49713
-6869.6177	-541.1801
-6828.7476	-970.24927
-6890.9966	-907.39984
-6885.117	-923.82104
-6565.808	-312.09155
-6558.869	-319.3689
-7074.1523	-1005.0654
-6929.255	-938.5806
-6540.834	-302.23068
-7004.7544	-743.3375
-6884.943	-736.65814
-6873.4014	-732.8898
-6925.886	-602.0413
-6560.882	-351.93872
-6656.81	-676.7943
-6854.061	-871.49615
-6849.6846	-903.81256
-6551.974	-493.7783
-6564.5522	-513.2079
-6848.778	-561.3358
-6839.212	-736.71826
-6220.3813	-1074.2687
-6219.2456	-1067.3833
-6994.396	-982.8652
-6847.8853	-585.2414
-6908.827	-561.3794
-6895.042	-563.0455
-6497.1206	-470.01627
-7071.156	-986.72144
-7078.08	-984.53644
-6516.6265	-473.373
-6844.3457	-815.4552
-6719.2734	-806.03296
-7111.1426	-961.48584
-7130.0063	-968.8608
-7182.1484	-944.0026
-6543.637	-451.47772
-6548.0776	-434.57956
-6917.3345	-668.49365
-7067.073	-1016.7141
-7078.2754	-1025.733
-7021.223	-1047.8527
-7054.3296	-1037.8402
-6924.036	-640.7516
-6472.928	-474.1083
-6977.5073	-968.13794
-6521.286	-464.67722
-6845.671	-537.93
-6937.2236	-666.6636
-6707.348	-720.9695
-6713.651	-719.7023
-6866.8057	-490.33978
-6861.188	-504.865
-6673.706	-721.3579
-6926.8394	-613.47644
-6907.159	-598.36835
-6535.324	-472.944
-6413.7363	-474.7952
-6600.8496	-569.7715
-6823.8047	-827.5719
-6766.4097	-839.9874
-7072.2666	-1039.6598
-7168.0835	-961.9283
-6798.9526	-669.7721
-6987.143	-940.2438
-7075.7954	-914.58026
-6556.906	-389.3303
-6987.817	-978.4721
-7082.7383	-975.47363
-7136.3203	-973.22504
-6743.4707	-756.61676
-6880.9546	-518.30743
-6862.0264	-534.7949
-7090.416	-839.3457
-7100.7886	-891.2342
-6690.869	-694.9029
-6689.691	-701.81757
-6719.531	-791.17664
-6727.294	-526.1816
-6880.451	-556.8903
-6446.7407	-324.67456
-6923.843	-556.2575
-7142.529	-842.0284
-7160.194	-850.06335
-6745.4937	-568.70966
-6725.291	-740.84186
-7058.3296	-987.0956
-6756.6377	-546.36804
-6459.3145	-336.14078
-6866.5376	-922.3378
-6453.23	-477.9712
-6604.9497	-871.32874
-6609.548	-873.9667
-6598.519	-868.85406
-6738.6895	-637.05835
-6731.936	-640.0805
-6481.594	-311.70285
-7102.312	-815.3338
-6438.446	-465.23257
349.7729	969.48676
-987.1767	1907.6178
-1709.5162	584.94965
-1476.7855	537.20013
-1178.0051	918.4938
-296.44446	1555.1847
-993.96295	2086.054
196.01364	1110.8223
-640.9357	1874.8473
-1001.07996	1896.5049
-1008.1361	1910.3906
-1033.328	1845.0192
-1037.0059	1825.4128
-2089.1294	3661.7996
-1439.4254	2755.4136
-1523.462	2861.7651
-1009.8226	1879.8098
-1073.1578	2038.8826
-1067.1615	2034.2495
182.8267	1114.1659
-735.4254	1955.3462
-737.38513	1963.5994
-742.9276	1957.6395
-884.94073	2031.7709
-857.41	2036.7845
-915.4146	2024.499
348.25494	974.98706
593.857	727.2992
-1247.8962	487.83792
-1049.9265	1776.2314
-1037.4614	1771.0497
-1012.4389	1841.7542
-1043.1394	1780.5989
-1110.2102	1349.4012
-1052.9395	2199.9521
-654.34467	-1459.0952
-1008.7752	2115.8298
480.545	859.41016
613.1123	743.8993
603.71686	738.53864
1177.7317	260.32172
-413.92514	1674.2327
-1013.50604	1916.6008
-2366.5237	4010.5251
-2357.5457	4000.377
-934.7715	2003.8363
-2396.6082	4063.4797
-1093.2745	5.7692
214.7802	1092.5988
-1051.8623	1835.6704
-1049.5039	1828.8839
-1945.665	630.30005
-1020.6981	1861.5226
-974.79913	2054.3523
-846.95636	1963.9207
-1118.8839	2153.4011
-2348.807	3998.3486
-1326.7277	2600.0518
-933.9137	2034.3893
-432.2708	1691.0594
-453.3362	1707.6846
-1023.86804	1869.922
-1184.5393	2415.0125
-1185.1772	2382.0447
-1042.3353	1812.5828
-960.4114	1983.641
-929.19135	1998.8179
-1033.2599	2192.317
-2374.863	4041.5374
-1044.4285	1842.2852
-1046.2545	1805.8253
-1165.5941	2392.8994
-1054.7451	1999.1962
-1048.0233	1997.0806
-931.1692	2009.6107
-2531.2063	4289.2246
-2407.1504	4118.8213
-2518.8562	4246.7583
-2372.3394	4024.267
-2455.1155	4156.558
-1043.5549	1772.5105
-955.5461	2040.915
-972.54474	2100.9336
-722.47205	1874.8662
-898.4117	1961.0757
-970.59283	2111.4082
-2390.45	4067.5337
-2338.6704	4006.0876
-695.41156	-1611.9303
-1129.3619	2335.0454
-1147.4875	2366.0486
-1095.6392	2279.4785
-923.22504	2108.3845
-302.9223	1554.1018
-225.31331	1468.8728
-221.07556	1461.9376
-218.98378	1474.141
-1356.8314	2653.307
-1355.1951	2646.4944
-1269.9644	2532.3127
-1237.9232	2426.3206
-397.8313	1657.1324
-383.02292	1638.9664
-2185.7815	672.5631
-2679.3513	744.28906
-2932.422	773.07367
-2430.558	710.53973
-625.34186	1878.0231
-631.71246	1876.6879
-544.8772	1790.8467
-2345.5884	4020.3164
-2358.7761	4031.1626
149.39372	1155.945
131.5055	1165.2241
167.57391	1143.7614
183.10745	1128.868
155.91286	1138.7393
188.11412	1108.7097
92.809746	1197.8583
-66.28333	1333.7224
-796.3092	-966.6129
-942.5291	-478.37866
-3058.6267	783.481
-3064.5457	784.4361
126.62705	1169.5792
-835.9405	2052.7532
-816.89966	2067.5989
-815.2877	2076.3936
-808.46136	2073.8665
-807.388	2066.2947
589.1072	736.4539
596.1525	734.2357
-1153.3572	2358.0432
-1118.1768	2301.556
-5488.595	523.77795
-5467.2505	486.64496
-5470.375	494.26556
-5460.8823	493.58737
-5487.7744	531.563
-5478.845	527.0857
-5245.6455	1096.198
-5250.9746	1198.5332
-5225.246	1165.6655
-5531.225	354.56567
-5394.7183	1267.3931
-5391.775	1256.447
-3778.994	383.404
-3875.9036	621.0636
-3189.9658	796.7127
-3463.6929	789.47253
-4998.255	-36.3902
-3589.3162	760.5116
-5355.7393	605.7275
-5489.978	56.558174
-5466.577	66.53885
-3764.0645	500.29108
-3884.358	564.74207
-3887.5098	573.45703
-3195.0835	788.4816
-3470.3962	783.09644
-3453.6816	809.83777
-3462.808	807.0181
-3465.0913	798.3774
-5478.276	615.6545
-4723.2026	-238.11266
-4442.351	-368.1789
-4337.6543	-538.2761
-4279.97	-438.74728
-5150.316	982.1405
-5400.696	1265.7354
-5512.661	863.1277
-5494.177	840.22473
-3808.475	149.58278
-3874.521	44.668663
-5672.682	312.24747
-5537.959	856.65076
-5539.1123	862.4421
-5528.753	854.18176
-4995.2007	88.60403
-4995.356	72.29904
-5005.6196	80.85509
-4990.535	80.63265
-3760.6602	-451.29825
-5208.103	1221.381
-5202.135	1215.1863
-5244.192	869.3615
-5132.539	912.01544
-5491.77	735.3575
-5500.1323	740.54315
-4985.4854	-30.544641
-5597.863	752.2951
-5504.895	728.1258
-3740.4385	600.7209
-5713.788	311.5473
-5712.3257	323.44403
-5716.4473	318.00403
-5705.172	316.51663
-3650.3235	783.21246
-4007.6926	748.0164
-3828.057	772.7865
-3599.082	719.1191
-4042.5735	-383.7988
-4452.8096	-390.17795
-5772.56	195.55212
-3759.7966	585.60645
-3872.9805	550.4163
-5460.2593	819.2998
-5447.3735	808.13
-5373.724	849.4635
-5357.522	823.7521
-5653.158	765.90424
-5465.954	734.12885
-5475.9946	827.37885
-5518.3037	222.24072
-5432.146	729.45685
-5421.432	731.8796
-3978.7249	420.4185
-4326.718	503.6734
-3864.875	566.56256
-5342.467	1206.4528
-5196.643	1230.9406
-5201.919	1239.2302
-5194.9956	1241.4835
-3576.4402	729.44196
-3586.2275	728.4354
-5265.0874	865.41327
-4618.2163	-337.02798
-4737.732	312.37985
-3725.788	614.08185
-3722.164	621.7676
-4107.9004	262.94028
-4108.6787	278.41785
-4107.363	271.2356
-5173.6196	1177.2418
-5431.5327	1288.1594
-5166.913	1197.1587
-5168.791	1205.3861
-3444.9875	826.3448
-3440.7637	834.6952
-5042.904	153.10983
-5161.126	1123.0079
-5254.7188	1170.9626
-5395.5757	1246.268
-5388.4927	798.8706
-5388.888	813.0387
-5389.6626	806.65283
-5382.2256	805.01086
-5247.572	969.24506
-5210.146	1248.8186
-5190.9204	1201.5271
-6146.469	-272.35455
-6138.9565	-262.49527
-6135.8853	-272.46997
-5007.226	-35.97492
-4881.8994	-54.975754
-5865.171	79.13093
-5174.422	1137.8757
-3585.9258	738.8873
-5111.144	1222.414
-5488.0923	90.55249
-4795.1562	206.38135
-5368.836	1234.6355
-3751.165	629.07965
-5477.076	1329.9675
-5020.382	953.63
-3757.923	558.9738
-4622.0015	-81.951385
-5390.425	1232.4524
-3832.3481	530.5738
-3905.6365	476.2705
-5511.2197	222.29373
-5114.501	1213.0132
-4669.7783	1960.8229
-4939.17	-5.4109235
-4931.533	-2.6152565
-4972.9355	-23.640247
-5661.404	767.2944
-5560.945	732.69464
-3891.4827	567.77814
-5162.8433	1204.307
-5803.5996	-102.997986
-5667.507	769.6183
-5660.7905	773.59576
-5469.5806	728.23047
-5475.2383	735.7881
-5469.357	742.5473
-5665.945	762.98566
-5381.902	815.42163
-5166.4814	1143.2859
-5181.11	1130.9841
-5502.0293	613.30054
-5610.292	751.93695
-5521.653	867.97363
-5517.7754	872.49963
-5493.239	48.44049
-5372.9497	859.0101
-5493.4736	614.188
-5499.415	52.613987
-5000.6064	-44.908676
-5019.903	-45.977608
-5026.505	-53.061676
-5029.643	-46.311665
-5379.7036	858.82886
-5207.6636	520.46606
-5435.8364	726.9491
-5013.6914	81.238075
-5464.659	823.54193
-5211.0107	1263.2893
-5432.573	1243.1711
-5183.0273	1143.6556
-5212.1294	1257.6438
-5382.8667	853.3333
-5608.4165	758.6726
-5498.305	59.801853
-5173.4663	1146.4508
-5185.4414	1137.9768
-5430.396	1249.6411
-5422.476	1242.7115
-5201.44	518.17126
-5218.2866	1257.7762
-5254.534	1097.9993
-4731.4844	-243.03317
-5528.095	221.99951
-5569.1914	735.20135
-5576.854	732.24164
-5565.9194	741.1361
-5573.7944	737.91473
-5571.9604	723.27545
-5569.1406	728.9211
-3870.8945	689.2071
-3883.9631	689.3932
-3877.531	693.313
-3877.319	682.86523
-3718.2583	616.7572
-3581.6362	768.44763
-3591.6697	770.08325
-3585.8489	773.95734
-5279.688	1183.8079
-3793.9585	267.27667
-3584.6362	747.94165
-3577.0374	746.11426
-3859.1443	570.7344
-3864.9126	574.63727
-5176.973	1183.847
-3876.9526	720.229
-3876.599	732.5682
-3882.4138	729.17346
-3871.0264	729.0101
-5433.673	1300.4125
-5440.6094	1293.245
-5439.18	1299.4043
-5445.9575	1290.8821
-5269.044	1224.129
-5050.152	154.09433
-5112.309	1244.7092
-5115.579	1254.8514
-5108.635	1255.1821
-5873.9497	80.15532
-3758.5774	531.8926
-3757.102	500.19803
-3752.655	536.367
-3744.7937	640.38086
-3749.4387	635.9893
-3752.0396	642.5769
-3756.6387	635.00195
-3741.1394	633.677
-5491.2314	1333.6311
-5481.1885	1343.2854
-5483.904	1334.6118
-5486.4634	1339.7397
-5083.821	224.76729
-5272.965	1234.1194
-5277.4424	1229.8417
-4286.7896	-442.67957
-5286.6733	1191.0154
-5289.687	1185.224
-3765.203	-458.14072
-3768.8552	-450.4666
-4048.8467	-386.71066
-4459.018	-393.8419
9236.724	-4659.5386
9258.919	-4880.316
9270.325	-4915.278
9234.686	-4596.978
9263.797	-4902.6104
9313.37	-4719.774
9368.749	-4886.077
9317.789	-4686.193
9301.395	-4689.6733
9306.181	-4784.3765
9277.142	-4585.9673
9260.499	-4758.6987
9360.827	-4815.447
9346.147	-4818.7715
9140.476	-4359.0234
9266.433	-4745.4336
9328.407	-4833.212
9256.2295	-4589.897
9298.123	-4800.6387
9276.433	-4842.643
9298.606	-4718.859
9262.636	-4890.3857
9296.842	-4636.817
9413.413	-5002.366
9407.429	-4984.9023
9229.691	-4551.751
9315.742	-4907.4067
9218.382	-4660.661
9389.961	-4891.5073
9299.649	-4894.3794
9301.096	-4878.77
9396.458	-4960.686
9392.279	-4946.9414
9261.587	-4832.299
9318.766	-4841.4565
8828.823	-3486.078
9098.082	-4218.0645
9379.342	-4924.901
9314.044	-4811.3745
9197.733	-4603.005
9210.858	-4596.684
9258.838	-4729.056
9163.612	-4418.611
9170.168	-4417.294
9403.154	-4941.7046
9357.355	-4888.88
9329.977	-4860.395
9195.375	-4494.0327
9256.069	-4711.4185
9203.954	-4517.6606
9286.687	-4897.2866
9183.35	-4371.9424
9432.304	-4985.005
9419.348	-4969.328
9282.729	-4703.264
9394.396	-4882.4746
9381.016	-4903.75
9242.088	-4570.43
9272.397	-4623.5205
9250.599	-4537.489
9228.664	-4663.768
9390.624	-4971.9937
9385.859	-4868.939
9382.604	-4874.153
9369.664	-4866.7334
9207.431	-4542.814
9363.3545	-4857.393
9343.975	-4911.746
9348.763	-4858.003
9342.188	-4891.67
9410.251	-4920.539
9286.887	-4670.67
9353.721	-4840.931
9337.435	-4766.057
9243.824	-4589.634
9282.748	-4640.7114
9397.419	-4905.0986
9230.519	-4679.899
9318.584	-4862.264
9301.98	-4824.865
9274.042	-4885.947
9252.525	-4606.351
9268.152	-4818.229
9219.7	-4636.2944
9254.204	-4742.888
9322.161	-4894.664
9263.839	-4610.479
9221.125	-4689.432
9179.811	-4378.753
9407.607	-4970.592
9274.093	-4875.9478
9292.369	-4850.659
9308.967	-4825.224
7293.392	-1293.871
7285.7686	-1287.0634
7438.1445	-1412.8641
8080.0005	-2275.672
7444.5566	-1418.9626
8686.109	-1851.8724
8649.357	-1874.117
7212.524	-1242.08
8678.355	-1722.0242
7216.2124	-1249.5092
8652.203	-1883.7747
8722.005	-1900.8702
7426.0566	-1401.1926
8727.997	-1909.9928
7413.706	-1390.6094
7408.676	-1383.8872
7239.0894	-1248.4424
6866.601	-945.8797
7061.7144	-1105.6897
7054.4185	-1099.2645
7040.514	-1096.8074
7039.561	-1088.7888
7193.925	-1214.8281
7205.2314	-1230.8292
-3528.4492	-121.025475
-3649.7466	-491.30823
-4444.132	-730.2987
-3584.0227	-414.19626
-3582.0571	-405.10403
-3474.7712	-103.43462
-3477.4878	-111.59851
-3628.0515	-147.55829
-3628.394	-140.83102
-3611.6987	-112.72037
-3617.9868	-142.81549
-3603.6987	-114.88314
-3609.2607	-106.76669
-3480.761	-80.53475
-3582.299	-136.31082
-3507.3125	-319.7451
-4201.5195	-694.4631
-4193.2676	-690.7734
-3468.7563	-110.0429
-3588.2583	-125.62993
-3594.0056	-135.55711
-3575.4138	-123.940384
-3579.4229	-147.1934
472.418	-6416.65
464.88773	-6256.716
1632.7412	-4760.2964
545.7655	-6102.667
-234.0815	-6425.973
-366.5351	-6487.02
1049.536	-5435.3315
782.4996	-5462.856
-237.65492	-6436.847
606.50684	-5999.2617
458.0906	-5344.385
418.14334	-6297.9595
398.0947	-6261.7017
424.52576	-6279.4253
404.57324	-6250.7446
-390.7513	-6416.395
-541.2266	-6414.445
2534.1892	-3671.6145
443.0131	-6305.8438
2781.1323	-3588.679
2833.9807	-3518.3572
516.0696	-6529.1255
1147.8102	-5784.023
-151.27606	-6359.534
706.1575	-6662.5728
614.29047	-6600.735
2036.3422	-4099.2964
1120.7388	-5392.851
523.19745	-6600.326
465.67783	-6375.4917
2864.5774	-3589.365
-324.26532	-6428.1006
-341.11536	-6450.1133
-304.21954	-6401.803
-427.666	-6409.705
1021.496	-5548.563
1014.6584	-5543.995
867.3019	-6602.2646
2397.798	-3818.7507
2290.5154	-3868.4597
1592.5453	-4677.4663
1201.6808	-5416.5894
1117.7468	-5896.6094
1908.6107	-4321.447
987.52185	-5568.595
499.06897	-6143.852
570.7493	-6720.625
574.7917	-6730.6865
801.5062	-6694.7383
881.7675	-6343.764
848.05786	-6289.271
450.0985	-6151.7876
674.6555	-6365.301
764.4098	-6510.1006
776.1982	-6507.9604
876.41644	-6535.4663
675.3937	-6029.103
592.0903	-6680.0044
108.55371	-5748.569
1647.1427	-4768.0015
633.41406	-6077.1406
626.1609	-6073.1646
502.0402	-6486.979
271.69513	-6341.5264
1346.5691	-5270.7817
1239.0687	-5203.0723
2815.606	-3589.8728
1412.1172	-4921.9575
1507.2775	-4745.015
1557.4789	-4597.7715
154.42932	-5393.95
477.8769	-6060.647
193.05907	-5464.1016
2699.968	-3552.8796
1342.8849	-5027.649
1247.7805	-5365.9453
658.67303	-6398.502
637.35974	-6692.6084
653.3938	-6052.635
2273.99	-3883.0852
2846.9922	-3586.2175
0.410462	-6342.965
3.225689	-6331.7334
2690.5286	-3652.144
792.03156	-6678.3047
1756.825	-4972.4155
500.53497	-6522.2974
892.6899	-6447.9224
684.57776	-6634.017
162.4657	-6248.7524
954.20233	-5623.8135
2259.2332	-3899.7627
-239.98274	-6444.089
554.4625	-6608.0205
988.5676	-5589.651
525.33765	-6567.7607
647.00574	-6652.632
1534.6937	-5058.6294
1528.1525	-5068.47
172.50328	-5466.241
163.11327	-5468.439
507.9449	-6543.741
1228.8955	-5200.6807
896.962	-6220.2456
808.7681	-6174.503
1143.3365	-5027.937
1139.737	-5022.9824
717.77454	-5391.1865
1312.2196	-5305.9736
8.549868	-6336.3525
869.6831	-6199.3413
1376.4336	-4994.2886
631.7635	-6682.2656
713.6535	-6672.7764
529.7399	-6712.4204
468.21613	-6735.518
539.13525	-6619.2476
752.47845	-6674.4126
835.6147	-6690.1304
823.9892	-6672.881
843.8569	-6700.4478
2860.5798	-3429.1843
847.37366	-6658.563
-229.33806	-6412.5063
1329.0499	-5074.4336
730.8046	-6580.0894
1442.0723	-5170.2935
717.55475	-5399.139
725.15314	-5389.178
1181.1849	-5300.028
578.8835	-6215.8257
603.85895	-6707.5913
1426.0767	-5195.502
2500.204	-3765.79
569.7466	-6157.6284
1511.8962	-5053.178
-357.49554	-6002.9556
1102.027	-5390.094
1099.4951	-5384.248
2859.7922	-3571.297
554.19446	-6064.288
592.5935	-5976.8584
178.8664	-5623.8447
1171.6208	-5667.1436
1435.399	-5165.259
527.09827	-6576.674
483.50714	-6202.5234
893.9792	-6285.4634
806.671	-5828.9126
1997.9421	-4067.062
1033.0883	-5491.601
1415.0029	-4928.456
1146.567	-5327.9517
830.5087	-6529.063
926.7795	-6168.2803
539.57715	-6600.6294
540.0032	-6628.2915
2597.8198	-3710.836
1150.8136	-5333.8115
1775.7738	-4541.368
1989.9355	-4992.9067
713.02704	-6125.683
712.264	-6007.9424
568.58527	-6072.6743
1597.6664	-4561.8438
1918.7402	-4725.389
1000.3891	-6083.103
1897.8046	-3991.8335
736.8041	-6587.813
1189.5103	-5544.4653
1190.2953	-5266.8394
-1.1066215	-6350.091
496.5723	-6110.017
1541.3499	-5081.5806
1531.1748	-5081.6865
1195.2012	-5271.3735
915.9342	-5653.4814
911.00183	-5585.3477
1542.5958	-5099.6367
1127.9731	-5415.909
-361.20578	-6469.487
4.593714	-6312.893
2071.2969	-4908.2266
1352.8939	-5277.121
1270.443	-5132.3184
1222.8713	-5121.745
704.6955	-6006.5093
690.70355	-6004.821
383.59933	-6219.9165
551.6599	-5804.914
-63.503586	-6394.532
2223.3408	-3900.2146
549.2085	-6668.7827
2191.0623	-3903.2942
808.3403	-6229.12
698.748	-6190.816
1073.695	-5999.7334
1066.0942	-5994.875
1333.641	-5079.8667
899.39526	-6455.762
171.69623	-5543.7803
1549.1066	-5108.1587
758.16187	-6685.5835
321.21454	-6180.8174
-362.1998	-6480.1606
580.60065	-6081.275
1426.7189	-4918.689
-354.25076	-6467.3755
1202.1711	-5389.6997
588.24414	-6088.315
567.35333	-6608.175
543.40344	-6433.2856
516.41644	-6558.92
1262.8506	-5176.181
377.7655	-5916.6406
1956.987	-4032.9944
1950.3906	-4030.4546
609.0405	-6634.1475
278.6708	-5762.609
178.49818	-5613.9277
103.92466	-6370.434
2364.4597	-3787.9504
445.4998	-6117.06
519.15063	-6046.402
446.08273	-6136.356
3032.6133	-3189.5486
3187.3281	-2943.5745
3025.4424	-3186.451
3180.8457	-2937.5813
503.775	-6151.425
814.33905	-6561.861
803.98566	-6551.5283
797.1992	-6544.181
2252.9016	-3894.6548
902.74084	-6450.1597
1056.2606	-5482.5723
2860.477	-3536.8306
2282.5388	-5195.9854
2204.4734	-5187.141
1809.9109	-5017.2637
1823.3683	-5038.064
2232.9573	-5122.2334
2264.0808	-5108.933
2258.0305	-5236.3867
2291.8066	-5219.617
2261.6987	-5050.6597
1813.8865	-5036.67
2233.5447	-5217.562
2228.3823	-5003.545
1821.9746	-5028.409
2282.239	-5075.898
2171.4138	-5014.381
1791.6971	-5006.182
2285.5447	-5058.048
2184.248	-4983.865
1369.5663	-4994.0215
1322.5139	-5066.7627
2277.3687	-5242.7153
2186.6384	-4936.388
2103.4573	-4821.268
2249.3008	-5007.605
2261.8855	-5087.478
2254.327	-5120.639
2230.2043	-5035.882
2185.752	-5028.525
1802.864	-5024.5356
2135.948	-5092.175
2208.055	-5027.7217
2290.3467	-5236.353
2274.7559	-5033.5327
2156.6416	-4996.286
2198.9958	-5034.5156
2138.9355	-4975.9185
2143.1956	-5079.8584
2143.813	-5039.236
2140.6792	-5010.897
1815.2102	-4684.783
2207.9146	-5014.9194
2172.3806	-5146.104
2262.5955	-5164.633
2145.031	-5062.999
2250.0508	-5065.426
2085.443	-4816.8887
2137.293	-4952.742
2199.5437	-4998.255
2239.823	-5132.1284
2069.9248	-4849.372
2117.5396	-4869.2524
2208.5452	-4979.097
2112.4907	-4825.1543
2139.2656	-5102.4854
2218.5234	-4980.9385
39.579212	-5880.749
920.3179	-6245.4785
915.7525	-6237.7534
908.5349	-6558.545
182.92366	-5464.729
-306.76865	-6410.356
-312.9591	-6402.6655
550.73364	-6108.8687
486.1563	-6439.5967
898.6047	-6551.545
489.44778	-6452.163
491.49915	-6459.796
378.76382	-5909.514
-397.77457	-6420.266
179.10509	-5630.321
2262.969	-5006.233
2261.0076	-5013.074
839.3542	-6534.9233
924.357	-6240.907
451.1576	-6160.2354
174.70772	-5552.8145
177.11212	-5559.4873
440.28976	-6139.3794
403.99017	-6164.237
2111.6897	-4808.2314
2103.0908	-4812.6
1793.9622	-4543.6733
1786.8973	-4542.7944
2904.5354	-3527.1604
2875.3394	-3459.6396
2705.3328	-3557.915
2013.491	-4073.163
2006.7446	-4070.5928
2885.1665	-3489.3564
2882.1816	-3517.4019
2896.7043	-3523.6616
2893.186	-3490.021
1638.1436	-4755.485
2044.1014	-4103.503
2877.0454	-3601.0498
1227.5482	-5380.654
769.39136	-6518.8984
763.6486	-6522.0923
773.696	-6513.966
1652.0637	-4774.7686
1655.5992	-4767.831
485.7398	-6061.9097
470.69708	-6062.9556
477.17944	-6052.504
200.06105	-5468.2
198.28313	-5458.6055
1445.9957	-4912.926
993.5853	-5596.0864
2217.463	-4974.1304
1540.347	-5061.3086
1545.4718	-5060.8115
1543.7068	-5052.0435
1351.0791	-5032.1934
1356.2849	-5035.1943
822.65485	-6570.457
1420.1492	-5199.449
1417.8207	-5189.6353
1551.269	-5086.723
2883.5996	-3607.0684
1438.9396	-4915.792
179.29431	-5564.9243
376.89417	-5921.899
1257.5327	-5170.73
360.99887	-6173.7964
169.20096	-4382.7656
52.161983	-4779.0845
-310.2587	-5683.9023
-249.45201	-5767.178
46.68708	-4640.9634
-105.15289	-5605.411
-999.9022	-5120.396
135.43816	-3887.1213
135.08723	-3879.5024
12.458643	-3673.7207
-1041.2474	-4335.497
-1088.1869	-4278.0093
97.139145	-5043.4053
-54.003777	-4797.3687
101.76095	-5049.168
94.56549	-5037.773
-48.065628	-4795.655
-328.94888	-5665.218
-955.506	-4900.9097
-948.3232	-4854.4106
-946.5468	-4897.307
178.42094	-3655.6514
-1176.1099	-3896.8035
-1650.1067	-2514.2915
-2232.0298	-1562.978
519.8137	-3677.6145
514.5943	-3673.7234
-1680.4373	-2447.4546
-1526.1757	-2199.9485
-1497.9534	-1977.3639
-1870.3698	-1776.5912
-1507.3289	-1975.3081
-1869.7249	-1770.2821
120.75809	-5536.553
-747.3888	-4589.5854
-598.97034	-4634.3735
-596.0932	-4512.791
-1067.6812	-5642.2783
156.53032	-4960.3965
247.93742	-5290.0225
256.35498	-5290.679
245.36623	-5281.36
-798.7802	-4766.957
-1555.5952	-2417.2603
-1126.1754	-4177.128
-1150.3231	-4155.058
-53.42628	-4597.3623
-848.8486	-6559.2725
-797.3382	-6412.6284
-448.39832	-4679.6978
-890.29456	-4546.061
-884.7492	-4236.586
-762.4382	-4821.084
-968.4199	-4440.478
-2595.5078	-1348.7933
-956.2326	-5699.414
83.662125	-4286.7573
-296.2902	-4728.9536
-346.1945	-4778.659
-307.86197	-4707.378
-433.6406	-4901.8726
-230.44354	-4749.862
-1085.0675	-4256.324
-1371.975	-3390.0684
-1620.0582	-2572.8928
-1590.8699	-2624.906
-1647.3705	-2451.9724
72.34396	-5447.964
-109.44066	-5610.3374
266.4813	-3901.2354
-95.8932	-5610.172
-85.56684	-5608.74
-717.13983	-4873.825
-1173.8015	-3756.5457
-1165.3636	-3652.5051
-1105.4601	-4245.937
-1066.893	-4307.499
-1117.77	-4212.7373
-1185.4722	-3828.06
-1181.0463	-3792.3882
-1184.5967	-3863.0708
-1174.3159	-3826.9128
-887.58954	-4582.971
-1188.4703	-3753.947
-1047.561	-5384.345
-830.27985	-4711.6025
-891.407	-4565.449
-770.09094	-4822.3027
-1007.47125	-5122.517
-1146.1118	-4084.6375
-857.05707	-4655.6914
-1191.4602	-3863.4102
-893.5439	-4536.0137
-1182.3179	-3754.9646
-1162.7904	-3991.7222
-1039.4454	-5382.609
-879.76215	-4596.752
78.52475	-5448.918
-103.25087	-5614.0273
3366.2139	-2703.4624
3547.8677	-2464.2983
3557.991	-2480.144
4425.681	-1811.2802
4428.3945	-1821.336
4367.2236	-1725.89
4352.3467	-1673.5319
4337.8813	-1682.8402
4391.3813	-1761.4734
3569.244	-2497.6619
4410.652	-1789.3777
3564.8228	-2490.7434
4359.291	-1655.7323
4359.035	-1631.4961
1811.0364	-1167.5026
