-5404.988	6087.6543
-5833.262	6152.5176
-3739.8206	-1218.0651
1772.3429	6274.6084
2167.7046	6424.559
2713.767	5785.5513
2706.5833	5786.9663
2708.5703	5779.9224
2705.6692	5762.8086
2680.3494	5761.1143
2754.7302	5853.167
2156.1511	6444.039
2155.176	6430.3975
2028.8069	6447.1777
2149.6638	6442.3438
2024.4299	6457.0293
2030.7206	6457.6904
2029.8615	6316.241
1968.9755	6326.323
1891.66	6274.216
2198.899	6401.011
3449.3923	5462.002
4259.315	5971.472
4087.8384	5925.7153
2320.5542	6194.993
2611.205	5853.8687
2172.36	6405.4673
2931.825	5760.284
2004.0238	6423.0635
2383.6348	5818.0405
2368.974	6092.8076
2343.3848	6083.1865
1849.457	5735.4785
1856.3928	5735.883
1697.7006	5763.043
1936.7755	5996.126
1927.0814	5999.017
1934.0408	6004.8633
1929.7552	5990.268
2191.6328	5682.629
2415.4414	6156.151
2642.2764	5945.203
2657.1824	5956.769
2037.4705	6080.64
2033.146	6072.8003
1679.41	6146.711
2041.6589	6073.227
2505.4028	5801.162
3405.141	5331.9756
2655.633	5757.693
2196.957	6375.304
1780.5265	6322.892
4179.5454	5994.2793
1832.0953	6442.7603
1810.7249	6264.599
1696.8683	6311.691
3206.98	5665.1123
2361.4197	6177.747
2316.5522	6177.8306
2273.044	6174.1357
2726.3687	5750.525
2298.6196	6131.1963
427.0534	5595.656
432.08313	5581.3223
424.77057	5586.925
915.3289	5537.648
1949.8209	5402.186
434.3866	5590.0996
923.63214	5539.5986
1956.5121	5404.254
2601.4426	6320.293
4407.278	6164.8037
4354.918	6105.8184
2923.9067	5764.944
2603.804	5781.8174
2576.756	6256.561
2567.808	6160.2354
1649.5573	6384.315
1565.446	6339.668
1488.1156	6287.7476
3302.9229	5638.2466
3113.8696	5699.6694
2279.057	6372.7207
4126.016	5908.1743
3112.537	5431.792
2592.7788	6288.7656
1765.6555	6292.246
1780.4111	6279.3853
1758.3158	6298.848
1770.0878	6281.0117
4388.481	6088.5493
2501.7722	5931.898
2690.274	5908.8877
2685.3762	5899.4595
2965.905	5933.7393
1834.3329	6328.75
2022.1005	5709.045
2922.4385	5753.851
3209.5854	5422.625
3068.3442	5591.732
2461.6934	5826.883
2343.373	5790.041
2153.2285	6275.2236
2438.3518	6050.293
831.67676	5990.3
2451.6223	5795.089
1842.1624	6246.8335
2996.1238	5271.052
1739.2211	6419.442
2588.322	6276.628
1821.5355	6317.42
4426.71	6192.9443
4435.239	6215.765
2773.667	5722.858
2766.5332	5720.8384
3225.205	5280.519
3229.3623	5290.1455
3221.7573	5290.4014
1745.8109	6328.088
2183.1274	6404.249
2405.71	5859.7646
2411.3625	5854.2417
2420.98	5844.992
2242.5256	6233.7344
2816.9626	5799.582
3692.3557	5829.9893
3696.1707	5822.58
3688.5393	5826.169
3686.8481	5818.5464
1985.2622	6378.8335
2610.2703	5846.675
3991.4907	5858.105
3493.2727	5579.7495
2643.2048	5963.0996
2838.087	5834.0444
2281.7925	6205.0024
2578.6946	6332.938
2440.784	5717.484
2534.815	5792.7373
2352.8967	5789.918
1955.9281	5773.71
1824.5775	5769.0967
2543.764	5634.2686
1864.6589	6311.8647
2174.3027	6317.74
2241.5913	6207.011
1928.815	6450.8105
1799.7202	6332.1772
1680.088	6303.082
2534.8408	5889.1475
2828.5437	5532.786
1684.6115	6298.737
2199.3403	6200.135
2227.8486	6164.78
2284.8013	6123.2754
2266.7751	6149.735
2087.0977	6147.0063
2191.4702	6208.8784
2221.4802	6171.7666
2000.0505	6432.336
2167.6938	6383.113
2628.443	6023.6562
2621.8325	6006.2407
2624.4927	6014.7295
2631.8774	6032.5996
2182.7104	6418.576
2388.693	6170.924
2556.3518	6253.943
2540.9817	6276.9507
2546.792	6193.5176
2518.8975	6070.243
1777.9448	6306.0547
2233.4094	6202.5835
2403.4443	6042.155
1717.5109	6325.147
2193.7852	6416.7715
2000.0764	6149.401
1874.1785	6226.2715
2132.747	6064.4795
1995.1031	6155.268
2588.0415	5920.601
1323.3778	6231.163
1315.2599	6226.207
1323.7218	6221.294
2550.4395	6291.838
2400.2454	5791.7563
2522.9695	6320.041
2741.9133	5734.447
2334.3113	6097.9067
2089.8604	6299.3896
2574.645	6022.249
1892.8744	6286.766
1987.3167	6219.2373
2205.0784	6312.5513
1793.6172	6298.158
2168.151	6354.6836
1729.0535	6254.862
1674.7202	6282.9067
1810.8982	6219.6763
1497.6335	6253.585
1736.828	6252.735
2365.4604	5657.208
2612.4104	5862.773
1806.2838	6310.9907
2755.448	5717.836
2590.7896	5825.0117
3050.6274	5584.6313
2764.6243	5784.3677
2731.68	5755.183
2455.8699	5840.057
2459.7783	5846.7407
2452.5183	5848.0674
2447.8867	5841.547
4479.4033	6196.688
4440.2095	6187.7017
2430.8572	6384.891
2349.7725	6284.185
2348.5488	6274.356
2605.1797	6354.837
2335.7734	6411.687
2333.0151	6398.881
2539.807	6009.861
2567.9016	6328.612
2598.219	6342.1475
2383.149	6398.182
2549.2026	6330.099
2554.516	6308.2803
2476.2366	6359.17
2563.798	6309.826
2534.243	6333.261
4268.12	6054.0366
2330.794	6199.8994
2530.389	5626.8057
2536.1477	5629.889
3682.8457	5829.271
2745.6025	5906.1406
2750.62	5914.1426
-6031.2627	-4922.9863
-6073.097	-5617.607
-6004.1235	-5559.218
-5909.053	-6197.2803
-5812.864	-6091.6226
-6095.892	-5753.344
-6144.877	-5997.918
-5995.7446	-5983.9673
-6027.3647	-5986.675
-5988.246	-5982.1396
-5885.6357	-6044.6187
-5866.7627	-6020.2637
-5879.6895	-6036.202
-6701.5854	-5047.9287
-6525.436	-5048.261
-6576.254	-5175.8154
-5793.454	-5951.804
-5757.9663	-5899.1704
-6008.8223	-6053.9062
-5979.3945	-6037.6187
-5912.981	-5952.388
-5999.336	-6048.1787
-6097.4297	-6338.2095
-6082.349	-6299.853
-6042.4277	-6201.6094
-7726.66	-5052.605
-6074.0938	-6346.0713
-6603.271	-6364.3887
-6122.447	-6344.1226
-6107.8384	-6323.1626
-6320.149	-6140.518
-6310.3413	-6133.8555
-6282.018	-6078.939
-6279.3164	-6071.858
-6293.847	-6084.668
-6276.249	-6078.591
-6267.7773	-6074.498
-6274.8076	-6083.9507
-6002.7295	-6308.737
-6062.0386	-5762.777
-6075.4863	-5962.815
-5826.8765	-6026.244
-5854.8804	-6015.8867
-6070.4614	-6349.4863
-5806.9507	-6020.9097
-5750.0845	-6005.7324
-5758.19	-5998.8516
-5523.505	-5843.9546
-6002.221	-6317.4546
-6051.788	-6315.9385
-5428.767	-4819.9297
-6616.2734	-5047.8784
-5420.8696	-4819.363
-6236.25	-6069.6675
-6230.594	-6065.146
-6062.869	-5932.987
-6615.231	-6391.9424
-5811.1167	-6031.6626
-5784.5547	-6036.955
-6589.6064	-6366.112
-6052.42	-5935.219
-5963.372	-5906.0654
-6606.9644	-6383.916
-5824.4155	-6049.88
-5821.734	-6036.704
-5894.697	-5706.925
-5822.971	-5976.2446
-5820.1636	-5983.8784
-5784.713	-5870.2407
-5901.2964	-5704.414
-6594.3667	-6357.376
-6175.214	-5685.006
-5987.0957	-6062.873
-5986.7783	-6082.826
-5854.6885	-6025.396
-5834.804	-6019.304
-6031.025	-5745.058
-5987.6616	-5725.996
-5884.2217	-5710.5234
-4866.7783	-4481.143
-5524.746	-4798.929
-6847.86	-5047.618
-7224.234	-5046.176
-7594.8896	-5044.5327
-6687.2134	-5047.7837
-6605.8926	-6358.255
-6257.6133	-6089.149
-6253.214	-6078.93
-6043.1006	-5746.1753
-6021.4805	-5550.5073
-6027.4663	-5543.252
-5866.4897	-5959.9546
-5935.974	-5973.8906
-6572.915	-6347.509
-6108.8203	-5688.0015
-6092.59	-5651.0337
-6066.892	-6333.7266
-6099.8257	-5967.796
-5666.7256	-4992.629
-6035.3516	-5358.881
-5681.6562	-4992.7334
-5689.884	-4992.644
-6562.1416	-6337.7593
-6487.0874	-6276.3867
-6085.448	-5776.713
-6072.9326	-5857.0923
-6020.887	-6145.6826
-6014.9883	-6146.8423
-6403.54	-6208.445
-6041.9707	-6338.981
-6034.812	-6340.755
-6130.2314	-6368.687
-6121.172	-6357.416
-6001.1216	-6290.2534
-6036.9966	-6328.8403
-6132.569	-5686.3076
-6114.523	-5646.438
-6095.719	-5726.4395
-6042.9946	-5723.989
-5949.0225	-5978.583
-6184.626	-5683.3506
-6187.451	-6025.605
-5915.3594	-6030.205
-6178.3066	-6023.475
-6193.943	-6043.253
-5810.185	-6102.509
-5816.736	-6102.2974
-5797.49	-6070.4746
-5782.689	-6050.3105
-6736.5596	-5047.979
-5986.109	-6053.545
-6113.021	-6354.148
-6765.616	-5047.9683
-6045.4946	-5987.669
-6305.3022	-6089.0034
-6110.55	-5970.6943
-6143.3096	-5681.9097
-6068.585	-5987.286
-6534.3813	-5046.4185
-5955.1426	-5981.0405
-6058.256	-5982.3896
-6029.901	-5550.362
-6578.6167	-6353.0244
-5949.1226	-6036.966
-6102.097	-6346.574
-1449.4923	-14.652208
-1404.2692	171.90125
-1568.5928	438.4788
-1577.228	434.8958
-1569.9688	429.05197
-1412.3025	-1279.1227
-1979.42	432.20786
-1456.6166	-1797.6937
-1459.4999	-1805.233
-1499.4014	-1934.9663
-1607.3412	765.01196
-1448.5795	-1766.9078
-1790.835	645.69836
-1992.1998	866.619
-2001.8883	867.48706
-1984.1156	872.15204
-1994.8181	876.2249
-1993.5223	857.3453
-1643.2921	-2639.3452
-1649.9357	-2646.2358
-1653.3455	-2637.302
-1452.0513	-1998.3234
-1459.7327	-1997.4984
-1479.5206	-1965.3385
-1808.8107	493.96555
-1808.638	500.72202
-1455.1993	-1983.9344
-1769.9191	-3109.7556
-1771.6348	-3116.8801
-1019.5178	-3176.7437
-1401.7185	-641.11755
-1375.8887	-818.9845
-1393.9222	-637.07263
-1401.5498	-1087.1135
-1393.7428	-1086.249
-1730.5549	460.3312
-1769.0736	549.24097
-1710.0487	395.5565
-1735.6392	466.8724
-1424.0133	-3464.7417
-1437.568	-1543.5167
-1376.8274	-971.6589
-1354.3834	-1000.9643
-1172.8164	-280.29752
-550.7688	-1249.9972
-1408.6384	-503.9658
-1478.3617	87.34111
-1416.6316	-1285.3639
-1454.0106	-2170.7957
-1502.1222	-2217.8826
-1450.1788	-2163.722
-1948.1587	-2951.2375
-1955.0867	-2953.487
-1550.6267	-2265.5876
-1892.9666	466.00226
-1353.874	-2819.026
-1475.3835	-2974.8772
-1420.6115	-1435.7268
-1424.4928	-1441.0474
-1435.0063	-1601.1747
-1390.0907	-888.79016
-1388.8184	-1028.9846
-1511.9401	209.55473
-1526.3284	261.04428
-1393.0222	219.2822
-1741.4666	541.1954
-1746.0298	534.76935
-1399.4613	-955.94867
-1751.0585	512.42633
-1404.3032	-571.17664
-1739.0526	512.36755
-1448.3801	-56.48552
-1436.568	-169.71957
-1781.3596	526.50995
-1453.833	-1902.1123
-1956.0698	-2934.285
-1414.8456	-437.58743
-1455.5842	-1948.1041
-1955.8843	-2941.7063
-1424.5767	-327.76633
-1732.3309	518.63324
-1399.6262	-867.6226
-1762.6846	530.50116
-1431.5631	-1595.4976
-1735.0745	527.2057
-1397.044	-826.97107
-1407.459	-1076.9384
-1462.5273	16.30294
-1399.6211	-2485.3284
-1402.5319	-2491.6714
-1185.8079	-2995.8518
4554.5503	5623.5796
4220.189	5845.7905
4670.117	6172.8994
4662.562	6167.892
4619.846	6061.3257
4611.386	5940.7114
4606.2637	6072.038
4602.306	5682.9976
4634.1636	6212.122
5100.196	6594.1685
4705.5996	6254.6123
4655.2397	6196.8506
4657.4775	6215.148
4618.389	5703.024
-2989.6475	-5718.9214
4645.9985	6208.057
5790.2793	-551.40375
4612.729	5695.9316
4598.3735	6108.478
4542.0117	6101.5405
4648.3457	6221.262
4592.552	6206.1484
4551.0317	6190.122
4628.151	6154.5674
4640.5884	6131.214
4516.483	6197.571
4236.922	4570.6875
4240.6836	4576.819
4622.906	4417.6636
4624.4546	4425.089
4614.0493	4423.6426
4364.843	4546.739
4264.7827	4702.5005
4272.326	4708.6357
4255.329	4725.8545
4260.8	4784.2036
4233.2007	4770.204
4332.462	4586.641
4342.2466	4587.7104
4337.7905	4595.3286
3496.2925	5067.4287
-875.48004	3427.3733
-887.5105	3412.1917
-874.0097	3404.2815
-536.54675	3306.3838
-877.35535	3420.23
-881.058	3407.7734
3436.0605	5072.5767
3627.6096	4958.1963
4548.0415	4424.421
4570.8896	4409.7627
4561.223	4406.8813
4292.646	4317.5444
4296.712	4310.102
4584.96	4396.602
4594.021	4390.2104
4575.704	4392.2056
4579.823	4382.6157
4440.8657	4459.0957
4261.9424	4563.87
4322.44	4591.299
4437.057	4637.459
4459.2764	4616.337
4469.0747	4618.905
4334.361	4577.067
4193.295	4734.1855
4056.8872	4778.4272
4059.9202	4783.6304
4252.222	4670.0757
4226.8037	4744.3643
4235.3237	4747.604
4246.0903	4762.812
4351.4795	4655.9956
4381.657	4560.3774
4380.882	4531.2695
4310.2866	4550.2144
4311.823	4606.0845
4347.0337	4566.5176
4386.7837	4563.6445
4365.614	4627.1943
4371.6465	4627.38
4379.5337	4595.421
4517.1216	4474.331
4461.067	4590.0215
4426.745	4606.9624
4398.6465	4649.427
4226.2705	4770.849
4230.253	4761.844
4459.9746	4573.983
4484.4473	4545.092
4748.535	4378.1216
4248.1416	4722.016
4258.7056	4731.3184
4423.332	4485.8286
4416.5967	4490.833
3922.4656	4824.9346
4080.9216	4673.1353
4263.1343	4793.8096
4269.0015	4789.788
4340.2554	4511.963
4445.144	4642.147
6219.0947	8089.366
7139.3447	8150.647
6177.4062	7917.5083
6183.6367	7910.1914
7030.96	8162.6265
6784.536	7945.3555
7062.5728	8107.7964
7107.735	8122.2754
7120.836	8126.781
6963.5137	7995.377
7038.453	8086.681
6916.106	8126.339
6907.74	8116.4136
6201.8477	8167.994
6185.224	7697.833
6185.3154	7705.2207
6178.1567	7701.0464
6179.5625	8172.017
6175.387	8186.9653
6186.1436	7827.5654
6194.46	7829.9697
6183.7256	7837.006
6201.0103	8154.956
6207.821	8167.637
6207.1367	8172.8613
6208.6543	8161.6426
6198.9053	8172.2314
6200.7734	8162.5586
6227.805	7990.7256
6224.742	7981.6895
6214.6685	7863.447
6234.4795	7984.5107
6189.627	7988.486
6207.3496	8038.03
6206.982	8028.7227
6192.973	7977.683
6198.761	8035.0244
7108.173	8151.8374
7098.0894	8161.7876
7075.023	8155.949
6834.9966	7974.4053
6831.314	7968.0
6884.985	8093.851
6887.131	8084.758
7081.4077	8144.119
6194.4673	8163.834
6941.2305	8019.469
6931.6416	8016.449
6896.3286	8109.2
6895.2017	8098.231
7151.2827	8155.355
7075.965	8127.1406
6186.665	7869.2744
6193.221	7865.6406
6165.184	8156.354
6174.0894	8148.2427
6844.956	8057.5044
6851.22	8046.2207
6820.936	8006.126
6822.5376	7996.924
7085.0864	8212.803
7076.074	8200.634
7292.9663	8262.02
6866.4707	8005.6807
6860.9	7997.0527
7138.559	8166.4463
7148.22	8176.586
6213.9624	7900.479
7017.692	8201.135
7015.849	8187.9253
7183.814	8178.374
7193.0625	8185.346
7057.027	8227.317
7052.2207	8213.287
6812.941	7940.466
6806.641	7936.5796
6875.9204	7963.6846
6824.4717	7873.112
6865.165	7964.3984
6888.361	8150.1265
6886.548	8133.525
6206.8945	7901.6904
6207.4834	8049.481
6205.5864	7893.317
6222.11	8100.8613
6215.9795	8099.0127
6233.848	8045.066
6228.616	8034.42
7048.7793	8196.141
7043.5146	8185.7266
6213.186	7715.8833
6205.537	7713.7856
6823.911	7895.8276
6866.502	8036.6826
6899.9766	8136.2363
7242.317	8224.025
7228.2896	8201.17
7117.2676	8101.0234
7129.526	8106.258
7130.1313	8099.811
7041.6816	8146.4463
7060.732	8158.6274
6790.5093	7948.651
6931.177	8100.22
6923.222	8091.595
6839.0454	7894.543
6919.542	8047.821
6848.1553	7894.3926
6847.167	7887.9336
6897.4214	8009.844
6889.1167	8006.504
6978.312	8142.124
6974.977	8130.811
6862.165	8132.799
6864.4907	8120.3955
6241.584	8021.1133
6233.6304	8014.964
6187.4775	7559.766
6849.377	7900.2407
6411.7593	7615.8213
6415.559	7622.6924
6188.5576	8108.52
6186.3647	8117.746
7362.282	8306.129
7372.614	8313.047
7066.5522	8141.552
7023.0054	8135.4434
7016.5483	8125.5347
6910.888	8129.2734
7233.318	8216.079
6177.436	7826.766
7342.5527	8328.699
7350.169	8338.675
6910.3555	8076.5557
7324.7173	8306.052
7330.633	8313.938
6203.405	7942.5503
6201.333	7934.4907
7260.539	8233.822
7270.0996	8241.869
6763.3057	7991.075
6769.429	7981.42
6861.626	8064.193
6861.0757	8053.5093
6780.8706	7968.0044
6781.0015	7959.1807
6184.1265	7964.693
6193.0366	7962.481
6191.7163	7970.227
6786.359	7927.03
6795.9814	7930.321
6630.306	7661.863
6774.856	7964.9355
7338.6807	8290.003
7346.889	8295.306
6228.6646	8098.5864
6861.9565	8162.6646
6862.4775	8149.455
7013.0493	8104.511
7005.2676	8099.39
6987.605	8066.429
6978.339	8062.391
6197.9126	7741.064
6197.0674	7733.0054
-3374.0735	-688.99536
-3411.9321	-736.3993
-3109.9622	-1158.8214
-3268.6707	-1338.3885
-3193.581	-1273.9933
-3116.8992	-1164.2378
-3188.696	-1267.2466
-3120.3472	-1156.0864
-3392.6716	-1366.2
-3466.12	-586.38324
-3469.498	-426.79254
-3508.1306	-527.8679
-3468.8027	-578.3708
-3560.9675	-91.937836
-3623.3262	23.546766
-3455.8567	-1362.2595
-3454.752	-941.0995
-3454.899	-1060.9076
-3449.2676	-948.8266
-3417.0898	-1222.282
-3274.7964	-1278.2754
-3239.7612	-1222.3408
-3313.2969	-1310.5779
-3310.538	-1318.2908
-3240.9275	-910.94354
-3491.374	-1353.3881
-3478.3428	-1246.7573
-3472.6973	-1254.5977
-3548.943	-757.5437
-3498.2258	-978.09814
-3502.5566	-985.73553
-3561.0327	-705.7116
-3544.2512	-763.89905
-3492.5073	-985.8797
-3552.2295	-763.8595
-3480.9998	-1349.923
-3473.3308	-586.427
-3578.7092	-401.4971
-3079.504	-910.2403
-3280.3206	-1237.4026
-3299.4065	-1480.429
-3392.2563	-1356.5969
-3439.1926	-1352.4663
-3532.6968	-1261.8743
-3405.4858	-1456.8729
-3392.0894	-1347.0184
-3566.1775	-653.8928
-3565.7632	-604.8405
-3456.749	-1177.106
-3337.4717	-1392.0522
-3334.5664	-1385.9769
-2533.9285	-197.32329
-3445.4045	-1210.2448
-3348.3257	-2218.9578
-3341.9226	-2224.151
-3306.6511	-1981.518
-3295.2126	-1716.2639
-3301.2542	-1710.3641
-3568.1724	-701.90094
-3411.4546	-1357.6797
-3404.1836	-1357.2933
-3320.3965	-1892.2947
-3328.448	-1892.2954
-2781.193	-695.9119
-3462.927	-1269.1588
-3266.9612	-1739.6515
-3469.005	-504.57877
-3489.6357	-1261.54
-3480.3188	-1264.3845
-3309.6882	-1937.639
-3320.3616	-2160.8364
-3342.109	-2400.5315
-3335.5242	-2405.7346
-3357.6707	-1485.7454
-3366.199	-1484.8983
-3254.109	-1122.0447
-3258.3452	-935.1099
-3262.8706	-929.0316
-3510.3599	-1344.9019
-3535.6829	-1339.2758
-3550.9285	-1334.4723
-3524.665	-1344.7222
-3470.9973	-1274.2249
-3328.0608	-2389.0637
-3455.5684	-1104.79
-3458.5288	-1099.4545
3201.8767	4980.896
3326.7852	5009.3647
3280.6611	4933.29
3299.9019	4970.747
3362.5437	5018.1084
3454.744	5041.159
3275.97	4993.5024
3358.916	5035.8755
3238.2244	5022.0967
3304.09	5023.453
3254.2095	4949.905
3317.6213	4982.1426
3162.361	4920.1313
2068.186	4546.2686
1410.3201	4316.446
754.3977	4087.974
4062.3394	4607.527
4059.52	4613.466
3300.2463	5062.6934
3081.8933	4947.6514
3292.0842	4938.6978
3040.2517	4959.98
2972.282	4971.167
2921.677	4978.13
3267.878	5082.75
3207.984	5072.1978
3208.827	5058.973
2970.0854	4875.8125
2729.2014	4778.3613
3212.9927	5049.9165
3256.572	5040.294
3376.2715	5054.5635
3085.6821	4934.09
3237.4778	4914.051
3151.3235	5030.0317
3146.7732	5010.9614
3260.6729	5060.3325
3273.9631	5045.8823
3254.779	5062.4287
3140.41	5052.696
3020.576	4907.1226
3237.0264	5030.8726
3285.336	4986.9126
3264.8452	4987.9478
3222.6982	4968.0015
3028.1013	4962.0317
3165.244	4906.2993
3136.0796	4898.762
3035.0723	4889.313
3198.471	4953.5615
3137.3752	4960.198
3150.5164	4960.879
3292.0542	4927.6396
3142.2476	4922.2617
2907.622	4977.6846
3014.1836	4940.483
3162.6787	5007.1885
3084.3035	4958.507
3107.668	5009.645
3069.8123	4989.049
3188.3933	4915.1704
2913.2173	4972.141
2915.7969	4985.8037
2914.0374	4978.9683
2908.4849	4982.806
3093.183	4892.6367
3203.0193	5027.5337
3211.5918	4933.417
3106.4268	4949.9795
3096.7239	4959.272
3217.1611	4961.911
3231.8713	4943.967
3206.6912	4954.067
3205.6636	5082.727
3163.6172	4941.515
3003.0095	4922.755
3171.9287	4927.8525
3077.08	4900.679
3288.0078	4962.172
3273.9387	5006.483
3287.5361	4999.6025
3285.7383	4994.2305
3275.1174	5092.646
3269.2312	5091.021
3266.6133	5096.091
3282.3079	5005.273
2963.3093	4973.264
2974.124	4934.462
2935.9658	4932.689
2932.6118	4928.034
2937.9858	4909.641
2943.0886	4906.3135
2944.9458	4931.1147
2949.3608	4914.6816
3272.8445	4980.9956
3291.1814	4990.9897
3105.0725	5103.382
3073.6233	5124.347
3073.492	5130.3228
3096.3643	5140.2393
3090.0432	5140.0293
3082.1943	5121.228
3096.2212	5130.334
3143.4702	4906.3145
3116.829	4898.688
3109.504	4915.1636
3075.3096	4925.1235
3281.8804	4982.759
856.9234	6726.1562
855.0056	6559.8066
857.2474	6537.947
849.85315	6619.5156
632.4852	6032.9204
629.3934	6044.8657
663.63184	5943.7153
613.6467	5892.0293
851.4108	6676.5864
876.5589	6678.6333
908.34644	6613.435
897.61523	6523.1553
898.6662	6409.6978
863.7662	6690.4097
856.8499	6696.7524
913.151	6878.56
918.2793	6843.586
909.1516	6853.249
922.97974	6815.84
563.36896	5948.7124
553.48376	5880.5576
711.325	6113.9727
535.6174	5870.407
671.65454	5961.7383
681.63727	5964.8604
892.31537	6762.847
916.23456	6666.6553
1059.0529	6375.8896
711.85345	5958.5996
897.8517	6841.7456
445.6723	5852.851
936.4144	6860.835
959.66736	6376.7505
1044.4166	6397.484
977.41327	6678.0234
1002.50525	6587.002
866.97644	6511.865
911.0337	6823.49
926.0877	6793.314
842.938	6310.801
849.7713	6306.3174
615.78436	5974.0034
533.7813	5942.892
899.01965	6896.603
873.5774	6900.8804
919.68536	6771.712
422.2923	5674.5977
321.35062	5652.9043
727.50323	5961.4194
733.75226	5966.232
542.37775	5874.1924
661.30444	5970.65
666.55804	5977.3374
493.70047	5951.6587
1158.8326	6372.2324
1158.7782	6379.529
1259.0294	6359.9634
814.1431	6703.3555
489.65048	5894.15
874.56006	6880.944
884.24316	6822.885
821.6401	6694.553
883.2979	6527.0586
904.3353	6807.1987
1130.3138	6412.94
880.98	6885.648
811.97235	6697.544
937.75977	6795.269
904.89056	6785.7085
908.997	6753.3394
927.18317	6667.1978
890.4469	6481.2944
917.8887	6717.837
985.18585	6553.579
926.2787	6720.1426
915.07306	6729.884
906.48096	6718.952
540.94135	5963.196
525.59326	5911.518
469.15228	5933.862
452.14352	5894.067
873.12177	6711.027
685.38385	5944.5405
648.0912	5913.942
645.71094	5907.012
630.2487	6006.0293
635.0637	5992.117
882.2579	6428.5654
888.79987	6422.087
626.00476	5999.0996
604.58997	5973.5024
604.3665	5980.981
949.6479	6821.534
946.44824	6765.8735
957.92303	6773.9414
894.8475	6539.9688
399.86575	5776.381
410.09106	5773.6763
638.2231	5968.9727
686.557	5928.4883
-455.63043	5709.3833
892.298	6872.891
885.82666	6839.2275
516.7082	5782.1196
921.88464	6758.099
405.13113	5781.059
403.74084	5766.5806
398.41437	5772.571
494.02377	5967.1807
485.18878	5974.8594
935.07825	6811.175
479.4639	5953.1875
940.88184	6717.6787
624.5953	5989.5747
884.8153	6897.2783
908.25616	6898.788
889.66095	6790.1196
652.22876	5989.0933
628.7088	5938.3833
728.2413	5896.168
848.5393	6733.6797
508.26855	5918.8423
758.6563	5971.6226
527.2895	5962.8364
1040.6577	6519.618
812.8215	6155.4077
608.4736	5991.9336
-2331.0203	-6086.9067
-2359.6357	-6027.0625
-2355.5503	-6031.4756
-3848.829	-4007.6372
-3957.3442	-4065.0017
-3820.0894	-4008.124
-3585.7747	-3538.7915
-1218.5424	-5310.5557
-1235.3523	-5329.102
-1426.0618	-5666.936
-1631.0853	-5605.064
1278.413	-3900.4092
410.81567	-4965.762
271.37674	-4767.3643
-2494.3262	-4944.9673
-2540.5154	-4947.899
-2518.776	-4947.898
-1702.6736	-4414.8877
-901.09686	-4627.9937
-895.3337	-4621.8325
-2128.4746	-4764.663
-1350.6051	-5881.071
-1666.3529	-4434.709
-4053.9282	-5936.8945
-1867.5802	-4513.4243
-3317.3237	-3759.1848
-3295.7925	-3682.298
-3338.4778	-3817.2578
-3357.8157	-3704.55
-3927.445	-5905.939
-3341.6953	-4034.9387
-3398.765	-3858.709
-3257.6409	-3311.1924
-4174.6636	-5915.8135
-4126.0684	-5866.3457
-4169.8394	-5942.5312
-3105.2295	-3348.8171
-3105.905	-3421.1672
-2039.5372	-4626.1357
-2108.8174	-4711.725
-3013.2659	-5877.5728
-3016.0818	-5825.7085
-253.2111	-4936.5938
-331.1254	-4970.4316
-3607.8967	-5814.177
-759.73395	-4906.318
-786.8398	-4885.9736
-749.12463	-4804.9736
-3363.9482	-4039.7156
-2693.369	-5932.8545
-632.6122	-4505.5327
-635.9305	-4513.4585
-1195.6335	-4359.4214
-1314.6162	-5190.21
-3588.4082	-3051.7856
-1133.5232	-5228.9683
-1306.5769	-5188.1113
-3490.6445	-5775.261
-4170.6377	-4135.723
-4200.9185	-4162.562
-4084.2852	-4083.8972
1447.4918	-4108.564
1440.519	-4106.732
-152.85017	-4454.166
-3327.2625	-2611.3662
69.44621	-2222.2712
-3443.8535	-3235.7595
-3482.7534	-3199.646
-3399.1677	-3274.93
45.508766	-4985.902
-1125.3939	-5851.0083
1559.2003	-3830.7556
-777.2553	-5577.9883
-812.28	-5234.517
-2790.7349	-5511.426
-794.439	-5499.694
-765.619	-4849.0767
-755.1182	-4823.5483
-763.5064	-4840.8706
-757.1152	-4847.5903
-2287.9294	-5920.4834
-2837.6902	-5009.486
-2829.7441	-5009.4937
-514.5743	-5056.7344
-3291.1873	-3871.6482
-791.6509	-4946.4277
-2949.6824	-5176.732
-3098.6868	-5058.946
-2939.356	-5175.759
1056.1301	-3992.1663
1005.31616	-4009.9177
-2971.8223	-5892.266
-2847.3413	-5757.838
-377.97702	-3941.7488
-1377.6741	-5815.6797
-3423.7922	-2444.7021
-3427.8997	-2534.3127
-1450.5289	-4273.329
-2680.1116	-5045.5044
-2671.4697	-5083.693
-3957.1042	-4030.6692
-3443.686	-2617.399
1933.2836	-4251.4355
1607.6943	-4230.2544
-3291.0952	-5873.959
-3155.3342	-4418.424
-2875.2705	-4673.3135
-2408.1467	-4936.647
-2886.5498	-4670.2637
-2741.219	-5612.647
-2813.1401	-5655.3696
-2746.01	-5608.9883
-2246.1516	-6017.9673
-2712.3848	-5834.6396
3281.0063	-4145.832
-2939.919	-5703.0635
-3948.201	-4063.1477
-4281.848	-5830.285
-4436.2065	-5737.745
-750.4749	-4904.849
-782.0123	-4876.724
-2877.2646	-4346.438
1040.9692	-4611.027
-3021.5044	-5734.0874
3729.336	-4098.791
-220.99205	-4915.4204
-3407.5908	-3911.7446
175.56279	-4981.264
-3535.3997	-5747.18
-3526.7615	-5743.1816
900.9671	-4680.0874
749.0153	-4745.3315
741.4173	-4589.5137
-2014.1477	-4642.8486
-2834.3772	-5189.055
-2820.8835	-5189.171
-1414.2001	-5706.055
-1405.0446	-5734.613
-2180.5632	-3862.635
-2198.0718	-3789.8035
-2128.657	-3831.3252
-2955.7627	-5701.763
-2707.7551	-3215.2622
-2672.2373	-3290.2537
-2741.9497	-3145.406
-2855.8843	-3758.153
-3184.9011	-4787.081
-3145.992	-4923.639
165.60893	-4970.922
-3121.3413	-5757.192
-2820.9343	-5921.565
-2825.7146	-5928.92
-2484.3738	-4967.9653
-2383.708	-4920.469
-3374.3022	-2292.6687
-1894.052	-3588.3694
-1895.1974	-3596.0837
-2482.1865	-4894.665
-2528.1309	-6302.378
768.36237	-4959.137
-3324.9841	-3810.7703
-3392.3782	-2507.3298
-3285.7693	-3875.093
-3311.941	-3887.0059
-1697.1273	-4405.39
-1464.1018	-4405.9575
-89.33438	-4990.054
-3299.4934	-1746.7416
-3308.3313	-1745.7444
-3266.7004	-3888.9373
-3236.9792	-1762.3506
-3239.746	-2005.3909
1083.5234	-4528.9565
-3555.581	-5705.8633
-3546.144	-5703.5215
-1932.1082	-4830.7334
-1847.578	-4833.1533
-1766.9484	-4832.1973
1325.6617	-4408.7446
1242.8418	-4418.82
-3370.763	-4036.916
1799.3649	-4294.7134
-889.2683	-5286.817
525.33026	-4091.2087
-1346.8962	-4747.263
-2842.2322	-5172.689
919.3994	-4637.2217
-2530.9053	-6362.2715
-855.2527	-3361.685
-933.41113	-4724.225
-3457.9854	-2879.066
-3307.622	-3811.205
-2441.2002	-3450.6992
-2402.7766	-3461.5408
-3276.6033	-3881.1316
-1907.1364	-4673.8325
-1081.2324	-4564.778
-3308.6428	-2461.5205
-3210.8745	-2613.187
-3449.288	-2569.8633
-3441.7808	-2573.2405
-1554.7146	-4407.244
-1708.1321	-4405.3423
-1559.7786	-4411.8804
-1710.4116	-4386.0312
-4292.4746	-5833.816
-502.6049	-4574.6055
-509.51727	-4581.484
-1067.2097	-5493.718
-1173.3557	-5397.465
-3933.9001	-3990.7776
-3924.6968	-3992.9753
-2552.1233	-6197.056
-2518.545	-6062.087
-2534.8704	-6171.1626
1265.5249	-3981.1287
-3088.8984	-5859.932
-3005.2314	-5781.399
-3134.6694	-5850.538
-3210.8547	-5799.3027
269.5119	-5047.578
-33.705326	-4895.6377
707.0317	-4053.1106
691.6427	-4056.1667
-2693.6106	-4903.0767
-3032.8467	-3356.6902
-1475.4366	-5665.8706
-3462.656	-3009.2642
-3495.2573	-3006.9143
-3457.602	-3016.8557
-2866.2214	-3850.0076
-944.72986	-5299.2617
-3352.1216	-2483.081
-1646.9137	-4132.435
-1648.999	-4140.0015
-4063.3936	-5946.4214
-2389.1072	-3423.8591
-2261.6775	-3273.4805
1429.1932	-4385.447
1443.4282	-4329.8047
-1580.4192	-5737.9985
-1931.7413	-5833.1997
1304.6299	-4464.7085
-2025.264	-3786.4521
-2025.7777	-3794.602
-1268.5013	-4492.714
-1275.0997	-4496.3945
1346.9236	-3821.1184
1432.0807	-3640.9092
-3070.407	-5726.4463
-3079.9832	-5654.6885
-3983.1353	-5924.9453
-3950.8147	-5889.3857
-345.05228	-4748.3193
556.2883	-4971.1406
587.7269	-4983.34
-3109.8604	-5757.5596
-431.4355	-4623.757
-2275.5383	-5985.318
-2279.1975	-5974.6714
-2588.7002	-4741.0986
-2929.7258	-5239.765
-2737.5005	-5181.824
-741.9401	-5146.4756
-845.6136	-5044.361
-1360.534	-4349.2197
-1233.4517	-4410.042
-1026.3575	-4468.4326
-1226.7565	-4402.594
1289.8369	-4347.403
1197.8418	-4256.0703
-3883.1577	-4001.65
-2274.847	-5957.5913
-2205.4988	-4804.7393
-2179.2278	-4798.0425
-2987.7898	-5899.4385
-3684.0574	-4032.6416
-3675.3462	-4031.4185
-498.4541	-5096.2866
-3463.2468	-5641.9766
-3484.0825	-5535.051
-3498.4307	-5647.779
-2720.0308	-3433.0417
-2757.4458	-3433.3176
-2255.1255	-5981.128
-2263.2563	-5970.496
-2283.2842	-4871.2725
-3747.035	-5761.8906
-2393.7698	-3620.1987
-2338.5046	-3643.0576
-2512.818	-3394.348
-3335.1619	-3851.8574
-3178.1863	-5877.631
-3364.4756	-3120.3813
-3371.2642	-3113.3118
1661.2892	-4334.384
-2994.29	-5883.8706
-2956.5273	-5817.029
-2854.388	-4560.716
-3173.9053	-4763.233
-2500.105	-6073.298
-2482.314	-5918.7754
-2385.0398	-5832.7217
-2593.0605	-6001.642
-2635.5415	-3370.3574
-952.52094	-4941.6562
-2314.0435	-4702.79
-3359.2058	-3614.5325
-1961.3264	-4916.694
-1914.1768	-4929.335
-2427.5146	-5828.4375
-2289.184	-5740.914
-811.8528	-5245.9297
-819.1264	-5084.582
-791.20166	-5261.773
2.1692197	-4522.8477
-5.51281	-4525.1377
362.6069	-4105.5093
-3304.3584	-3138.2693
-3259.9578	-3225.261
-2249.067	-4836.9424
479.6275	-3905.7034
467.65652	-3914.6658
561.24927	-3732.3228
-2533.2065	-6402.4917
-2531.9407	-6373.189
-4219.4604	-5924.6255
-4257.3687	-5878.468
-3373.0056	-3553.0298
-3280.521	-3846.096
-2455.7554	-4800.245
-2428.7373	-4773.5894
-2392.3025	-3508.6257
496.5393	-3892.9294
-2229.0864	-4787.9165
-2156.8591	-4808.1245
-2164.4565	-4804.47
488.36624	-3899.0793
1175.4718	-4539.427
-3381.7913	-3494.784
-3385.5674	-3439.4846
-3383.0398	-3472.054
-3272.1199	-1987.8643
-2673.649	-5563.0537
502.24402	-3888.7163
-224.66362	-4142.8174
-74.87151	-4347.265
761.8119	-4852.816
-1842.0697	-4594.4946
-2874.2827	-3944.7634
-1190.3823	-5497.1123
-2897.3538	-5203.2134
-2889.169	-5202.151
-2651.0115	-4722.2793
-2808.4688	-5281.8726
-2892.552	-5233.8765
-2803.2617	-5273.393
833.96436	-4995.211
-1252.2604	-5320.1562
-1256.4514	-5340.4004
-3314.7205	-3782.1038
-16.34992	-4521.075
-18.770351	-4528.6626
255.10103	-4309.457
-1376.1783	-3963.8945
-2419.9873	-4840.5977
-2391.923	-3516.2065
-2683.576	-3532.5356
-3721.9307	-3802.4658
-3777.7412	-3939.2095
-1443.7712	-4433.8755
-1325.1284	-4452.3267
-1567.1333	-4417.766
-1207.4984	-4472.5454
-436.67404	-5138.972
-3238.832	-5853.2583
-3302.3945	-5774.877
-3589.4087	-3258.37
-2534.3513	-4733.891
-2514.0085	-4784.4453
-2553.8838	-4754.851
4.639894	-4958.4663
-231.32526	-4916.165
-285.33084	-4831.7534
-2384.698	-5960.979
-2336.0166	-5853.9194
-4015.6375	-5915.4985
-3912.4028	-5851.0356
-3525.2056	-5652.9966
-2645.2837	-3635.6519
-2515.9348	-6136.226
-825.1255	-5396.981
-2743.3455	-5170.2236
-1280.7887	-5265.1733
-1284.8861	-5273.2354
-1256.8152	-5291.823
-1268.5825	-5278.9287
-1275.9053	-5285.452
-2288.0593	-5964.783
-644.3231	-4528.2417
-3676.4883	-5796.916
-3546.6414	-5658.77
-3397.9338	-5742.119
-3418.4	-5809.7812
-3141.4421	-5903.856
-3136.689	-5907.73
-3132.1868	-5894.9585
-3051.931	-5748.1216
-2734.4302	-5908.985
295.87723	-4973.605
-2879.8447	-4041.771
-2700.675	-5955.401
-984.8631	-5508.431
-2926.2073	-5914.6133
-2783.7358	-4898.723
-2792.3435	-4898.2554
688.3423	-3197.2305
-3250.5332	-3819.1936
-3249.535	-3828.2878
-1379.8711	-5537.736
-1376.9786	-5529.3945
4758.3545	4378.2715
4755.1436	4370.84
1268.0677	-4384.143
-2770.7307	-5794.212
-2721.2104	-5680.469
-2603.0344	-5806.1216
-2656.0557	-5834.976
-3112.8281	-2766.6108
-3049.725	-5854.3276
-2179.3447	-4661.799
-836.96484	-4981.5
-803.2443	-5687.625
-787.00214	-5641.498
111.65133	-5018.4297
-2566.37	-5910.518
-3375.7336	-4043.8975
-1206.8999	-5593.353
-1309.0876	-5586.9385
-1040.0264	-5151.7373
-998.5457	-5044.042
-3453.5034	-2746.659
-2212.054	-4840.673
-4066.3914	-5940.695
-3677.9446	-3960.1235
-2836.0999	-5162.525
-2290.4993	-4799.725
-2034.5886	-4899.2686
-2802.4768	-3406.8906
-1722.4924	-4495.5015
-1723.679	-4489.2744
-1937.0825	-4063.9155
-2020.2522	-4086.062
-1829.3555	-4141.883
-2300.8804	-4797.594
-2224.009	-4793.3193
-2441.7625	-4749.675
2384.1006	-4221.153
2832.923	-4186.347
-2912.3862	-5117.302
-2972.4092	-5047.38
-2903.8857	-5117.8433
-2931.7546	-5254.1934
266.76395	-5064.2144
-3278.3098	-3955.936
-3185.395	-4163.352
-2596.0652	-4835.1064
-2616.2495	-4730.947
-1987.7031	-4660.3164
-2033.8745	-4696.893
-2906.9485	-5886.2163
-2776.254	-5745.949
1403.681	-4395.65
-2911.0442	-5898.149
-788.2899	-5510.1084
-1371.5955	-5514.2554
-2894.2048	-5908.846
-56.767082	-4966.9854
-2290.087	-5751.228
-2281.7725	-5748.2285
-3082.3877	-5583.917
-2465.2542	-5145.1445
-2313.6257	-6117.675
-1061.4209	-5167.986
-198.76692	-5172.4053
550.1118	-5427.636
1302.8977	-3914.9812
-126.07336	-5139.138
-177.13426	-5028.36
-1060.4403	-5542.492
-496.6083	-5236.922
-1042.3223	-5394.7163
-1610.7748	-5060.4844
1292.4181	-3908.5288
556.3689	-5285.1587
-476.4721	-4694.349
-3777.027	-5866.6387
-2763.2434	-6090.317
-2996.5125	-5900.4653
-2080.4163	-4731.6646
-1439.3342	-5930.3413
-456.53854	-4668.9224
1518.3022	-4370.172
811.7383	-5031.953
-2517.4526	-6198.2476
-705.6424	-5632.454
-1432.9886	-5691.32
-1438.334	-5698.428
-1432.1791	-5700.0776
-2534.1267	-6206.2495
-1908.314	-4717.675
-1508.7751	-4384.149
503.45892	-5328.696
-334.40237	-5092.236
-421.7999	-5200.827
514.698	-5394.3657
-3322.8599	-2783.6313
-2021.8109	-4826.234
757.54065	-5702.16
-1210.6835	-4379.684
-896.85614	-4573.964
-1185.1099	-4345.182
-1177.011	-4334.2207
-732.9109	-5329.213
-3423.5493	-5837.162
-541.2878	-5472.9893
-2568.3108	-6246.224
-3085.908	-4906.745
-3032.6323	-4977.259
-3312.9893	-5822.769
947.1042	-5059.4634
-433.59357	-5228.9736
728.5009	-4048.9062
-3315.087	-2959.1064
-1817.6803	-4231.526
-118.9366	-5147.963
650.8223	-5547.3057
-1231.7352	-5280.7905
-1227.9547	-5275.899
-3380.5884	-5843.3066
-705.26495	-5304.6353
-604.1977	-5302.1875
-881.1	-5488.0933
-1165.0162	-5242.991
-1345.3483	-5739.274
-756.5603	-5567.824
774.2763	-5736.485
-1404.0497	-5765.932
-1172.4529	-5298.5063
-805.7644	-5284.656
-2792.3164	-5517.8076
-986.711	-5105.0894
-1618.6333	-5985.7607
-1764.6311	-6030.4473
-2775.008	-5949.4766
1235.8296	-3919.8918
-2357.4878	-6149.512
-2249.5469	-5939.1104
-1913.8286	-4757.5874
-2202.7463	-5981.2197
-2262.5908	-5935.5684
-811.2146	-4956.072
-512.57043	-5233.0947
-509.62555	-5297.386
-3351.3389	-3715.3079
-3750.1272	-3980.8118
-2561.9636	-6233.707
-1562.1399	-5944.465
-3776.5454	-4023.2888
-2391.4617	-3523.7842
-3440.3486	-4032.804
-2112.7725	-4817.6147
-3281.4417	-3903.0674
-1112.7979	-5579.629
-3907.4507	-3996.8142
-581.7642	-4788.756
-2078.361	-4559.381
-2094.6895	-4538.8203
-242.65897	-5182.521
-4003.1843	-4025.5703
814.3866	-4991.0996
1939.3297	-4257.0854
799.2799	-5010.511
-761.90216	-5537.555
-2247.3992	-6122.202
769.17377	-5725.6855
-2746.9993	-5090.5283
-1678.7043	-4393.5083
-1413.5532	-5761.0493
-2748.6191	-5912.31
-3246.8167	-4269.8184
-16.012922	-5076.511
-1024.6572	-5433.47
641.4605	-5473.652
-2771.0615	-5968.3696
-2509.682	-6292.7456
-2503.511	-6292.7183
-1206.1221	-4374.3325
489.65396	-5357.5166
1193.2231	-3938.4707
-1986.4854	-3930.5625
-689.9822	-5479.7183
-611.60724	-5427.4326
-3729.8726	-4028.0986
-1504.589	-5890.767
535.1538	-5429.3975
-692.6461	-4864.957
-634.74756	-4825.977
604.78705	-5301.563
571.4339	-5382.8887
535.7953	-5340.866
647.3948	-5009.033
622.95483	-4997.309
-2513.7522	-6308.845
-1437.321	-5757.3965
-3028.826	-5971.808
-2137.637	-4701.5283
-2128.17	-4710.8115
-2841.5415	-5183.6587
-3222.8196	-5791.0747
-938.8991	-5396.4424
-3233.6926	-4790.655
-2399.6948	-6145.6997
-1692.1918	-4355.8765
-2689.079	-4975.16
472.38983	-5343.315
-1196.5155	-5257.7456
-2526.4602	-6315.926
-2526.6565	-6332.6797
780.05035	-5015.2944
-723.31946	-5280.379
-722.7495	-5313.4053
-615.2527	-5343.123
411.84805	-5231.1494
-2003.7708	-4647.315
-1981.1256	-4671.225
1103.9883	-3974.4844
345.12726	-5111.922
-881.1129	-5605.267
-809.33514	-5557.1406
-2251.9053	-5942.4854
718.25006	-4050.8992
-2565.171	-6281.0713
-533.3681	-4753.1475
23.569862	-5104.7324
-3182.6099	-4661.6865
-3023.7202	-5958.9233
-1930.4049	-4022.9604
-59.96066	-5117.6714
-65.990746	-5046.702
-907.5657	-5758.566
880.3673	-5043.604
-2756.5413	-6114.6045
-1925.7507	-4545.909
720.27075	-5039.644
-1261.197	-5741.4946
927.9377	-5053.1855
-3427.7947	-5653.0093
-771.3112	-4956.307
-3180.2927	-4676.3145
566.64984	-5280.891
-476.61246	-5371.7686
-538.58185	-5405.9277
-1940.0743	-4863.596
13.615898	-5101.2344
-836.94574	-5315.372
-870.5201	-5331.773
-1694.478	-4379.1836
-1586.7139	-4407.6875
-3527.5671	-4032.8206
-534.32074	-3744.2046
-2022.8748	-4634.677
-1065.2603	-5590.0103
6.607261	-5199.2554
-933.0575	-5437.6743
-2868.2793	-4452.3213
-1639.2072	-4205.4834
-2088.011	-4535.047
-2087.53	-4543.647
652.9692	-5058.9785
531.8624	-5308.877
841.9231	-5745.4556
733.7796	-5599.643
793.6755	-5677.725
-101.73167	-5113.1216
-617.71484	-5560.1855
-1689.2354	-4398.032
-2723.4343	-6115.842
-2728.7192	-6019.3525
-1480.8818	-4211.7544
-1658.8676	-4435.854
-2243.388	-6134.8965
-2771.1804	-5935.211
-3508.2856	-5846.4233
598.14264	-5418.0186
-834.80695	-5339.003
-793.9765	-5340.3667
-2062.8755	-6071.565
-981.684	-5482.6855
-1028.6704	-5480.679
-911.1153	-5043.547
-2251.2854	-4880.876
-1946.1667	-4667.4346
-1074.862	-4558.1665
-1172.1512	-4327.6875
-2835.2336	-4671.493
806.8635	-4978.8477
791.6548	-4968.8022
640.26996	-5327.406
552.64557	-5391.3965
-2583.4075	-5008.343
552.99445	-5439.966
245.3222	-5288.7085
-1373.9473	-5758.505
-3401.7393	-2366.057
-2500.8499	-6129.5615
-913.20123	-5543.209
-3170.7473	-4502.5967
-1693.0912	-4364.085
-1069.2911	-5461.339
-519.41425	-4750.3315
-1528.6906	-5965.0864
-1031.792	-5520.9536
-3599.4805	-3323.3914
-1421.1958	-3457.722
578.71246	-5071.618
425.6292	-5266.345
842.79803	-5043.7085
-3283.382	-4195.6
634.4632	-5003.2275
625.37366	-5449.0684
872.66425	-5790.7593
866.5621	-5793.399
862.7879	-5780.1533
73.51721	-4990.644
1.4312261	-5088.0103
40.59192	-5041.0234
-37.29017	-5063.441
-1872.2302	-4634.8022
-1705.5342	-4392.377
-1466.584	-5736.314
-3527.722	-3003.0122
-901.375	-5452.6597
-943.04846	-5349.6196
811.5978	-5002.9683
1438.8099	-4357.8916
-1909.204	-6073.8213
-1478.868	-5770.2954
611.9707	-5309.304
-3816.1372	-4017.6677
-1276.3612	-4859.571
-2547.1655	-4741.149
1357.1299	-3816.9587
-1083.4739	-5577.4854
-2985.7952	-5575.651
364.2527	-5145.2334
615.94055	-4994.952
-3199.152	-5791.1177
-2259.8418	-4795.7544
-441.26675	-4645.111
-721.1031	-5544.172
-1240.6854	-4719.392
-1418.5927	-4277.9717
-1250.5292	-5683.589
-2068.0442	-4577.186
-4132.266	-4109.843
1149.878	-3956.5076
-1913.8834	-3989.8335
-1272.6085	-5332.2686
-1931.7892	-4011.9304
-1015.3308	-5812.8535
-508.90182	-5203.52
-278.23242	-5199.5815
579.63385	-5409.537
-2376.645	-6157.088
-2701.8157	-4903.1885
-2291.5432	-6000.0815
-3585.8777	-3030.8215
-530.5169	-5255.1396
601.74097	-5310.4497
627.8037	-5323.077
-501.73148	-4721.6626
-3765.2058	-5784.7534
-1926.2279	-4536.1313
-2962.4785	-5278.4717
908.7613	-4682.654
-2765.4417	-6050.9014
-1911.4272	-6062.959
-1093.3525	-5524.4023
-3179.3606	-4588.5107
-751.2976	-5450.477
1364.0731	-3814.7363
-3489.183	-3488.1895
-3172.4927	-4539.8813
953.04236	-5066.7456
-3410.9612	-5844.1196
-3433.9988	-5851.9556
798.2797	-5026.8506
400.11865	-5207.3677
-3349.9714	-2897.9893
-2720.5862	-3424.5554
-732.1177	-5275.673
568.61743	-5453.8457
-3515.923	-3165.1982
-2613.6055	-5505.8174
-3402.2383	-5870.653
-3193.3474	-4785.3076
-3132.436	-4836.037
-2216.8442	-4888.162
-724.2574	-5446.4204
-82.04576	-5082.428
-813.24817	-5528.553
-849.73517	-5518.097
-871.60425	-5543.1167
-2863.8604	-5120.133
-3243.3286	-4791.279
-2881.228	-3385.6575
-914.1603	-5016.3667
358.295	-5320.7085
-1018.1621	-5380.6987
-1070.1008	-4553.311
-1433.2388	-4364.677
-2129.0576	-6032.17
-2764.2283	-5996.9277
-2521.2375	-4780.967
-1576.4773	-4091.3867
-909.9719	-5558.212
-2821.147	-5943.916
1309.4635	-3918.9539
942.6546	-5064.7046
584.84314	-5294.4985
-2068.7312	-3924.9158
-2058.102	-3878.2307
-2237.0535	-4869.3276
-2537.699	-6470.4375
-2534.8032	-6424.2773
865.66943	-5048.0664
-2509.5364	-6281.2725
-903.1376	-5042.9385
610.8023	-5507.5195
-3602.2305	-3392.0146
-3597.6667	-3463.9194
-1921.8716	-4795.6636
-2021.7355	-4919.1987
-2742.6243	-6123.828
-2612.6233	-4997.694
-2145.2373	-4693.533
420.47324	-5251.291
-3099.8008	-5904.3726
-2152.5718	-6103.5044
497.56546	-5079.932
-4012.9102	-4024.3645
665.59766	-4964.5176
-693.3427	-3550.5032
-2054.9543	-4599.789
501.3462	-5392.8325
-1670.2578	-4387.488
-2222.6816	-4880.386
-722.1319	-5325.2593
-2578.9485	-5960.728
-2896.853	-5424.9575
885.7085	-5031.2666
-762.7508	-5391.8
-1249.132	-5029.736
-1475.0917	-4024.6372
-2446.675	-4743.208
-2569.49	-4815.0137
-865.8504	-5355.951
-2584.3208	-6238.7363
-2422.21	-6119.3774
-365.8475	-5219.956
-488.1407	-5239.109
-3581.9106	-3075.7817
-3543.3203	-3132.1218
-3502.537	-3072.7107
-3570.4998	-3194.5203
-2539.722	-6500.3374
-2540.6702	-6513.9497
-2367.693	-6124.331
-2543.542	-4794.0386
-2535.7742	-4793.2524
-2149.7124	-4688.6836
-1237.3645	-5873.616
-2222.0952	-4897.378
-3566.9844	-3101.7625
-809.6446	-5355.2324
523.7027	-5396.411
-511.9874	-4749.3193
-784.1415	-4930.253
-3345.9993	-3931.6724
-2504.8394	-6174.979
-3423.7856	-5853.3154
-2291.2463	-5988.4937
-3558.356	-5925.0903
-2753.7966	-5947.2144
-778.6487	-4952.1484
-4026.9255	-4058.151
563.3815	-5288.924
641.9533	-5530.553
-3314.543	-4117.942
632.01495	-5534.7227
-1171.3258	-5679.2695
-1095.5725	-5567.068
-1177.523	-5457.807
-1155.0983	-5616.1504
-1917.6218	-4014.0134
-1913.1345	-4006.85
-1978.0079	-4677.6885
-1911.1047	-4623.8623
-1173.9844	-5274.983
-1173.1367	-5287.4277
-3436.6562	-2436.1816
-583.89197	-5341.3726
-3426.4717	-4055.9666
-1437.906	-4430.719
-1949.544	-4892.29
18.539835	-5096.7397
-882.2825	-5367.492
409.71207	-5085.062
340.07513	-5074.396
-1782.3076	-4541.8804
-1926.6327	-4529.1885
-851.9895	-5650.358
-1875.8728	-4608.4907
-830.31775	-4979.754
739.7481	-5666.254
-826.4978	-5678.103
-563.31946	-4743.4473
119.45635	-5021.8906
-3192.0996	-4794.382
-2083.0552	-4914.157
-3443.9382	-2431.207
-3331.1243	-2678.6228
-1010.9413	-5322.9263
-999.2405	-5258.5195
-981.2321	-5252.934
-3554.2063	-3006.3135
-3605.0474	-4032.4883
-1171.9846	-5305.927
-2208.4985	-4884.4097
-3385.2769	-5835.834
-870.3751	-5458.6216
-2342.622	-6125.4165
-2572.6172	-6260.0986
-3644.6401	-3955.8694
-3416.0002	-4052.4866
-1281.6254	-5339.185
-3012.1584	-5930.3447
-2724.8406	-6129.29
-3435.295	-4058.4673
-3407.9927	-4051.2134
-1056.1254	-5557.2314
-3408.723	-5851.9727
654.921	-5012.4575
-494.5117	-5312.516
-3204.1245	-4343.9277
-2316.6362	-4824.115
-3345.1062	-3945.907
-3353.5264	-3948.0327
-1920.6501	-4034.1865
-1896.6307	-4034.7769
-3317.1838	-2872.4277
-1828.4501	-4134.793
384.18756	-5178.4634
872.73035	-5773.413
861.8137	-5768.3115
-2144.7554	-4903.0806
-2490.2605	-4769.8633
1307.4407	-3873.931
-1134.3678	-5630.214
-2234.244	-4888.3755
339.3996	-5105.9473
518.34656	-5366.45
524.3536	-5383.956
-1925.734	-4007.122
-2286.3542	-6111.385
-3984.518	-5934.8027
-3215.1008	-4789.3594
664.6202	-5545.4824
599.5286	-5465.096
579.386	-5451.9736
471.7535	-5317.082
-2813.63	-4784.4297
-733.1874	-5565.534
-3191.6145	-4755.6396
-3200.0803	-4751.2295
-1860.1769	-4020.8892
-1777.1055	-4046.275
735.5437	-4047.5854
-3574.4988	-3015.7668
-3332.5327	-3870.113
-908.09796	-5405.772
130.93428	-5248.8105
-337.48386	-5138.065
-807.20465	-5434.9644
-3678.8745	-5856.3306
-3598.422	-5946.938
1345.486	-3854.078
-650.6925	-5448.624
1352.1006	-3857.4275
1333.2357	-3849.296
-3640.2825	-5845.6206
-3061.631	-5898.647
-3252.8462	-5262.007
-3260.0405	-5257.473
-766.6676	-5266.061
-3571.5366	-5954.945
-723.7416	-5504.0703
-2751.5137	-5920.5366
-3657.8347	-3668.872
-3770.4077	-5796.3096
-4190.788	-5980.552
-3711.8855	-5801.3125
-3731.34	-5804.935
-3721.2717	-5803.8345
-3531.885	-3932.7986
-2864.62	-5908.2617
-4018.6736	-5932.3755
704.82983	-5611.336
-3747.1475	-5786.582
-846.93176	-5338.4966
-3680.4297	-5830.659
-3622.73	-5944.5967
-3643.6301	-5943.6104
-3626.147	-5956.6504
-3615.9023	-5958.1826
-3053.3167	-3791.9377
-760.7407	-5338.0737
-905.0389	-5048.545
-836.23065	-5432.948
-3712.2388	-5830.898
-4193.917	-5953.7603
-3984.4033	-4027.7373
577.52606	-5307.8066
-3661.3804	-5914.004
-3716.6086	-5788.7246
-4202.6846	-5932.17
-730.77875	-5247.279
-746.01154	-5270.7207
-482.9595	-5254.1406
-58.30385	-5049.5347
-3753.8164	-5805.032
-507.29666	-5319.0415
-2826.4163	-5940.5566
-3239.9688	-3203.7336
-3674.9048	-5838.036
-658.4818	-5439.1494
-3667.5002	-5869.411
-3706.1196	-5800.9077
-3173.7292	-3274.3516
-1090.3116	-5552.0825
-1352.3069	-5789.8965
-2882.5823	-4141.2036
-1118.8308	-5550.616
-831.1211	-5421.383
-459.34647	-5252.04
-3552.2812	-3128.7932
-1117.7	-5642.942
-792.3738	-5433.995
-781.8682	-5422.0234
-3064.8574	-5869.127
-3605.8599	-5870.718
-3765.7056	-5799.7334
-3699.107	-5823.137
-3402.0386	-5461.7817
-3409.2393	-5457.247
-1948.5975	-4641.1235
-493.64117	-5322.5425
-935.8899	-5541.5083
-891.3031	-5492.582
-965.5317	-5551.488
-2891.6948	-5943.563
-2854.882	-5970.1367
-571.7184	-5373.8286
-3714.8315	-5837.3647
-4190.6406	-5924.4253
-3243.1562	-5494.5635
-3595.6694	-5921.6304
-3060.5159	-5779.8027
-3025.6367	-5807.4697
-3578.504	-5937.7266
-2958.1863	-3369.0164
570.88873	-5300.1772
-3591.6765	-5950.985
-3696.3633	-5815.0967
-2850.8745	-5955.6494
-530.5292	-5356.5464
-523.1776	-5366.055
-805.91833	-5321.2554
-3231.3098	-5802.84
-3251.819	-5808.1797
-815.18787	-5439.9224
763.233	-5643.262
-949.23676	-5555.4434
-610.89777	-5410.113
-504.3339	-5264.2207
-3049.1816	-5339.1567
-2793.4644	-5913.352
1454.356	-4386.076
-4221.399	-5945.143
759.64557	-5656.9707
754.00073	-5668.2715
755.02136	-5636.239
-1446.0585	-5824.1016
-2881.882	-4242.636
-4200.518	-5990.886
-4194.649	-5992.9824
-2550.393	-6309.815
-4222.092	-5965.2256
-4234.3774	-5948.386
-4235.1484	-5954.5254
-4011.0125	-5967.7974
-4016.6282	-5963.4
-2803.4502	-5926.141
387.4615	-5102.5815
380.25754	-5098.4976
-2954.1436	-5900.3394
-2629.1855	-6231.0117
-2664.8213	-6208.0527
-3034.972	-5871.839
-2247.8438	-6005.718
-2240.2468	-6015.3276
-1069.7375	-5511.5376
-2696.0396	-6169.5605
-3268.3003	-5869.1636
-3089.2478	-5728.8086
-3567.0688	-5945.51
-3561.959	-5949.0938
-2715.9756	-5937.583
-3238.91	-5883.0605
-4211.437	-5955.325
-4006.0232	-5941.0366
-4006.8357	-5954.6367
-2636.9426	-4724.042
-1811.7241	-4473.992
-3708.751	-5815.5884
-347.42636	-5180.979
-1070.466	-5520.0684
-3097.6492	-5729.4688
-2604.3506	-5248.725
-2708.3657	-5387.4062
-2812.1946	-5521.4907
-2396.1316	-4955.903
-2910.3203	-5651.9575
-2500.9753	-5104.853
-2080.1917	291.45706
-1384.864	2526.5466
-2444.9165	-229.35104
-1425.6173	2664.2903
-4140.278	2952.724
-2079.346	300.0728
-2086.2856	295.88828
-2085.8184	309.12503
-2107.8777	237.11058
-2448.4495	3803.948
-3069.0059	2176.0508
-3679.9414	2341.3982
-3254.2703	2282.048
-3104.6428	2163.1785
-1427.8187	2722.2698
-1514.6698	1867.6366
-1560.5853	1605.9177
-1582.8683	1817.4613
-1461.8628	1919.4368
-1686.0781	1717.7948
-2254.1294	1878.5304
-251.78311	3937.2607
-2358.436	2075.3755
-248.13316	3931.296
-1520.8126	1868.3407
-2492.4604	2205.1467
-2703.89	1766.3829
-1583.38	1475.1368
-4174.6245	2321.9392
-242.28806	3921.5498
-1187.1185	2901.3484
-1857.8038	3422.609
-1868.0891	3413.405
-1865.3872	3420.9731
-1793.5717	1004.7655
-1762.7076	1670.4813
-4018.6536	2936.6724
-3925.8	2754.177
-1735.0817	1681.1174
-1426.3871	2712.4958
-1883.6409	3456.9585
-1333.9652	2682.8882
-2160.0496	503.35803
-4032.9824	3106.1948
-3959.308	3085.562
-4039.0574	3103.217
-3956.6794	3076.0334
-3950.203	3088.0293
-3740.5874	2844.4214
-2099.936	451.03384
-1374.8906	2856.1992
-2171.9749	504.31708
-2094.7068	379.52985
-876.8186	3287.0706
-865.4223	3289.771
-867.60675	3301.4814
-1560.9525	1615.5686
-872.95166	3295.0398
-2625.1907	2334.8936
-1979.6124	604.51074
-2644.7297	3122.2734
-3742.9802	886.59924
-1424.6351	2512.4841
-1405.9404	2545.8618
-1433.6726	2510.6453
-1430.06	2504.9275
-1415.3053	2546.967
-3748.2542	1201.5911
-2157.3352	337.9747
-2135.8843	346.58548
-2149.6384	341.3238
-1460.5565	3009.5806
-1465.4692	3013.0957
-1747.3042	1640.8901
-3883.3037	1152.1433
-1999.2039	471.3741
-2097.157	431.64435
-2069.115	399.98505
-1943.5255	533.3217
-2004.5198	467.8457
-1799.9465	1007.21185
-1889.2653	806.36597
-3755.576	1835.3639
-3227.6606	2242.0435
-1394.2612	2514.6343
-1460.7803	3048.8057
-1873.2068	3435.821
-1417.5676	2954.32
-2161.7534	465.31024
-1411.2495	2644.3394
-1589.128	1475.766
-888.8371	3352.908
-872.4204	3352.7324
-880.8568	3352.538
-2127.952	367.11154
-2128.5745	361.67322
-2134.0137	325.69043
-2117.1602	334.35446
-2174.0056	493.2201
-2258.9717	157.7
-4095.0334	2463.5122
-2635.3054	2728.4463
-1583.5032	739.60034
-1342.156	2653.7104
-1274.7761	2708.34
-4011.594	2608.0188
-3521.7988	2603.6472
-1229.9297	3495.9583
-1787.9233	1002.6615
-2086.7205	1815.6788
-1878.4335	3446.3179
-3199.805	2203.542
-3169.7346	2165.8064
-1377.8937	2759.1074
-1780.1865	1643.0763
-1761.5051	1630.8744
-1780.9934	1623.2432
-1779.9326	1612.0427
-1792.188	1622.9421
-1788.7842	1614.4586
-1746.5479	1680.6974
-1295.4706	2758.731
-1332.1458	2752.0483
-1281.992	2741.8765
-1301.4847	2751.8838
-1596.7692	1043.537
-1769.3567	1073.2723
-1423.2623	2759.2605
-1421.5594	2500.4294
-3752.7732	1518.3763
-1725.7382	1676.8909
-2122.6157	442.20776
-2583.4944	2006.2751
-2130.609	439.2662
-1346.321	2618.4514
-217.91013	3880.3196
-1389.3417	2516.9058
-212.4125	3659.2483
-280.76205	4083.0596
320.2024	4811.3022
-3279.2144	2322.792
-3302.3445	2363.5317
-2905.209	1964.3328
-2171.926	477.69284
-1718.5387	1694.0867
-1700.7201	1707.5497
99.491844	3861.9497
-1326.0828	2709.6396
-1361.6438	2595.6233
-2170.244	273.5357
-3711.7554	2389.1228
-1536.8246	1599.1674
-2746.0225	2070.7942
-1743.2317	1667.6323
-2223.0203	1945.5625
-236.41794	3911.6653
-4031.99	1736.8591
-229.24075	3899.4978
-222.08873	3887.367
-556.3959	3636.1172
109.05304	4355.028
-1774.3689	1657.1659
-2144.7834	453.5538
-1489.3326	3133.4011
-1184.8538	3130.4307
-3603.595	2530.424
-1737.0553	1657.9658
-2128.9185	334.16678
-1425.8204	2728.5803
-2110.6716	445.46695
-2088.1726	421.92673
-1547.3672	1598.5414
-1475.175	3091.8486
-2123.6724	471.35263
-2110.5505	465.19244
-1332.1484	2709.2227
-1413.75	2507.3433
-1397.7262	2527.4285
-1318.3367	2558.187
-1440.929	2345.7986
-1446.7937	2347.1782
-2148.8596	490.63327
-3756.452	2154.741
-1328.6178	2666.579
-1458.7776	2968.6038
-1422.3662	2620.9922
-1757.9951	1146.7678
-1738.9653	1141.2404
-1769.0189	1137.2306
-1755.3577	1140.6008
-1412.6403	2574.7869
-2235.7693	3697.7334
-1425.9869	2685.9824
-1413.4979	2606.5178
-1433.7635	2689.3657
-1432.5289	2680.5596
-214.77628	3874.9885
-1542.5231	1605.8289
-1555.087	1597.9297
-2419.6545	1942.1312
-1613.1753	1347.5548
-1732.9457	1693.1816
-2119.4744	363.33566
-2164.158	492.5902
-4391.135	2773.0566
-4394.9253	2764.5059
-3391.8076	2281.9028
-4050.7483	3017.71
-3649.6206	240.7194
-3734.7542	572.4237
-1362.7389	2618.1594
-1383.5155	2582.627
-2807.1294	-552.90204
-1490.1414	2168.8875
-1370.287	2570.7998
-1332.9379	2721.3813
-1887.2731	3464.415
-1890.1686	3470.2937
-5189.2026	5002.4263
4002.9695	-3415.2563
4010.967	-3408.7437
5841.327	-770.46655
6044.9766	-1196.4436
4523.2456	-2379.449
5087.3706	-3223.1497
6074.7803	-1002.4404
4501.256	-2205.8098
4497.354	-2222.0
4443.1157	-2298.0273
4982.955	-2290.7522
5883.4727	-1289.8838
4639.7417	-2279.7246
5379.479	-2958.8118
5386.391	-2957.7422
5377.402	-2949.0562
3660.1233	5332.734
4541.701	-2838.6758
4547.387	-2848.7703
4549.891	-2841.5198
4112.6445	-2503.4836
4147.143	-2498.0237
4439.609	-2970.0488
4180.4854	-4041.6448
5366.723	-3049.48
5320.7485	-3130.7422
4030.6465	-1996.0543
4024.4592	-1988.3146
5764.742	-1628.9742
4320.3154	-2350.0386
4313.9937	-2351.6953
4827.7065	-4004.8572
4694.3774	-3594.9355
4342.3633	-3964.27
4444.9565	-3608.0696
4063.1343	-3452.5945
4478.998	-2275.947
4476.1943	-2283.0596
5248.451	-2805.0688
5240.8975	-2802.0764
5399.7856	-389.68698
3771.4375	-1811.49
3884.7024	-1912.2897
3890.3928	-1906.4832
5753.4194	-1415.4086
5513.956	-2910.7456
4994.2793	-2235.9783
4990.1636	-2244.8115
4681.576	-2745.5896
4376.3325	-3123.9404
4330.4663	-3073.8276
4121.5103	-3217.7683
4342.4595	-3107.2937
4349.2114	-3111.6277
5959.9673	-1237.5342
4079.6506	-3397.1658
4082.0242	-3375.6567
4082.407	-3405.145
4076.4534	-3379.4788
4371.791	-3010.9353
5291.015	-3881.7417
5813.285	-935.9152
5396.802	-689.3109
4660.803	-3494.5986
4342.875	-2215.8347
4586.4297	-2433.9485
5967.489	-1221.0338
6143.576	-924.3709
4546.3394	-2989.1155
4615.566	-2829.2295
5885.287	-1195.8696
6022.8086	-1245.761
5883.6167	-987.7652
6109.173	-1055.2101
6026.832	-1157.0386
5667.1934	-2371.9888
5893.0923	-2813.1094
4459.733	-3068.7524
4445.017	-2996.1943
4423.3174	-2954.1873
4219.609	-2484.124
5301.574	-3705.4817
5480.959	-1751.3728
3940.3855	-3367.0266
3950.0254	-3366.777
4555.0825	-2901.13
4551.1084	-2909.2092
4557.208	-2910.0403
4612.3716	-2991.432
5975.4097	-1123.9277
6046.6733	-1052.979
6021.427	-1104.9768
3958.9915	-3383.056
3956.4236	-3392.3477
3950.231	-3390.0342
3975.171	-3357.1138
6043.3696	-976.6971
4543.9565	-2736.558
5225.081	-3631.8232
4716.485	-2637.6477
4789.1313	-2307.4492
4657.2026	-3481.6885
4628.282	-2997.8604
5691.0586	-1471.5977
5184.646	-1460.6588
5482.972	-2864.6619
5828.018	-2793.027
5841.047	-2854.6
3854.8599	-2829.5522
6022.218	-906.32996
6050.8193	-943.3832
5535.878	-1692.377
5529.4717	-1697.3649
5844.3413	-828.9958
5612.8716	-2299.7693
5284.3364	-2160.4631
4610.1133	-2392.1196
4607.4106	-2409.0159
5922.753	-702.43134
5400.293	-109.11865
5690.519	-2451.3257
5308.308	-3092.0933
5820.6084	-788.43854
5828.3096	-790.27386
5823.3696	-801.1122
5388.6045	-1837.6108
5764.13	-1858.6964
5685.257	-1902.8705
4383.5903	-3041.1008
5628.5933	-2654.429
5457.3306	-2761.3438
4075.0813	-3404.0579
5273.87	4836.894
3071.982	-3336.2378
3804.295	-3342.5088
4441.282	-2935.1355
4257.402	-2386.1045
5809.1167	-1357.1785
3489.3826	5569.2427
5475.769	-2247.9412
6112.531	-915.2947
4263.3247	-3709.8179
4097.466	-3641.7073
4097.568	-3632.096
3971.7827	-3620.9675
3987.6045	-3595.8586
3960.864	-3681.459
4006.4158	-3644.2446
4014.7163	-3612.9795
4020.379	-3642.3584
5468.9756	-3219.3672
5345.975	-3043.0605
4179.7827	-2092.2441
4672.548	-2724.7964
4451.343	-2311.1406
5881.863	-2804.5767
5899.067	-2801.7725
5352.4185	-3049.2415
4603.867	-2426.6753
4599.291	-2421.685
5462.4814	-2681.9004
4228.982	-2202.1738
4458.0977	-2329.484
4752.1777	-2649.2349
4742.847	-2647.666
4640.285	-2988.5886
4489.477	-2246.708
4088.2969	-3349.2615
5331.0596	-3073.8398
4015.6255	-3566.4023
3034.8933	-3267.387
6056.457	-1007.2108
5569.2085	-2821.3157
5408.2456	-2999.3425
4015.1748	-3425.0457
4018.1924	-3415.035
5705.696	-1471.0582
5340.734	-3336.9248
3967.1257	-3362.2166
4975.652	-2488.231
4223.9097	-2467.4226
4155.522	-2735.9277
4840.119	-2352.7866
5063.2124	-2647.0474
5144.8213	-2525.6577
4210.8594	-2484.8645
5008.996	-2163.3684
4714.851	-2646.0894
4650.048	-2320.2166
3941.3333	-3373.4695
5053.239	-3506.4895
4580.865	-2915.9595
4575.682	-2907.6733
4867.8184	-3349.043
4571.7563	-2707.4812
4970.703	-2257.4043
5594.2363	-2126.6592
5264.483	4756.0854
5474.308	-1765.3398
5086.662	-2406.445
5051.7773	-2422.3044
4528.9785	-2879.2517
4534.128	-2885.8083
4537.2993	-2877.834
5928.457	-320.2775
5789.762	-1412.2706
4330.282	-3030.1072
5310.562	-2892.953
4665.464	-3512.8528
5412.8164	-2890.6506
5314.945	-2900.6768
5689.8867	-1528.0602
5764.3564	-2857.2483
5090.967	-3227.9934
5682.7153	-1527.827
5449.8267	-2933.5378
5005.997	-2172.2659
4607.3086	-2732.02
4320.587	-3080.6733
4499.689	-3060.3342
4495.049	-3108.6753
4439.067	-3139.3276
4518.35	-3068.818
4449.605	-3200.2527
4481.5933	-3131.5322
4471.024	-3181.6924
4719.0825	-2663.7766
5162.158	-2531.839
5927.8174	-1129.7188
5170.238	-2758.095
5155.914	-2723.7559
5915.961	-841.8731
4527.201	-2368.1848
5739.046	-2744.0159
6144.1475	-903.4093
6097.5234	-933.6721
5678.926	-4306.5474
4438.548	-2291.241
5023.356	-2344.221
5011.426	-2303.863
5909.084	-524.72736
5905.388	-528.8976
3972.3784	-3605.3374
6158.049	-898.49774
5006.837	-2311.4136
4525.3115	-2362.375
5991.184	-1113.9574
4519.552	-4145.007
4470.454	-2229.8257
4468.2915	-2220.4978
4307.325	-2197.7375
5956.0806	-1897.8951
4356.1953	-3676.3228
4355.0674	-3667.2588
5175.724	-2277.2583
5840.586	-452.001
5837.4507	-462.0755
4101.9434	-2506.0386
5388.351	-2955.6746
5387.4746	-2948.79
4973.909	-2326.666
4080.9822	-2513.8599
3999.5269	-2533.0977
5406.056	-3199.4253
5354.5415	-3949.7397
5327.319	-3964.008
5141.213	-2295.8599
5133.5938	-2300.2793
5484.829	-3267.82
5752.4297	-2723.2512
5796.455	-1627.4078
5126.7803	-2401.487
4331.575	-3918.9817
4224.914	-2339.4531
4990.7417	-2273.643
4994.9614	-2265.0176
4773.274	-3831.8777
5259.215	-1990.7211
5233.3096	-2022.6915
4342.641	-3874.6975
3984.8408	-3631.1775
5022.559	-2332.4636
5934.102	-1198.9043
4107.133	-2512.31
4142.3306	-2505.4968
4766.3633	-3813.8704
4259.7144	-2189.7659
4075.7917	-2464.1794
5396.866	-380.98166
5404.782	-382.03043
5172.671	-2273.229
5666.3037	-2422.4915
3768.6335	-1799.3164
3893.5586	-1915.2385
5759.9854	-1417.8129
3959.5554	-1952.9608
4060.346	-2053.7964
5577.5244	-2807.0522
4341.8823	-2417.6482
5511.9155	-2960.4062
4857.2036	-4105.029
5874.1084	-2877.724
5875.476	-2871.9807
4396.956	-4188.277
5951.7925	-680.78644
6053.982	-1178.0638
6020.642	-1210.3557
6068.439	-1179.5934
6033.357	-1211.8367
5212.575	-2849.852
5138.9824	-3975.753
4626.3926	-2385.2417
5183.2324	-3908.9045
5073.852	-3997.287
5134.052	-3965.1445
5863.704	-978.58655
5892.174	-1006.4314
5838.0938	-954.45197
5837.8726	-947.7638
5603.548	-806.93146
5601.5913	-799.2618
4318.9	-3919.402
5773.0513	-4140.1367
5407.763	-4015.9736
5586.75	-4280.898
5874.086	-4234.362
5603.739	-4273.8145
5669.814	-4324.898
5360.947	-4038.638
5564.1357	-4204.6494
5817.5107	-4187.9873
4857.1543	-4121.0913
4869.0737	-4116.072
4315.7983	-2372.2285
5404.7656	-3219.1194
6129.3154	-927.2247
5898.68	-1138.3379
6032.3774	-1252.7466
6035.3794	-1246.5632
6038.847	-1254.3583
5907.474	-956.7999
5962.0933	-843.4355
5902.701	-941.5037
6143.156	-1053.4425
6158.0117	-1052.6628
6086.1494	-1107.8469
6100.448	-1109.208
4413.021	-4152.159
4416.056	-4163.6953
4483.89	-4209.4004
3952.2537	-2549.8728
5910.6665	-2821.877
5906.3247	-2817.0588
5480.4897	-1743.1383
3960.4087	-2536.926
4897.8564	-4086.993
4425.8633	-4123.5234
4393.3057	-4155.06
4222.039	-2492.7192
5327.301	-3733.8723
5329.331	-3741.602
5319.973	-3729.3289
4316.8716	-3966.5496
4316.5835	-3956.039
3964.1658	-3611.0674
5645.7485	-1797.943
5316.66	-2386.107
5751.4424	-2551.9197
5796.3213	-2705.1536
4270.966	-3992.3823
5202.5913	-2852.3337
5951.4814	-1125.2506
4668.044	-4150.651
6020.3745	-570.5982
6009.984	-594.5173
5902.6484	-538.3801
5992.856	-581.5234
5658.393	-2639.2612
5487.4106	-1746.3229
5947.349	-294.3875
5439.474	-1462.6611
5442.3906	-1456.208
5206.2427	-3814.87
5236.8384	-3651.0605
3918.1519	-2547.5435
5649.729	-2636.9722
5953.913	-1202.2568
5664.6416	-2451.9753
5479.044	-3229.1785
4929.0347	-2308.4622
4267.5366	-4035.31
5792.5386	-1327.8993
4503.4272	-2197.0173
4262.8467	-3725.3523
4262.638	-3733.9277
5056.732	-2379.4646
5991.354	-651.6296
6053.0103	-910.8959
6066.4478	-901.70404
6051.157	-920.8837
6065.1455	-916.39215
5968.791	-726.23944
5878.9976	-1223.2491
4621.4795	-2390.434
4613.8677	-2397.8896
5857.578	-603.65894
5845.2173	-619.7654
5873.8555	-609.5851
5597.4297	-322.61633
5599.909	-314.0515
5856.7065	-614.6566
5852.0474	-624.2568
5866.461	-618.6984
5068.0093	-2340.559
4851.711	-4083.7156
4800.7637	-4124.023
5907.4595	-1192.5719
5872.794	-878.4089
3929.0984	-2545.352
5666.686	-2620.0
5704.8135	-2448.6768
5642.6157	-2566.8699
5428.3804	-3149.1665
5856.314	-856.5751
5814.4365	-793.2277
5843.6113	-1865.9165
5841.954	-1871.802
5915.138	-1880.2616
5883.727	-1889.8097
5774.7153	-1861.4376
5773.5625	-1853.109
5391.387	-1829.0621
5397.3687	-1835.6464
4877.615	-4107.0728
5381.5337	-3124.7068
5392.327	-3131.932
5366.5337	-3129.2568
5366.27	-3140.714
5375.442	-3133.6665
5379.971	-3144.6455
5956.8013	-1265.7719
5984.889	-685.5583
5062.315	-2417.919
4939.3286	-2267.7998
5601.1587	-3981.1506
5618.3413	-4222.258
5556.098	-2710.7559
5546.7017	-2702.7356
5546.766	-2716.1738
5552.5117	-2724.621
5540.8867	-2827.1416
5549.9946	-2833.0803
5567.2783	-2713.8489
5553.4004	-2696.958
5860.5557	-1231.502
4166.2036	-2314.0986
4264.025	-2294.8894
4187.198	-2323.6035
4239.2617	-2333.9534
5870.5303	-1191.4578
5502.7153	-2236.1636
5125.399	-3157.3374
5026.362	-3296.4595
5128.492	-3166.1643
5029.8647	-3306.0386
4289.5776	-2322.3557
4309.769	-2186.919
5152.051	-2289.18
6123.815	-908.8972
4249.9595	-3800.7515
4256.314	-3759.1462
3978.7495	-3612.953
3964.8386	-3672.6233
3954.6323	-3694.046
4008.47	-3633.0872
4018.5464	-3631.6638
5842.306	-1276.7639
5846.3003	-1282.2249
4454.62	-2305.156
4932.6904	-2288.506
5355.479	-3041.3865
5356.198	-3052.586
5482.783	-3223.983
5350.77	-3057.5452
5667.3047	-2700.0586
3520.9482	-3421.9307
3515.6125	-3428.3013
4344.1157	-2264.2607
4493.026	-2239.5615
5753.224	-2497.4604
5944.4937	-1891.8074
5022.8267	-2126.915
5776.9985	-2764.6729
5494.654	-2896.7422
5720.0967	-2783.318
5863.4844	-4245.197
5654.9463	-2374.1624
5807.522	-1625.4211
5662.7188	-2650.988
5739.567	-2499.6118
6026.5386	-1886.3168
6040.441	-1892.3428
5763.14	-2784.5845
5660.8184	-2806.3877
5654.781	-2813.69
5772.7593	-2793.1357
4348.4263	-3975.3203
5417.762	-3812.9106
5889.021	-918.364
5713.07	-1471.2559
5673.8477	-2845.1526
5882.2007	-895.15936
5441.291	-3243.9238
5988.371	-1881.306
6036.1147	-1880.5143
3664.6638	-1726.6296
3921.1143	-2552.5615
4179.602	-3679.5996
5161.4946	-2283.0674
5001.7925	-2470.2634
5056.53	-2355.08
5065.0264	-2350.8606
5900.4526	-525.194
5912.1685	-530.546
5882.154	-1319.9255
5791.9263	-530.66736
5792.836	-520.5085
5995.0117	-613.1322
5970.945	-684.05133
4185.209	-2607.8093
4179.598	-2614.3303
4159.455	-2470.4119
4154.8667	-2484.9878
4105.336	-2465.0198
5816.405	-865.2859
5059.4434	-2457.0579
4990.4336	-2440.6733
4985.233	-2444.5815
4197.213	-2504.6526
4201.944	-2497.475
5345.977	-3202.9585
5016.3364	-2143.9824
4989.6475	-2218.4968
4310.2935	-4090.9844
4351.2793	-4129.8647
5047.8823	-2338.1777
5062.2896	-3527.226
5654.002	-2485.761
5470.5264	-3251.4524
4610.0474	-2888.9873
4724.993	-3036.899
4730.1426	-3045.4812
4942.5522	-2277.6465
4289.274	-4015.994
5650.094	-2339.6138
5116.712	-2405.3474
5027.167	-2447.681
3943.659	-2548.191
5941.0083	-302.97864
4273.1167	-4051.7905
5878.1753	-394.6596
5882.8086	-385.2971
5872.557	-1256.3242
5865.581	-1366.4705
5914.373	-338.664
4260.141	-2146.7314
5909.066	-347.69153
5314.758	-2875.8877
4250.0386	-2259.3904
5499.3594	-1756.7219
6052.0747	-1876.9293
5647.2744	-2648.724
4247.6475	-3816.2349
5984.8667	-615.5188
4253.56	-2283.6865
5635.7153	-2667.779
4254.761	-3808.8118
4474.5854	-4170.602
4480.9385	-4197.066
3964.716	-2546.1924
4433.556	-4083.005
6036.45	-1021.67596
4714.047	-2754.015
4706.3335	-2748.114
6035.721	-1068.9589
4390.9565	-4197.548
5200.9272	-3861.2703
4361.6694	-4065.1436
4297.4624	-3958.3025
4650.513	-2787.3032
4646.4507	-2780.9365
4524.4106	-2926.9011
4527.434	-2919.0947
5937.014	-1091.2256
5443.8853	-3173.957
5163.289	-2722.4863
5903.394	-866.2633
5807.8013	-1628.8018
5801.759	-1621.9695
3949.733	-3704.3271
5673.657	-4297.1753
5917.3022	-1193.1669
4595.318	-4154.0234
5349.1187	-3554.8774
5950.412	-1292.6548
5801.999	-1632.2937
5675.9697	-2569.209
5389.694	-3993.622
5346.8804	-4013.0125
5447.1426	-3265.8857
5451.9087	-3264.3762
5980.468	-675.4719
5993.964	-1154.534
5898.571	-1052.0786
5931.1904	-1889.8047
4850.7637	-4067.509
5175.91	-2764.2537
5890.3457	-1049.256
5894.517	-988.3866
4102.983	-2040.07
5508.9214	-4082.5405
5371.3096	-3862.6206
5573.4927	-3957.2922
5409.2124	-3804.4553
5356.6523	-3563.7175
5333.658	-3536.4116
5418.269	-3212.3494
5678.3423	-2653.8958
4617.0117	-2895.0002
4246.9976	-2264.3027
5127.0557	-2408.204
5834.6035	-812.4356
6047.911	-1022.7739
5678.6597	-2418.9263
5512.101	-2232.109
5680.4624	-2551.065
4863.67	-2482.1208
5886.9683	-2881.487
5954.91	-669.38104
5069.999	-2473.105
5219.2734	-2857.0305
5559.106	-2896.1975
5348.3906	-3214.421
5238.8223	-2016.2877
5916.2983	-691.9928
5840.908	-4212.246
5790.4653	-4162.7085
5652.729	-4279.9585
5745.297	-4115.8994
5706.9546	-4082.0725
5579.1426	-4240.692
5550.8877	-4176.451
5338.6006	-3744.6274
5755.22	-2736.3918
5680.14	-2368.907
4920.3267	-2306.0151
4885.7617	-4120.0903
5764.874	-4133.108
5399.644	-4006.1475
5584.3774	-4267.808
5864.1704	-4226.905
5595.9556	-4262.875
5663.576	-4311.5605
5355.4106	-4027.2036
5559.847	-4195.0933
5808.892	-4179.931
5346.105	-3942.052
5322.5234	-3953.6536
5684.0015	-2537.8552
4224.629	-2351.111
4129.051	-2495.481
4243.589	-2242.1257
5661.134	-2663.7039
5495.2695	-3235.9468
5413.853	-3209.863
5409.564	-3218.2898
5913.537	-938.825
5382.1436	-3984.538
5343.3687	-4002.5452
3980.1426	-3640.8904
5050.777	-2333.1404
4845.7715	-4061.827
5800.206	-1329.7399
5880.665	-1262.824
5202.1987	-2861.5012
5071.6206	-2467.4285
4671.111	-4163.0283
4164.4004	-2320.0178
5975.5063	-814.8177
5872.5103	-2806.282
5171.072	-2534.8823
4781.868	-2461.7249
4922.378	-2301.1116
4153.501	-2313.2205
5510.9233	-1755.091
5509.2085	-1750.099
5968.2207	-1272.4541
5069.454	-2454.2466
5931.928	-1313.5662
5645.078	-2416.8909
5641.17	-2421.4937
4438.7114	-4090.5967
5899.203	-1879.274
5686.615	-2545.9465
5665.5396	-2541.8984
5682.39	-2562.114
5900.608	-1884.9929
5067.934	-2359.4302
5066.5864	-3536.7803
4213.556	-2344.7683
4208.7393	-2340.3352
5592.7085	-3974.1758
5610.646	-4213.7256
5594.7974	-4196.259
5026.328	-2118.056
5960.4834	-1873.4998
6051.1084	-1883.2172
5649.841	-2623.2417
5785.093	-1325.0543
4500.705	-4164.743
4140.3154	-2306.425
5503.03	-3284.2068
5490.8853	-2237.6904
5492.826	-2244.0806
5064.449	-2469.6702
5648.8726	-2597.5596
6007.8027	-576.30414
5996.758	-563.7553
4747.8716	-4145.472
5870.6807	-1225.9711
5326.1123	-3069.9653
4533.0835	-2365.5027
5946.9844	-1878.9998
6053.7495	-1016.9801
4056.331	-2058.3018
5555.124	-2891.3918
5914.43	-809.21936
5072.6226	-2458.33
4240.906	-2266.6672
5673.6724	-2810.8875
5663.871	-2821.8088
4393.397	-4211.2153
5753.4014	-4123.2397
5855.9053	-4235.3486
5242.532	-3660.3093
3656.3147	-1724.3312
4177.3735	-3688.1975
5780.2754	-2722.813
6122.421	-1054.7726
5447.3687	-3189.1113
5911.121	-819.62634
6032.8945	-559.5042
5927.0645	-837.1808
5981.1147	-722.3266
5946.979	-779.3921
6044.8506	-954.8273
5499.1753	-3287.5332
5783.597	-2793.438
5182.28	-3234.2864
5160.8745	-2752.789
5447.206	-2834.0576
5543.1694	-2888.0012
5536.323	-2880.5486
5440.3887	-2829.5056
5158.442	-2745.8674
5178.087	-3224.3013
4200.6304	-2329.2002
5659.0356	-2332.5083
5662.0146	-2337.8135
5076.746	-4009.4446
5920.498	-813.34106
3919.7246	-2541.6492
5322.4663	-2876.1826
4250.773	-2271.8115
5824.8716	-1280.6406
4241.7407	-2187.2893
5044.1978	-2360.7358
5667.7114	-4299.5083
5561.558	-2890.077
4289.2646	-4027.215
4667.9385	-3522.3374
4171.172	-2082.734
4433.866	-2975.557
5937.2246	-688.15607
4604.4463	-2737.5662
6053.511	-1067.7343
4064.6948	-2467.3884
5997.0293	-597.92163
4498.233	-3069.1733
5449.592	-3172.6868
4346.86	-2205.1523
4266.9355	-2193.9805
4684.3364	-2753.7546
4334.5547	-3119.2637
4340.175	-3122.9705
4352.3247	-3020.0334
4064.9866	-2460.514
6022.3145	-1067.2076
6015.0166	-581.8516
3662.1455	-1718.3218
4617.2847	-2839.161
4624.9194	-2834.6067
4438.091	-3005.3584
4446.235	-3006.7993
4841.1626	-4047.3987
4612.3345	-2981.9065
4258.4175	-2278.533
6034.209	-1106.7711
4271.8325	-4069.2993
4536.1895	-2739.3281
4623.9688	-2986.1252
4266.8027	-4068.36
4495.426	-3118.6033
4502.1675	-3116.7742
5206.726	-3843.0771
4439.271	-3150.7478
4432.0933	-3148.5923
5446.8623	-3254.1772
4435.26	-2942.4702
4431.477	-2933.2288
3761.6418	-1799.702
4243.1743	-3813.525
4137.0884	-2310.2295
4692.3345	-2737.4365
4679.53	-2725.9468
5941.764	-1320.0579
4775.027	-4142.1875
4630.8164	-2981.3127
4342.2656	-2204.5452
6007.8	-582.6088
4522.828	-3077.3777
4451.9346	-3213.8137
4440.4697	-3207.0723
4443.0186	-3213.8235
4456.0195	-3209.3257
4448.7773	-3218.2979
4448.346	-3209.1396
4483.911	-3142.5066
5493.099	-3277.8472
4087.8494	-2464.409
4387.3594	-4209.768
5965.774	-673.36755
4611.4917	-2965.2634
4302.022	-3992.7388
4776.87	-3841.1682
6051.7354	-1072.3177
4214.2153	-2336.182
5913.509	-2815.2607
4338.2593	-3026.47
4471.9585	-3192.8628
4478.1797	-3191.0396
5904.3823	-1898.7437
5921.2334	-1894.7609
4175.6045	-2080.111
5890.31	-1898.2656
3764.3977	-1805.5963
5958.114	-1891.9719
5505.636	-3243.2224
5524.975	-3257.4417
5237.184	-2821.9053
5665.6597	-2598.2043
5810.723	-2721.7275
5793.649	-2719.1995
4402.8887	-4200.778
4710.2236	-2658.897
4726.3687	-2661.299
4702.8125	-2664.0405
4734.287	-2667.6113
4378.621	-3048.1216
-5241.8174	6168.8833
-4206.9424	5354.0273
-4181.3535	5281.4727
-4537.1353	6648.4546
-4538.333	6531.4697
-4733.9917	5647.87
-4842.045	5718.698
-3073.0225	5389.372
-3084.6262	5399.85
-3957.1477	6481.048
-5703.185	6043.303
-5698.596	6034.3516
-5697.036	6048.406
-5633.5293	5984.8613
-5448.7993	5903.79
-4138.403	5657.16
-4463.271	6589.348
-4533.374	6484.3267
-4818.8394	6143.971
-4863.563	6084.1177
-4356.0146	5574.8755
-4406.2646	5543.197
-5907.878	6106.2617
-5489.8164	5808.248
-5230.0107	5705.9316
-2624.119	5317.9404
-5668.702	6262.622
-5331.097	5163.5186
-4992.202	6062.9
-3719.5593	5467.291
-3699.8022	5500.03
-4514.984	6511.477
-4543.5513	6706.4375
-4555.7524	6600.3057
-5218.183	6163.0674
-5123.3467	6076.5127
-5198.4385	5877.144
-4039.437	5748.4497
-4079.305	5639.811
-4441.6616	6513.0054
-4519.425	6373.774
-4254.799	5315.0835
-4973.495	5695.508
-4965.6196	5691.4277
-3588.097	6316.265
-4299.508	6708.7593
-4774.972	4688.41
-4401.744	6399.8203
-4407.1313	6415.3438
-4406.5615	6392.8364
-5735.513	6127.891
-5522.6284	5991.4224
-3305.917	5383.7896
-5262.782	5153.5737
-3477.5996	6474.061
-3464.315	6296.153
-3527.1377	6445.6187
-5259.555	5992.008
-5072.536	5948.866
-5175.1597	5469.1255
-4710.6763	6673.5605
-5837.323	6024.2
-5823.9272	6024.629
-4371.976	6604.835
-4451.773	6547.822
-5207.849	6213.2275
-5094.5864	6121.6113
-5207.4106	5152.4336
-5108.96	5212.5996
-4888.8975	5100.7188
-4797.5283	4212.5396
-4967.413	4575.8584
-5321.3467	5743.255
-5499.661	5807.2993
-4450.42	6400.234
-4446.994	6393.3887
-4390.5337	6372.487
-4498.908	6404.6724
-4712.3096	6356.557
-2384.3708	5624.017
-6092.7437	6161.4414
-6098.8877	6150.318
-6098.543	6157.0415
-5962.0947	6077.463
-5568.928	6375.4434
-4767.9126	5050.616
-4770.1323	5059.084
-4776.0137	5054.279
-1560.9779	5745.637
-5235.152	6199.6025
-5465.215	5165.4355
-5757.088	6063.4194
-1568.7378	5742.0483
-3047.7432	5380.04
-2391.7502	5625.4414
-4207.697	5361.236
-4087.1658	5717.1978
-4162.378	5591.1665
-6075.4316	6125.5674
-5240.106	5701.808
-5240.119	5710.1553
-5314.942	5150.6064
-5208.782	6225.3545
-5907.439	6137.834
-5907.837	6131.7534
-5889.6626	6145.161
-5518.348	6284.689
-3462.7905	6644.001
-3477.3704	6618.0244
-3476.219	6548.984
-3304.6099	5402.704
-3488.6165	6581.9614
-3481.0383	6686.1875
-5498.4707	6331.892
-5491.4443	6334.593
-5408.3687	6301.43
-5414.632	6301.0117
-5488.9434	6320.646
-5407.291	6288.5107
-5717.2773	6142.726
-4497.6675	6384.6475
-5536.834	6007.563
-5712.819	6081.505
-6117.601	6163.9585
-6108.404	6160.171
-5568.7886	6284.867
-5371.7183	5950.3823
-5387.5234	5913.9946
-5182.057	5788.0684
-5475.106	6204.1553
-4739.396	6710.1265
-4765.786	6736.9443
-4743.5503	6718.898
-4756.6006	6725.2715
-4638.7925	6397.026
-3698.9177	6197.3037
-3699.3137	6189.3306
-6132.4	6169.8184
-6084.117	6150.6997
-5948.403	6074.726
-4541.572	6695.4355
-4555.2344	6559.8394
-4243.255	5592.791
-4723.84	6457.304
-5809.0405	6034.462
-5737.9297	5986.6167
-4370.2417	6658.3213
-4844.2017	5726.0854
-4849.5273	5720.349
-5749.8276	6086.1523
-5240.941	6196.2686
-5760.54	6093.758
-3045.6067	5371.407
-3072.2827	5381.6377
-3037.0833	5372.7954
-3040.2207	5380.018
-3047.0488	5256.227
-3956.596	6490.178
-5786.169	6072.171
-5757.188	6313.753
-3746.1316	5483.7773
-3747.2537	5472.605
-4770.796	6197.18
-3506.5667	6570.2275
-3506.0972	6579.716
-3513.9224	6576.3857
-4454.435	6646.4897
-4542.42	6486.787
-4461.081	6675.3687
-4461.379	6661.5674
-4464.8955	6648.8525
-4464.125	6622.651
-4458.9653	6636.145
-5147.8354	6002.6973
-5622.196	5984.346
-5688.298	6043.637
-5575.5815	5972.0967
-5570.5786	5975.4243
-5024.8193	6033.334
-5364.1997	5933.65
-2709.7412	5345.836
-4139.739	5665.093
-4805.8594	4209.388
-3037.7134	5269.3696
-4533.405	6495.035
-4539.709	6493.2705
-5692.609	6054.396
-5563.4937	6362.8027
-5573.6074	6371.759
-5557.6895	5795.991
-5581.452	5836.9707
-4677.9854	6355.3945
-4719.3794	6474.1973
-4741.4604	6638.8975
-4784.7495	6679.9243
-5254.8857	6077.633
-3055.4294	5301.5347
-5423.0283	6273.1543
-5414.327	6267.549
-3521.3723	6623.8154
-5820.8096	6359.859
-5808.8413	6360.747
-5801.6147	6372.8154
-5836.858	6371.6772
-5746.3535	6303.7314
-5261.9536	5978.9863
-5799.402	6343.01
-5795.776	6352.174
-5786.9287	6351.196
-5583.3364	5997.9775
-5562.2305	5996.4224
-4614.906	6090.5557
-4512.402	6627.5283
-4509.873	6618.0825
-4689.835	6726.8374
-4721.204	6773.6597
-4712.5176	6742.168
-4690.202	6715.1885
-4708.51	6728.253
-4687.6504	6688.9424
-4717.126	6759.749
-5419.793	6006.8994
-5220.653	6018.4067
-4720.4224	6363.138
-5381.7065	6318.139
-5510.8164	6360.7485
-5414.2793	6295.064
-5386.042	6330.6
-5518.6797	5804.3804
-5726.755	5896.827
-4548.894	6408.1924
-5656.6826	6257.019
-5650.009	6248.7256
-5743.037	6039.4155
-5686.3574	5983.6963
-5482.403	6210.8755
-4481.1235	6490.5176
-5604.987	5786.9937
-5615.9243	5785.1377
-5316.865	5924.722
-2956.8293	5455.95
-3461.9438	6655.951
-5438.691	5168.4126
-5547.393	5797.6562
-4631.208	5582.309
-4622.721	5573.797
-4109.0454	5705.481
-5382.704	5837.0854
-3382.1355	5321.8086
-5408.301	5166.836
-2525.0317	5476.9126
-2796.8516	5370.405
-3053.3171	5245.8857
-5345.469	5164.9404
-5342.059	5170.756
-5202.01	5607.0107
-2963.8555	5458.676
-5495.4155	6003.4937
-5480.954	6010.101
-4184.247	5459.5244
-5461.0845	6190.934
-3495.7546	6612.4395
-3442.3188	6704.1006
-2886.6685	5391.7124
-5509.161	5805.6636
-5022.09	5799.2397
-4999.896	4558.8706
-4719.9673	6667.366
-5100.525	6016.072
-5451.284	5168.068
-4681.7256	6677.2754
-4624.749	6620.8857
-5533.198	6285.665
-3595.4697	6391.554
-4721.2705	6432.0747
-4553.794	6673.4087
-5807.021	6007.5693
-5832.659	5974.224
-5780.077	5932.949
-4548.045	6745.21
-5705.44	6198.413
-5710.161	6202.134
-4553.9897	6787.656
-4568.9326	6660.043
-4562.7744	6673.307
-4576.9062	6666.5996
-4989.5454	4564.666
-4087.7197	5708.967
-4071.7502	5726.935
-5197.96	5742.9214
-5821.9717	6143.6807
-5347.0654	6317.9336
-5307.664	6303.868
-5305.4463	5981.546
-5304.9453	5987.6255
-5778.3345	5995.495
-4552.0054	6774.493
-4368.269	6645.632
-5746.386	6060.3394
-5711.2637	6045.227
-5053.657	6131.004
-5264.6885	6288.139
-5322.324	6259.0317
-4196.33	5644.3594
-4251.1465	5626.2046
-5051.6743	5994.966
-3590.3245	6367.4756
-4748.9175	6744.0513
-5818.784	5976.1455
-3588.7478	6391.9736
-3434.5063	6771.0806
-3298.45	5274.7217
-3436.9795	6748.5894
-3435.7864	6758.681
-5335.582	5152.4277
-4677.803	6381.1035
-3451.0742	6645.753
-6004.3555	6132.102
-3214.6594	5225.3843
-5193.482	5606.527
-5710.992	6052.506
-5725.17	6069.5283
-5773.6343	6068.703
-4476.9697	6568.968
-3061.1792	5245.1123
-3049.7266	5183.7285
-3811.3955	6050.462
-5560.766	5897.2983
-4718.933	6243.748
-3194.6562	5394.0874
-4596.0635	6405.919
-4363.908	6657.852
-5877.783	6135.476
-5738.888	6228.189
-5363.2754	5946.0366
-3589.1113	6344.1865
-4379.1714	5403.2397
-4137.3555	6552.0405
-4141.5728	6543.1455
-4929.98	6076.6787
-4333.5474	6601.864
-4301.785	6697.215
-4307.0225	6673.064
-5545.5503	6182.285
-5536.8213	6175.485
-5789.7637	6081.202
-5821.7573	6130.6445
-3444.951	6504.2983
-3450.412	6497.6567
-2952.655	5010.075
-4767.9956	4693.0425
-4398.1885	6606.998
-4397.561	6597.315
-3745.425	5491.197
-5632.567	6065.8735
-5632.559	6059.787
-3046.7163	5123.084
-3518.5044	6613.5503
-3512.3088	6592.7905
-5316.564	5685.54
-3382.6606	5328.2275
-4106.5337	5697.626
-4669.3286	6650.624
-5892.842	6128.6113
-4545.7573	6728.6904
-3480.6829	6675.1616
-5729.3755	6107.5205
-3433.4243	6781.9487
-3459.643	6575.618
-5720.787	6050.785
-3516.8567	6537.9062
-5270.8906	6286.1064
-5783.942	6037.361
-5504.091	6348.4307
-3465.5647	5363.7783
-3633.492	5436.4395
-3130.83	5174.452
-5241.0615	5935.0557
-5129.173	5869.4146
-3773.9287	6402.122
-5165.9604	5974.24
-5171.007	5970.9805
-5495.4404	6273.588
-5490.709	6293.224
-5585.3394	6298.1133
-3460.274	6486.263
-4815.033	6712.9473
-4824.7593	6720.4727
-4820.8315	6724.577
-3473.0276	6584.1924
-4344.421	6607.956
-4589.314	6371.63
-4349.653	6622.7793
-3479.9153	6652.335
-3474.361	6513.543
-5266.705	5999.559
-5045.123	5989.316
-4161.967	5584.4995
-4161.64	5575.9775
-4161.3105	5563.5303
-4304.5796	5602.4927
-6063.5137	6123.529
-6038.1	6118.133
-4559.2876	6005.6826
-4501.1084	5913.6274
-5018.3477	6027.5938
-5536.2964	6325.0557
-5343.8003	5999.366
-5343.083	6005.3706
-5158.4023	5942.968
-5582.6514	5790.745
-3922.923	5913.627
-3924.2944	5905.6064
-2963.108	5449.908
-2969.9973	5432.3105
-2979.4219	5409.3574
-5307.1016	5152.602
-3041.5857	5263.86
-5366.8203	6259.614
-5433.6294	6296.3135
-5295.284	6215.274
-5839.7544	6030.8364
-5843.827	6023.9683
-5578.344	5884.0693
-5428.976	5167.9443
-4574.0107	6671.7983
-3591.4968	6384.94
-3060.706	5358.593
-4315.908	6636.9434
-4331.718	6587.289
-4361.325	6621.1396
-5310.2085	5772.497
-5152.9526	6172.2524
-5263.73	6276.5474
-5316.923	6250.2334
-3475.6125	6505.631
-3476.9202	6492.1143
-5218.5615	5155.9453
-4566.261	6678.5474
-4668.364	6169.99
-4754.3193	6685.994
-5821.773	6373.283
-5810.671	6387.36
-5349.3267	5149.5537
-3057.9565	5352.8022
-4732.557	6744.5415
-5661.0337	5866.3223
-5232.8306	6189.1343
-4501.6914	5489.729
-5174.1226	6050.8906
-3452.059	6584.8813
-5463.17	5171.5728
-3548.9246	5401.8896
-4636.6523	5587.6826
-3301.2932	5412.498
-3306.6216	5412.85
6709.9526	6484.894
6623.256	6374.476
6634.2007	6347.382
6458.445	6121.5835
6766.386	6657.073
6741.8237	6637.3887
6743.4424	6593.108
7069.773	6847.071
7054.8823	6842.877
7056.887	6910.6294
7070.428	6916.0723
6741.1787	6520.35
6732.422	6521.681
6686.328	6399.484
6414.4805	6222.7607
6689.483	6390.898
6415.6357	6214.4053
6494.5996	6393.032
6606.1504	6417.8027
6637.9385	6486.5337
5492.8716	6927.3687
5189.214	6619.568
6791.68	6588.631
6802.1846	6589.5625
6472.265	6141.891
6800.7007	6732.889
6977.425	6820.8813
6917.7144	6807.1094
6919.0684	6801.1733
6713.4785	6529.6836
6777.2715	6893.263
6604.507	6856.2764
6526.718	6859.9463
5635.81	6707.008
6722.1113	6607.4307
6709.916	6608.3857
6516.8384	6482.9697
6840.956	6562.2056
6664.4683	6469.9043
6739.644	6436.809
6632.0884	6367.0825
6682.7085	6843.035
7035.2983	6876.0386
7021.524	6870.63
6577.3413	6307.014
6533.374	6232.1377
6481.6973	6163.168
6925.0522	6935.072
6846.786	6784.141
6517.7812	6683.5938
6932.5103	6939.754
6860.3013	6784.061
6562.5107	6628.483
6433.507	6114.889
6324.6123	6091.694
6447.58	6109.253
6791.1465	6771.613
6607.406	6488.891
6621.5845	6517.145
6478.582	6261.257
6994.7344	6776.1533
6845.658	6815.9326
6825.142	6795.3477
6612.8916	6536.1006
6597.0024	6502.566
6782.1533	6737.4976
6868.419	6820.6274
6822.788	6946.703
6868.127	6987.55
6688.3066	6665.4194
6878.446	6826.8823
6886.094	6570.463
6859.229	6823.3735
6980.757	6902.0435
6919.2837	6892.8813
6796.7236	6565.8228
6819.057	6546.4053
6726.347	6696.0254
6514.8364	6107.2373
6521.209	6100.0933
6835.982	6400.315
6845.0303	6392.8813
6823.29	6780.5884
6862.9893	6378.8423
6857.851	6373.5723
6782.9775	6792.65
6786.506	6802.477
6716.407	6650.998
6824.798	6401.878
6589.1787	6467.2266
6593.6567	6518.917
6592.347	6487.6323
6730.9155	6613.278
6762.812	6587.2173
6602.5273	6509.446
6604.925	6497.5244
6838.4336	6463.524
6822.3706	6611.7905
6809.752	6607.7534
6830.74	6427.1436
6850.613	6803.94
6782.991	6817.1025
6779.53	6829.774
6567.2983	6133.9297
6556.991	6139.869
6934.3296	6971.223
6811.1963	6861.4297
6539.9395	6120.1396
6925.7695	6668.919
6807.9033	6626.263
6798.1484	6619.785
6871.846	6498.208
6554.5	6171.4053
6616.7173	6511.289
6775.848	6761.161
6800.1616	6778.9995
6517.5522	6301.8457
6526.1504	6323.9336
6809.572	6441.202
6764.2437	6616.459
6080.8447	6796.978
6081.149	6789.151
6866.8945	6925.591
6802.897	6466.9653
6863.2515	6456.8877
6849.886	6453.849
6466.5894	6261.8315
6936.5645	6950.465
6942.546	6949.4663
6483.786	6269.668
6757.451	6703.272
6689.1953	6656.1885
6983.1807	6935.388
6999.908	6948.4604
7057.802	6936.3633
6518.474	6258.484
6524.759	6245.3755
6853.78	6564.518
6923.573	6983.996
6932.6763	6996.048
6871.1875	6999.0312
6906.3535	7001.758
6864.033	6535.5273
6441.995	6255.0566
6853.284	6905.667
6492.9517	6266.618
6808.7124	6416.348
6872.048	6568.0625
6630.782	6587.95
6640.0977	6583.7114
6859.805	6406.2666
6843.5938	6408.1177
6644.2188	6556.5493
6870.897	6509.601
6854.811	6489.9424
6504.0527	6275.5835
6375.7197	6223.6567
6556.3105	6393.8643
6748.006	6712.0156
6735.779	6693.212
6924.1943	7009.95
7040.418	6950.513
6741.571	6544.83
6868.9966	6880.551
6960.3926	6877.386
6544.6855	6205.832
6860.4395	6920.6187
6951.551	6942.8975
7005.4414	6953.9155
6672.393	6621.3145
6838.1167	6385.2637
6826.365	6421.1924
6993.4893	6799.837
6991.273	6858.889
6608.8657	6559.4097
6604.355	6566.6226
6690.5317	6639.1826
6694.7485	6395.482
6837.13	6443.717
6439.4106	6104.0083
6877.8306	6455.3867
7043.302	6815.3022
7058.5137	6828.8774
6700.323	6440.9873
6651.434	6609.453
6924.18	6946.1143
6717.763	6415.2026
6446.8975	6117.7983
6761.067	6819.6396
6420.0327	6248.2114
6510.226	6689.131
6518.7446	6695.312
6516.504	6690.514
6687.1216	6508.2075
6679.9307	6508.357
6476.7227	6107.8145
7008.229	6776.1235
6406.5947	6221.6523
143.80042	-125.519356
1435.2491	146.6408
1739.4708	2320.5032
1469.6559	2112.4014
1279.439	1375.9873
787.1466	-102.86093
1508.2501	-82.71545
297.60904	-120.08977
1142.9353	-85.7184
1443.0181	158.83073
1454.039	137.91106
1442.7554	242.15889
1438.7712	260.12302
3001.4314	-1226.8652
2117.4983	-558.4881
2229.913	-640.1927
1440.6888	186.81734
1552.8207	37.394894
1546.8363	34.485703
312.7003	-130.6687
1245.0131	-84.499084
1247.4631	-76.55816
1252.8517	-82.58998
1394.4148	-49.251118
1374.5863	-81.93793
1417.441	-14.365464
149.4267	-129.75873
-79.69025	-126.64618
1200.2485	1905.2644
1445.7443	326.62558
1431.7953	324.9544
1434.4738	231.43967
1440.3724	316.47217
1359.3124	847.01385
1595.5267	-167.24199
-193.9788	3205.3591
1530.6917	-105.33209
26.682951	-143.07048
-95.9599	-159.47356
-90.2951	-143.68695
-632.65674	-219.27179
903.36975	-93.32846
1462.0847	137.75024
3326.799	-1487.0444
3318.2756	-1477.5363
1424.0945	22.230732
3387.8555	-1511.2719
852.2561	2228.5063
278.18246	-121.026566
1452.3469	262.36636
1447.206	267.7381
2009.6271	2529.7095
1441.1191	214.35638
1481.0464	-61.550953
1353.0438	-82.27804
1634.7607	-71.26703
3320.1716	-1469.832
1969.1036	-463.33185
1437.1616	-18.326817
922.62006	-92.74089
945.3065	-92.82875
1446.998	200.39743
1778.9755	-314.77777
1771.7545	-298.69876
1429.3087	269.80814
1438.7192	51.078735
1416.0186	25.910036
1575.4701	-164.71434
3362.538	-1498.5513
1449.3666	251.5118
1423.7509	275.45007
1754.7455	-299.65488
1522.4653	69.720955
1519.4274	63.140102
1423.8865	29.665466
3611.1875	-1692.9006
3445.898	-1569.7805
3570.152	-1653.6235
3341.994	-1493.6337
3479.519	-1584.4115
1438.2457	329.04794
1457.0806	-21.964876
1493.7998	-100.20946
1230.898	-105.50393
1390.2656	-21.986794
1490.8896	-108.5816
3390.6711	-1517.6273
3332.8076	-1473.9341
-202.94142	3432.1912
1709.7028	-287.0658
1730.3304	-282.4545
1658.7881	-228.28914
1468.8914	-199.84267
793.6207	-104.58806
720.9669	-113.23011
713.2331	-107.76346
713.1888	-117.494804
2011.3456	-477.16046
2005.5011	-477.2822
1892.3225	-396.03265
1832.1753	-312.92584
886.20526	-94.86358
872.22174	-97.393684
2280.1023	2740.2898
2822.53	3167.3794
3094.5715	3384.7559
2551.045	2952.738
1126.0725	-85.150604
1133.0006	-85.39555
1042.0524	-89.11213
3344.7817	-1475.0457
3354.1362	-1484.1141
343.41226	-106.15962
361.27603	-113.85131
324.51862	-103.6051
307.9376	-108.652794
338.5013	-123.35877
301.22507	-128.82664
400.4027	-115.85163
559.87054	-114.03274
156.58871	2878.538
504.42816	2552.8826
3228.7239	3497.653
3233.6084	3494.1584
366.55276	-108.329346
1356.5378	-95.97811
1340.6566	-105.89425
1332.7106	-102.78386
1340.1348	-114.34332
1332.612	-110.98434
-87.58477	-123.7846
-85.88557	-131.39037
1735.0314	-275.25497
1687.1874	-241.10455
5575.6904	4840.219
5549.691	4864.6113
5545.1533	4869.843
5541.845	4862.4146
5578.297	4833.1636
5567.819	4833.29
5426.745	4118.4272
5442.1187	4033.0308
5409.523	4062.677
5591.52	5036.34
5584.4316	4017.5474
5579.8926	4027.0364
3802.407	4480.9683
3976.3735	4284.54
3367.6416	3603.0708
3639.0122	3843.303
4959.964	5325.7607
3743.2134	3999.095
5453.027	4706.9355
5497.6865	5353.066
5474.3423	5334.239
3827.2065	4351.9116
3952.4758	4318.91
3958.1687	4311.8726
3368.3643	3610.9546
3643.5022	3850.9631
3639.442	3830.433
3660.2302	3831.4326
3654.6208	3838.4624
5582.828	4739.0693
4625.5117	5465.896
4284.125	5505.2295
4181.3237	5724.0225
4139.0913	5596.256
5307.321	4244.277
5590.024	4022.1316
5660.1895	4493.7725
5636.4297	4508.8853
3758.2656	4738.2427
3759.1387	4805.7085
5731.6895	5130.535
5682.9307	4500.93
5683.0015	4507.449
5671.5	4505.7783
4979.8457	5180.039
4973.0176	5194.2173
4986.0786	5191.8936
4971.637	5184.863
3581.006	5460.8896
5347.517	4007.7732
5352.1924	4015.4316
5389.742	4405.0005
5280.5264	4332.9976
5616.783	4613.8403
5626.0977	4610.6016
4949.024	5315.2876
5727.0635	4630.751
5626.9463	4626.386
3863.3818	4235.883
5774.337	5134.1855
5772.248	5139.2515
5768.5273	5144.24
5762.953	5137.2505
3811.972	3954.131
4137.464	4188.4043
3976.5037	4065.8496
3747.2852	4030.787
3903.481	5469.774
4324.6914	5582.824
5817.015	5289.9004
3852.532	4256.411
3948.3833	4335.9985
5598.903	4522.5693
5583.9614	4524.8804
5521.5693	4458.0054
5497.785	4475.342
5789.28	4633.7446
5591.1445	4604.9375
5615.6885	4515.1094
5554.7676	5177.1235
5553.0103	4601.2217
5544.507	4592.0176
4003.897	4479.228
4353.233	4437.47
3964.4602	4337.0723
5525.984	4057.1963
5383.083	4009.8489
5388.6904	4001.2996
5391.89	4006.456
3737.782	4014.4521
3744.714	4019.3518
5409.172	4384.816
4503.1255	5559.3413
4748.439	4809.9673
3872.6165	4216.8267
3879.3103	4210.767
4057.6975	4629.6494
4047.2412	4621.417
4055.5154	4621.7314
5358.1523	4051.3508
5626.736	4012.5083
5376.1797	4042.5413
5382.381	4035.665
3637.2349	3815.667
3636.1157	3807.2869
5040.4287	5116.1387
5338.4536	4088.9998
5437.3545	4067.47
5581.0103	4038.835
5527.6445	4501.5654
5528.993	4507.65
5517.1577	4511.068
5518.7637	4502.2925
5414.2026	4256.282
5370.4565	3993.2559
5360.454	4028.5227
6128.6963	5921.4077
6129.894	5910.4595
6120.4224	5915.053
4969.1475	5326.7676
4830.8423	5306.4473
5894.968	5446.8823
5358.3745	4092.2717
3753.2786	4016.3528
5331.1455	3898.8787
5499.582	5309.4795
4786.811	4947.1826
5554.241	4040.3242
3840.6123	4219.939
5678.7495	3990.7864
5169.731	4260.4473
3840.7588	4286.326
4537.491	5227.701
5573.544	4049.2388
3901.1763	4330.246
3952.9097	4405.713
5547.716	5173.949
5327.7285	3908.8015
5029.133	2742.963
4900.8213	5268.781
4894.355	5262.5127
4935.9863	5302.7114
5800.7705	4641.4326
5681.4404	4642.583
3950.5884	4310.5024
5384.8643	4042.015
5799.9927	5626.158
5799.846	4635.29
5805.4067	4633.0767
5600.3667	4607.0264
5599.4385	4600.6997
5594.743	4612.8003
5800.3027	4627.373
5523.424	4495.742
5363.598	4098.889
5358.2964	4102.835
5606.233	4750.792
5739.048	4627.981
5667.06	4486.1143
5670.4004	4491.214
5506.511	5360.1133
5530.7803	4451.3174
5597.881	4747.1665
5499.69	5362.318
4961.3545	5335.1323
4977.142	5342.05
4980.8286	5350.0903
4985.3745	5345.338
5531.1357	4458.2993
5283.9307	4761.238
5555.931	4607.155
4993.797	5195.6973
5605.9434	4521.8535
5369.509	3980.7659
5613.555	4052.1992
5368.258	4087.2014
5371.9365	3985.7368
5523.9595	4449.051
5737.288	4634.809
5507.273	5353.109
5366.673	4092.8855
5359.0396	4083.5723
5613.47	4045.6306
5603.591	4049.2358
5276.7173	4759.3535
5378.026	3984.2393
5435.724	4120.167
4632.3916	5472.9536
5564.078	5181.345
5687.071	4653.582
5693.01	4649.3843
5691.974	4640.4927
5687.365	4636.5503
5696.6074	4644.102
5688.646	4645.1577
3998.0552	4229.886
4006.5776	4230.304
4010.202	4237.588
4000.963	4238.473
3872.9468	4207.4106
3747.669	3988.4116
3736.8591	3992.4446
3742.7617	3990.5215
5463.665	4061.5486
3779.1086	4609.217
3755.4138	4007.1162
3761.6448	4011.5376
3970.4194	4331.951
3970.8909	4340.6367
5354.0034	4045.3267
4013.3489	4209.8315
4021.5422	4204.836
4016.9905	4200.5103
4011.2556	4199.4336
5639.203	4005.5918
5631.9746	4002.9543
5634.7344	4009.8035
5639.9946	4013.2378
5467.5884	4011.0227
5047.9053	5118.9546
5340.1235	3883.1233
5347.5444	3875.736
5341.286	3872.8328
5903.579	5449.661
3832.3357	4316.2134
3820.0737	4355.392
3828.109	4310.656
3835.5376	4214.934
3835.538	4209.308
3830.3333	4216.667
3840.5308	4206.006
3845.433	4210.2383
5684.7954	3981.8542
5686.865	3988.3987
5692.0156	3984.2969
5692.585	3991.196
5097.819	5043.345
5476.077	4001.8284
5474.3594	4006.8892
4143.6133	5603.561
5472.9653	4063.045
5473.4375	4056.222
3582.5854	5470.5005
3588.904	5466.545
3908.292	5476.437
4329.33	5589.389
-8091.9194	-4992.4834
-8283.988	-5073.7954
-8316.587	-5077.8423
-8031.462	-5026.456
-8304.302	-5081.234
-8174.1323	-5038.068
-8336.42	-5005.8887
-8149.5493	-5066.567
-8144.3765	-5050.2783
-8221.027	-5011.435
-8053.368	-5069.3794
-8175.719	-4959.624
-8277.51	-5039.033
-8270.513	-5030.178
-7838.104	-5034.211
-8171.0815	-4976.98
-8270.305	-4963.987
-8044.442	-5052.3813
-8230.09	-4993.402
-8259.272	-5045.284
-8164.962	-5029.88
-8290.502	-5078.392
-8099.7456	-5066.1675
-8450.133	-4955.199
-8432.131	-4957.963
-8008.0625	-5040.041
-8325.552	-5034.8296
-8081.379	-4973.512
-8355.631	-5001.4756
-8316.879	-5056.1035
-8299.817	-5048.296
-8400.883	-4957.709
-8389.814	-4966.3267
-8250.957	-5034.528
-8271.837	-4985.977
-7159.906	-5117.585
-7738.698	-5058.4053
-8365.067	-4962.4263
-8241.149	-4963.678
-8027.164	-4989.3066
-8032.3604	-5000.4893
-8154.2324	-4978.358
-7889.1997	-5038.5337
-7894.3184	-5032.962
-8383.623	-4947.117
-8326.803	-4967.0625
-8288.94	-4981.125
-7952.6675	-5030.3647
-8141.027	-4993.2407
-7972.994	-5028.5254
-8307.468	-5057.79
-7856.81	-5066.5996
-8428.246	-4933.6304
-8412.395	-4943.4536
-8146.434	-5030.3857
-8329.315	-4926.8994
-8356.4375	-4985.3276
-8025.497	-5045.1
-8078.1978	-5047.4097
-8004.44	-5064.5854
-8087.1934	-4985.0156
-8409.3545	-4971.9316
-8336.193	-4992.3403
-8332.498	-4986.9336
-8322.181	-4996.942
-7992.61	-5018.982
-8312.322	-4986.4004
-8343.776	-5021.984
-8298.893	-4997.153
-8321.53	-5011.5474
-8363.965	-4929.3906
-8120.762	-5042.663
-8283.569	-4940.26
-8221.966	-5039.7676
-8038.8594	-5038.4546
-8098.8047	-5050.197
-8371.221	-4995.81
-8102.69	-4975.1216
-8283.134	-4969.097
-8250.318	-4983.384
-8294.243	-5064.601
-8056.9185	-5042.152
-8241.863	-5015.7793
-8066.669	-4986.2744
-8163.534	-4965.1646
-8311.886	-5016.116
-8066.696	-5045.849
-8100.822	-4960.131
-7862.3936	-5061.9023
-8414.746	-4953.0913
-8283.744	-5062.492
-8271.36	-5015.567
-8253.243	-4989.5767
-5049.101	-4569.0967
-5040.092	-4568.2456
-5200.626	-4648.372
-6039.1914	-4921.819
-5209.364	-4649.1045
-6143.5576	-5689.4766
-6130.4473	-5638.9233
-4984.889	-4507.395
-6049.671	-5746.578
-4993.17	-4505.4487
-6139.0005	-5634.952
-6197.699	-5684.9976
-5184.898	-4646.9736
-6208.524	-5684.9473
-5171.398	-4645.094
-5162.8525	-4644.944
-4991.298	-4543.77
-4598.9663	-4346.0034
-4809.1235	-4444.796
-4799.871	-4442.9497
-4792.983	-4427.4727
-4785.768	-4432.288
-4948.7686	-4513.733
-4970.692	-4510.109
3447.5862	5042.719
3446.2075	5453.7886
4255.4526	5962.1313
3397.8389	5335.1943
3397.1975	5323.7876
3405.6636	5020.866
3405.572	5029.2607
3517.2698	5090.6475
3522.0796	5086.556
3533.3154	5067.006
3512.1594	5082.039
3522.1846	5062.893
3532.7273	5060.3716
3396.1064	5065.095
3487.9524	5061.0225
3350.3425	5245.339
3999.0337	5855.3853
3992.026	5847.569
3397.459	5025.5166
3496.0107	5051.774
3501.6045	5065.484
3489.629	5072.8237
3500.3945	5059.2485
-4875.9834	5054.2227
-4742.7515	4971.634
-4185.8735	3088.4512
-4654.093	4819.2573
-4528.381	5722.9473
-4539.252	5879.252
-4370.929	4020.8198
-4251.228	4281.957
-4536.0317	5731.6265
-4599.8965	4725.7886
-3960.566	4526.2056
-4755.511	5035.81
-4721.625	5031.039
-4745.3203	5019.763
-4715.755	5019.883
-4436.476	5863.2095
-4355.4575	6005.07
-3904.813	1611.7185
-4773.24	5019.9644
-3978.4265	1352.754
-3961.7622	1256.651
-4991.3633	5071.7666
-4705.305	4129.1816
-4520.6753	5603.596
-5199.2847	4979.3394
-5104.311	5028.7783
-3928.9792	2316.9197
-4398.025	3915.5059
-5049.3994	5108.8247
-4839.745	5036.1196
-4020.1697	1286.2924
-4496.9043	5806.604
-4512.593	5834.752
-4478.1523	5772.003
-4416.1772	5892.431
-4448.6855	4104.188
-4442.061	4107.404
-5217.69	4813.0044
-3929.2778	1829.068
-3905.4607	1951.9042
-4104.733	3069.6472
-4438.315	3873.2627
-4780.891	4219.236
-4018.698	2569.0315
-4468.487	4132.087
-4666.275	4880.119
-5172.0957	5134.2876
-5181.834	5137.0547
-5267.578	4914.051
-5021.0527	4668.684
-4959.7915	4668.4507
-4648.716	4928.897
-4907.9756	4871.112
-5077.2935	4863.0435
-5081.2837	4852.7305
-5165.513	4772.9243
-4666.4536	4666.4546
-5146.4307	5094.206
-4098.7046	5059.446
-4200.571	3081.2417
-4678.0293	4727.744
-4671.6055	4731.996
-4948.6704	5061.9937
-4714.2905	5196.829
-4405.7036	3658.1763
-4308.8013	3705.9785
-3996.5637	1327.0508
-4186.7427	3384.8335
-4108.282	3186.3982
-4028.8596	3047.7397
-3822.1797	4838.595
-4550.791	4892.4854
-3852.1782	4870.896
-3914.7349	1391.2838
-4230.8525	3508.6184
-4422.74	3804.0132
-4957.449	4886.1675
-5176.8765	5064.183
-4670.739	4696.4907
-3906.1772	1975.1184
-4009.657	1298.1482
-4589.4116	5451.489
-4576.3164	5444.0586
-3972.7874	1470.5448
-5249.6304	4912.827
-4404.447	3128.1038
-4975.1353	5085.8037
-5107.846	4712.9927
-5147.626	4992.8394
-4585.6357	5249.2773
-4485.352	4199.7534
-3909.767	1997.7029
-4541.2153	5737.277
-5083.738	5079.316
-4468.683	4153.8716
-5028.9473	5083.268
-5168.6987	5024.105
-4349.455	3364.0264
-4354.727	3373.975
-3873.8088	4868.4106
-3885.1094	4868.167
-4997.319	5088.8506
-4295.0664	3714.5493
-4931.746	4590.2334
-4846.712	4643.3433
-4119.6523	3685.5525
-4123.751	3680.5996
-4171.2188	4284.9966
-4412.3228	3709.3691
-4577.986	5450.386
-4898.561	4601.2266
-4220.7427	3462.2861
-5165.401	5062.9546
-5211.619	4978.3154
-5149.2646	5163.88
-5146.754	5223.515
-5081.2393	5095.5186
-5229.765	4944.3433
-5277.3267	4882.1636
-5258.3013	4883.7197
-5289.901	4879.4727
-3918.2637	1170.9156
-5256.424	4856.765
-4517.202	5709.845
-4253.0967	3552.2937
-5121.419	4926.8247
-4383.076	3510.7073
-4178.3115	4287.7256
-4169.6206	4277.4883
-4355.114	3809.6946
-4733.1763	4881.1704
-5174.8594	5098.5254
-4386.8286	3542.1099
-3948.0618	1708.0743
-4719.8965	4828.7534
-4334.379	3378.9392
-4074.9604	5647.6816
-4364.5747	3945.2244
-4358.144	3944.4343
-4007.6921	1275.9403
-4633.3125	4787.014
-4590.7446	4703.096
-4026.5942	4933.2944
-4623.2812	4042.0415
-4375.6367	3514.77
-5037.009	5085.72
-4707.4585	4926.4326
-4981.5693	4628.128
-4579.185	4440.7686
-3881.5867	2330.1755
-4408.096	4064.021
-4180.0034	3381.7883
-4341.0044	3867.478
-5131.379	4811.632
-4902.9688	4535.3906
-5066.3975	5086.44
-5088.754	5101.1836
-3962.6978	1588.7966
-4347.4697	3867.2578
-4105.488	2824.4001
-4539.422	2949.2808
-4756.157	4701.314
-4671.1655	4617.106
-4645.372	4779.376
-4024.1472	2990.9026
-4310.782	2830.0808
-4871.781	4424.9517
-3771.0776	2367.3464
-5130.853	4925.427
-4534.154	3956.832
-4319.7163	3790.7158
-4596.3174	5455.344
-4636.9966	4865.4614
-4374.3794	3370.9875
-4369.1787	3379.6904
-4325.0156	3787.5696
-4496.1714	4245.1284
-4443.439	4206.8125
-4390.15	3382.0146
-4395.326	3940.1519
-4529.3906	5864.273
-4560.5884	5432.1865
-4517.158	2825.8564
-4413.934	3656.6829
-4269.9717	3636.623
-4241.375	3670.7134
-4666.647	4624.902
-4658.5625	4638.647
-4684.1353	5020.3174
-4427.4834	4650.6294
-4585.886	5541.288
-3890.8071	2028.756
-5119.189	5125.0825
-3875.7637	2057.365
-4890.5503	4670.4756
-4803.873	4745.366
-4841.757	4314.901
-4833.5815	4318.6855
-4259.567	3551.938
-5115.8184	4704.947
-3953.3997	4898.026
-4400.6274	3382.8167
-5241.208	4947.028
-4609.4995	5064.371
-4534.577	5871.7544
-4655.6255	4774.7314
-4193.81	3376.7002
-4526.02	5857.878
-4414.925	3858.3025
-4664.42	4773.482
-5095.2983	5069.756
-4937.178	5002.358
-5015.59	5087.7134
-4300.4004	3670.3376
-4372.005	4908.429
-3833.1003	2342.8513
-3828.2017	2347.1655
-5136.7715	5046.828
-4196.1797	4915.726
-4019.0588	4928.601
-4652.4966	5369.9478
-3891.6501	1833.6638
-4619.8276	4915.238
-4603.864	4808.958
-4634.646	4924.8843
-3855.6875	861.8397
-3778.4497	557.6548
-3848.5776	863.5956
-3770.3027	558.47046
-4674.0054	4878.4336
-5141.497	4851.5093
-5126.9307	4853.992
-5118.025	4855.6777
-3902.7517	2000.1624
-5119.0015	4710.899
-4436.0005	4022.7405
-3989.2292	1248.5488
-4851.7837	2825.9197
-4799.5723	2880.4192
-4461.4683	3124.647
-4480.523	3116.453
-4768.3887	2829.6125
-4773.512	2795.7607
-4866.542	2863.2004
-4875.858	2829.598
-4722.7275	2761.977
-4472.564	3111.6062
-4838.2285	2872.7954
-4668.1924	2759.2676
-4474.3477	3123.264
-4755.084	2760.9531
-4643.8013	2810.5437
-4442.231	3121.9355
-4741.7236	2745.1777
-4625.5703	2784.1304
-4216.831	3467.244
-4245.0293	3552.6345
-4882.902	2851.641
-4598.575	2749.9363
-4470.2017	2742.4949
-4683.2637	2745.4075
-4753.966	2784.4084
-4778.9473	2811.126
-4695.037	2777.5151
-4659.7505	2807.241
-4459.7983	3113.7795
-4692.9062	2889.3813
-4672.562	2786.9058
-4886.5957	2838.733
-4716.657	2739.8943
-4622.1875	2813.1353
-4670.5303	2798.24
-4598.0566	2815.6226
-4685.441	2879.2883
-4650.8677	2856.5513
-4626.623	2838.5232
-4227.231	2890.1448
-4664.6284	2779.3916
-4751.778	2885.8262
-4816.4004	2826.4534
-4670.8228	2868.297
-4728.327	2780.0435
-4458.885	2755.1648
-4581.2383	2800.7935
-4648.6455	2778.4307
-4779.1514	2830.974
-4475.7803	2787.7842
-4514.1104	2762.6646
-4632.0186	2762.4165
-4477.7354	2734.8281
-4703.188	2892.9714
-4638.2617	2756.3008
-4177.0303	5187.8574
-4957.2373	4570.3765
-4949.5156	4573.565
-5199.1763	4757.163
-3863.9639	4869.175
-4473.992	5778.9844
-4484.1484	5778.303
-4661.02	4818.228
-4900.531	5050.949
-5188.801	4762.093
-4911.2954	5054.572
-4918.2715	5056.9844
-4373.51	4902.493
-4437.0205	5871.103
-4032.1328	4936.739
-4687.917	2735.421
-4692.6357	2739.9487
-5140.6675	4805.978
-4954.208	4564.788
-4655.6367	4932.543
-3961.911	4894.719
-3967.8928	4892.2314
-4632.0156	4931.5522
-4636.2266	4977.1826
-4462.4	2730.5315
-4462.1924	2740.199
-4116.0474	2810.18
-4111.9395	2815.8218
-4016.7593	1201.4463
-3947.032	1179.5167
-3921.5793	1391.4326
-3893.776	2320.1118
-3888.6318	2324.454
-3973.6104	1193.4384
-3992.4563	1215.3396
-4008.4812	1206.1188
-3979.1035	1187.8053
-4185.184	3080.8765
-3936.2742	2312.953
-4035.968	1285.1742
-4421.786	3831.0774
-5087.127	4867.3745
-5088.948	4856.636
-5085.012	4861.214
-4205.1543	3074.2688
-4208.7827	3081.7573
-4550.29	4900.6665
-4542.564	4891.912
-4553.378	4885.1743
-3848.0198	4876.3413
-3846.7534	4866.162
-4202.993	3363.6934
-4476.6353	4153.77
-4632.729	2753.759
-4348.8755	3352.7175
-4353.4907	3356.1343
-4358.439	3360.8748
-4239.239	3502.928
-4244.5293	3499.0408
-5152.527	4849.633
-4386.3936	3548.9685
-4379.9253	3545.2446
-4385.3076	3366.117
-4044.661	1284.563
-4199.364	3369.2346
-3973.475	4889.8496
-4370.8174	4914.127
-4293.2817	3671.029
-4622.974	5022.587
-2989.8655	4284.693
-3237.4558	4637.024
-3805.4783	5457.3203
-3919.2488	5433.585
-3111.4004	4572.115
-3870.638	5221.8228
-2882.0122	5935.1636
-2549.0933	4042.1592
-2550.4822	4035.0664
-2296.949	4034.951
-2087.3772	5700.053
-2001.0906	5728.55
-3478.936	4745.6226
-3170.3372	4782.121
-3473.677	4740.9937
-3479.3582	4752.658
-3164.363	4785.036
-3776.1877	5466.8115
-2686.3225	5803.7744
-2651.683	5784.2183
-2687.2766	5794.33
-2392.941	3866.8416
-1561.5875	5736.379
135.2906	5607.3306
1434.626	5268.667
-2659.1052	3516.413
-2653.276	3516.226
225.77254	5630.806
282.1438	5066.6816
434.04987	4821.313
929.65283	5042.7803
440.96082	4822.0312
935.78156	5044.711
-3930.775	4944.7007
-2528.3438	5470.765
-2669.7322	5319.289
-2541.6218	5287.679
-3350.46	6197.6284
-3459.5115	4616.646
-3789.7507	4708.091
-3781.1992	4706.234
-3794.1064	4700.509
-2663.7559	5587.44
126.88272	5313.3975
-1872.5662	5730.6753
-1828.3529	5725.304
-3015.5354	4657.4824
-4336.0996	6348.062
-4213.713	6249.2603
-2813.2349	5165.636
-2390.7551	5615.675
-2083.3567	5515.896
-2738.626	5566.4814
-2238.4207	5660.2266
1935.872	5493.086
-3454.3945	6114.89
-2851.7444	4326.1484
-2960.0278	5009.9087
-2968.3296	5093.119
-2922.9995	5027.6562
-3024.8677	5238.886
-3019.5266	4945.805
-1979.8928	5717.3228
-928.0492	5645.1826
52.245354	5585.6235
-26.925777	5561.3647
188.9402	5668.8584
-3826.8064	4961.431
-3874.9172	5227.286
-2660.8518	3910.0898
-3874.796	5213.741
-3874.6497	5199.3364
-2816.395	5535.442
-1418.2509	5694.9077
-1318.3816	5641.378
-1957.5804	5734.485
-2043.7883	5716.815
-1914.6188	5735.0327
-1484.7319	5729.526
-1450.9294	5714.34
-1521.6963	5738.164
-1490.4054	5716.3823
-2428.8718	5624.6616
-1411.1826	5714.1104
-3112.8962	6080.9136
-2590.9402	5603.3804
-2411.9783	5623.455
-2736.6567	5573.9004
-2880.6567	5943.378
-1768.6425	5737.1787
-2519.2666	5614.1543
-1519.4644	5745.7075
-2379.7805	5617.9097
-1413.9803	5707.225
-1665.1279	5739.0747
-3114.7102	6072.836
-2447.067	5620.1445
-3830.6233	4956.049
-3879.5198	5222.3096
-3715.867	240.83934
-3656.5413	-77.72965
-3672.458	-73.052414
-3732.0537	-1223.7382
-3742.1506	-1224.7013
-3639.2966	-1247.6785
-3596.362	-1278.6315
-3593.068	-1260.387
-3677.7134	-1237.6326
-3690.2012	-67.83866
-3707.7822	-1229.9166
-3683.069	-69.905464
-3590.1797	-1297.5267
-3574.6284	-1316.4053
-1702.6226	531.7645
