7748.5586	3929.5388
7956.0664	4310.066
1697.7347	3829.2522
2555.2896	-3958.5752
2364.48	-4359.9604
1560.074	-4433.682
1557.5778	-4436.186
1555.5013	-4430.459
1543.9983	-4415.02
1563.0342	-4390.752
1565.7603	-4494.5874
2383.1682	-4356.91
2375.6328	-4349.8623
2481.1338	-4254.3857
2383.526	-4353.4385
2488.4817	-4258.6216
2486.3145	-4260.476
2405.4358	-4179.9756
2457.4133	-4130.514
2484.617	-4028.8406
2336.277	-4383.0825
740.9572	-4881.1704
454.78738	-5781.083
558.4552	-5621.7964
2110.278	-4354.2275
1677.7708	-4374.672
2347.3926	-4385.315
1363.9207	-4597.7627
2485.0508	-4220.3374
1832.6965	-4177.6143
2009.2457	-4333.749
2023.7406	-4310.1123
2213.668	-3658.0508
2209.6702	-3656.995
2357.6382	-3519.3428
2297.076	-3886.4338
2300.3726	-3884.148
2303.4402	-3888.149
2300.0527	-3891.7095
1902.5074	-3928.5728
2013.1842	-4407.207
1703.6448	-4470.1226
1712.5487	-4465.444
2263.9766	-4018.494
2265.662	-4013.2502
2589.249	-3743.093
2260.5154	-4014.3464
1730.4589	-4277.918
687.15063	-4773.4404
1579.7073	-4364.34
2319.5945	-4362.927
2576.0098	-3975.976
531.72845	-5729.231
2621.9856	-4078.7075
2518.164	-3971.266
2630.573	-3902.047
1075.1134	-4780.545
2069.0078	-4376.2725
2103.6528	-4340.3203
2134.525	-4300.9155
1519.9695	-4423.391
2086.8596	-4297.8745
3303.3691	-2187.329
3301.8445	-2177.9395
3306.1145	-2182.4453
2868.9158	-2651.3628
1916.3883	-3483.3174
3299.4534	-2183.816
2865.8306	-2647.472
1911.8556	-3484.326
2004.9313	-4621.938
461.71533	-5995.8584
466.2075	-5925.9326
1367.7059	-4595.798
1637.6692	-4347.4634
1974.86	-4570.332
1914.8289	-4509.3525
2731.7705	-3882.204
2774.7578	-3778.7441
2811.7046	-3672.3691
981.1696	-4846.758
1173.6371	-4721.4277
2249.5679	-4417.7817
517.8674	-5643.2266
987.1537	-4580.5073
1988.4188	-4598.2817
2565.7578	-3954.7693
2550.4788	-3954.3743
2572.821	-3954.619
2555.9983	-3951.0178
430.16415	-5943.352
1807.8861	-4341.071
1650.098	-4465.302
1647.9281	-4459.992
1440.8954	-4696.8306
2542.2983	-4015.981
2056.8208	-3792.577
1361.6758	-4590.0435
900.0203	-4664.22
1132.9855	-4629.6514
1781.001	-4256.1313
1848.2063	-4127.22
2283.432	-4267.591
1929.1222	-4365.9185
3194.0725	-2835.5957
1768.8269	-4226.8286
2483.8936	-3985.354
954.81396	-4321.9233
2681.012	-3982.6033
1982.2515	-4588.159
2545.463	-4002.68
462.16632	-6021.4697
468.00992	-6029.094
1467.5847	-4434.4487
1468.8236	-4429.3916
776.5201	-4533.594
784.976	-4535.4795
782.2156	-4538.589
2602.7917	-3950.6226
2345.8945	-4363.886
1835.7709	-4228.1465
1829.8492	-4227.4194
1820.1013	-4226.264
2191.8022	-4312.2153
1480.3486	-4521.253
792.5307	-5216.042
787.0308	-5219.9795
791.3413	-5220.574
785.2188	-5212.1157
2474.7996	-4177.666
1674.993	-4370.752
586.875	-5513.11
787.9213	-4973.2104
1712.9662	-4484.8657
1481.5153	-4565.154
2146.0752	-4327.2163
2021.5066	-4616.4697
1729.8431	-4156.123
1701.0042	-4279.387
1842.247	-4129.5054
2153.0684	-3763.1252
2256.8604	-3640.8513
1587.2455	-4201.616
2513.026	-4032.4841
2292.728	-4316.651
2176.2659	-4294.4536
2555.8936	-4169.835
2567.4712	-3992.7292
2636.8018	-3882.7568
1761.694	-4335.0317
1288.095	-4392.4917
2641.0657	-3883.4602
2202.7727	-4257.5117
2161.3672	-4258.872
2093.7947	-4284.5093
2121.9668	-4283.561
2259.6628	-4121.9414
2210.5535	-4258.956
2167.3108	-4258.9883
2491.6055	-4224.1353
2334.561	-4367.4272
1778.6514	-4479.3423
1771.5706	-4465.221
1774.4807	-4471.005
1781.812	-4486.3965
2352.6538	-4396.36
2043.0583	-4394.854
1982.6414	-4554.404
2005.5747	-4559.1416
1948.4598	-4511.0425
1884.7737	-4409.593
2567.7559	-3968.01
2179.57	-4286.4224
1951.0189	-4333.263
2621.0146	-3927.9321
2347.4424	-4395.978
2303.4731	-4052.4966
2447.376	-3998.2026
2151.3315	-4103.556
2308.044	-4053.5774
1733.9216	-4404.1724
2920.581	-3471.515
2916.9392	-3476.49
2913.7947	-3471.0742
2012.3726	-4574.57
1805.916	-4177.1587
2044.7312	-4574.0693
1495.8427	-4423.2476
2038.2874	-4309.2505
2347.1855	-4225.292
1817.5128	-4438.999
2478.0593	-4041.3882
2370.9116	-4082.8362
2270.06	-4332.7603
2553.284	-3975.593
2316.7405	-4343.8438
2582.9622	-3888.1233
2638.7212	-3862.2874
2507.4016	-3922.844
2778.4258	-3667.314
2578.2708	-3890.1934
1745.2223	-4063.7175
1681.0972	-4380.3887
2552.2449	-3992.1238
1471.7715	-4420.3516
1638.7991	-4333.706
1126.795	-4565.5913
1512.1862	-4471.334
1518.0085	-4427.714
1791.9934	-4263.95
1792.3912	-4269.7256
1797.2059	-4262.069
1797.7344	-4267.9077
427.4656	-6069.734
451.1366	-6032.4746
2150.8054	-4541.2046
2142.1672	-4426.583
2137.167	-4420.1074
2022.7318	-4642.8086
2234.1255	-4480.1904
2228.6658	-4473.5796
1823.2408	-4427.114
2022.6866	-4606.2456
2019.0338	-4633.7393
2193.22	-4511.778
2034.0387	-4597.412
2017.133	-4585.6885
2101.6958	-4562.221
2014.219	-4593.8174
2044.5884	-4590.6626
501.0243	-5831.171
2104.2976	-4363.241
1583.3701	-4189.342
1584.7938	-4194.0103
783.7161	-5222.061
1599.1166	-4532.6567
1600.6128	-4539.767
2702.834	191.45982
2103.7864	-23.196096
2108.6025	23.377785
1562.9373	81.42038
1512.0581	57.171387
1994.2427	-70.60648
1800.55	-174.13379
1671.1168	-114.496826
1713.3846	-108.66917
1670.3136	-107.548355
1540.258	-69.0933
1545.0549	-41.169693
1542.2489	-60.598656
3514.8042	-286.0016
3276.285	-172.23808
3249.1873	-247.67055
1545.4491	9.991491
1557.6968	32.97734
1651.274	-98.079346
1649.0399	-76.25136
1679.3821	-9.2191
1650.9308	-91.002075
1689.2334	103.556915
1688.9236	81.67538
1691.6586	34.71204
5014.285	-996.5241
1670.1365	109.02777
1971.8292	-531.6422
1710.1377	98.82914
1703.1337	89.45792
1862.1184	-318.65494
1858.3312	-311.71265
1842.603	-278.8591
1832.5903	-283.6101
1838.6921	-295.80222
1839.1713	-280.72855
1834.2754	-275.3244
1837.8031	-284.9581
1610.9642	111.391525
1960.8918	-55.962017
1770.8082	-126.43401
1510.3372	-25.444439
1540.5889	-34.536522
1666.7822	109.18268
1501.6676	-10.174225
1484.8284	37.88008
1492.8922	37.55458
1387.0769	141.517
1608.286	116.29554
1652.1119	103.5631
1906.503	659.08966
3398.1113	-230.44977
1902.5564	659.5222
1822.9259	-252.05455
1820.2894	-247.38582
1786.6237	-108.972534
1971.5562	-553.79474
1502.6368	-15.930662
1496.5098	19.832396
1961.6632	-529.54767
1780.1309	-106.05694
1739.3544	-55.178432
1968.4165	-546.45514
1490.1503	-32.940533
1499.2556	-26.112213
1868.199	33.075974
1548.8584	-9.066851
1543.6045	-5.1225524
1616.6842	39.89049
1874.7173	33.626877
1966.7816	-524.31384
2116.1875	-94.7718
1665.181	-52.385555
1684.036	-11.052308
1533.1224	-39.35341
1520.757	-26.97609
1952.6018	-34.990993
1930.5879	-13.9219475
1856.1671	32.674355
1533.281	1060.785
2121.3416	559.4192
3725.9075	-385.52652
4275.503	-644.5143
4821.3354	-901.428
3502.8425	-279.76968
1974.8778	-528.19037
1821.8433	-273.6989
1825.0546	-266.95633
1963.1951	-34.145638
2130.451	24.84317
2137.6353	23.364897
1585.715	-42.105515
1624.0208	-89.683044
1949.1558	-515.97003
2064.041	-60.2337
2086.797	-42.20058
1665.0192	102.81116
1787.3566	-141.23842
2124.3599	425.4555
2336.782	57.90123
2133.9988	424.91412
2139.749	424.51733
1950.6206	-505.30908
1922.3523	-446.89645
1963.8002	-72.53818
1874.4188	-91.238815
1687.5054	11.922469
1690.5989	11.448868
1891.7078	-382.92398
1639.1392	117.76573
1636.283	116.74717
1715.212	113.0631
1707.8346	109.07135
1615.2069	102.70943
1638.1895	111.76954
2082.8022	-71.84407
2108.7607	-50.981514
2019.0787	-64.090324
1978.8306	-39.668983
1619.587	-109.08351
2122.5598	-99.31861
1814.0577	-205.58704
1587.7695	-58.79545
1810.3307	-201.72063
1813.051	-220.37688
1506.7358	63.44195
1510.3538	65.0435
1503.6935	39.202652
1498.1804	50.991096
3561.485	-308.3163
1658.6971	-66.0576
1700.516	110.55718
3602.96	-327.7743
1726.6677	-120.473755
1840.5986	-304.73407
1792.0251	-147.4127
2087.717	-78.89027
1741.0101	-132.15921
3282.6694	-175.6828
1617.5259	-117.96975
1738.853	-124.44945
2137.3567	26.562994
1948.28	-522.56213
1617.3898	-70.33641
1692.277	110.5681
1390.1803	1884.0887
1408.2002	1781.5829
1850.4918	1889.7157
1844.2225	1889.2316
1845.5269	1893.6256
483.92566	2119.5918
2142.906	2249.0195
114.45339	2208.7922
114.875626	2200.8374
41.540096	2181.8027
2005.1241	1800.1678
141.39381	2213.5066
2116.1062	1984.0359
2322.835	2189.0698
2329.8083	2186.7852
2329.6262	2194.5432
2325.1677	2196.3413
2329.673	2190.7288
-334.78458	2294.801
-333.38214	2286.9097
-329.35327	2294.1897
-25.538328	2248.2517
-25.108889	2240.9263
8.44508	2213.4675
2070.291	2098.061
2066.4045	2093.2568
-21.718891	2228.604
-538.92035	2303.344
-539.9506	2296.517
-1272.511	2216.0022
919.2455	1975.7052
744.1243	1967.9675
925.8777	1978.9824
607.7408	2067.8508
610.75494	2073.6636
1909.3066	2032.3693
2025.0847	2024.0331
1791.6226	2027.2924
1908.6632	2028.1505
-1074.4788	2353.3945
299.08762	2159.7166
643.35004	2003.5092
564.1953	1959.9921
821.39703	1685.1416
-436.38928	1560.3127
1029.672	1960.5178
1502.0017	1891.1608
478.30167	2115.647
-157.96484	2252.6184
-149.79236	2248.6343
-157.78166	2260.3123
-320.72626	2388.0164
-321.85117	2381.5483
-145.96835	2240.2722
2105.5957	2172.1292
-706.99	2282.2305
-703.7248	2311.329
381.67368	2161.4429
376.14383	2157.5364
263.9909	2192.0847
731.6199	2012.4734
627.83405	2036.5635
1618.0839	1887.4697
1674.023	1891.0278
1412.6669	1755.181
2049.6052	2081.1614
2048.4924	2075.16
699.5559	2040.8639
2034.6326	2035.5135
976.7941	1968.9974
2036.7997	2046.4666
1370.0244	1898.5292
1280.6416	1911.7037
2049.935	2061.082
42.55723	2234.9285
-319.54416	2405.4563
1078.4435	1950.0795
9.373094	2241.162
-320.25623	2398.0312
1156.5891	1930.7749
2038.6844	2057.4087
759.0315	2020.5516
2052.4468	2068.9187
268.0548	2198.6045
2042.2499	2067.7107
786.44464	2010.5919
618.8083	2069.6418
1437.8082	1895.9121
-431.9915	2280.7036
-432.2888	2273.8694
-988.7927	2252.951
-33.615345	-5808.4873
398.15164	-5685.145
266.5337	-6201.7744
268.08466	-6194.436
229.90274	-6100.822
148.38223	-6027.328
245.57764	-6098.2974
-30.224613	-5875.539
321.31238	-6199.787
208.20712	-6765.5806
293.21127	-6274.9497
297.8394	-6205.2144
309.08603	-6215.781
-28.675785	-5895.0913
-847.66693	1153.1619
311.38397	-6206.1416
-5910.7583	-2943.255
-29.198368	-5888.596
279.90326	-6111.973
318.25674	-6066.526
319.0337	-6213.836
347.48688	-6165.114
369.5577	-6123.5054
289.84195	-6161.163
263.66666	-6155.835
400.71667	-6099.7817
-524.1302	-4984.9175
-520.4361	-4987.591
-914.2937	-5182.4995
-911.6441	-5186.777
-906.2386	-5180.9717
-619.3363	-5073.976
-416.65738	-5086.659
-421.16537	-5091.239
-390.22363	-5094.123
-347.30215	-5125.6997
-345.37305	-5095.438
-566.95575	-5074.8315
-566.04034	-5081.685
-571.7976	-5080.393
405.93533	-4712.7964
3051.449	168.00772
3041.843	181.98303
3036.0515	172.68523
2637.279	-153.52448
3046.8936	171.54344
3037.8716	178.12442
460.9247	-4655.9546
221.77936	-4701.2607
-848.3094	-5134.558
-868.97064	-5137.102
-866.3364	-5143.5464
-737.4577	-4897.4473
-743.2054	-4896.193
-884.4588	-5141.3003
-892.5778	-5140.7227
-881.934	-5148.4023
-888.4501	-5152.8633
-747.4713	-5074.82
-545.20667	-4989.3936
-558.2181	-5071.9272
-586.4698	-5174.4956
-619.11505	-5178.101
-622.7514	-5185.361
-575.6283	-5072.388
-347.0681	-5048.938
-218.4297	-4969.6787
-216.26749	-4972.57
-443.54114	-5060.007
-358.75198	-5080.2163
-363.07208	-5084.9434
-355.6588	-5101.4004
-515.18677	-5122.346
-616.168	-5096.507
-642.3635	-5074.2373
-583.35944	-5029.4194
-538.65436	-5070.3237
-591.1665	-5073.205
-617.288	-5092.3945
-550.52545	-5120.9976
-549.71356	-5117.5186
-584.92755	-5109.809
-786.33417	-5138.664
-643.80804	-5164.6904
-606.71045	-5150.526
-550.8331	-5152.849
-341.9464	-5091.8916
-349.92664	-5089.583
-656.21326	-5155.958
-698.36334	-5155.6724
-1061.4471	-5253.6147
-388.1467	-5086.695
-394.41663	-5092.0825
-707.1173	-5077.9165
-700.99225	-5076.0396
-89.08245	-4890.6646
-339.28577	-4905.4263
-342.57645	-5132.4546
-346.9479	-5134.0635
-636.9164	-5030.027
-587.6138	-5182.41
291.58725	-8483.058
-122.95351	-9137.039
213.54564	-8339.18
207.24683	-8338.6045
-125.983635	-9056.023
-267.57974	-8791.528
-180.8477	-9066.594
-137.52507	-9103.357
-129.47699	-9111.028
-184.90367	-8941.905
-179.12527	-9038.594
-256.28107	-8989.991
-256.2568	-8979.236
342.5152	-8539.546
83.66828	-8214.224
89.036575	-8212.777
85.781395	-8219.041
353.0719	-8526.516
362.68958	-8532.025
159.14595	-8292.0205
165.17505	-8293.102
158.79576	-8297.795
334.88467	-8531.564
340.7738	-8545.084
335.68347	-8545.533
345.6339	-8542.808
344.7565	-8536.162
337.3281	-8540.622
232.22455	-8420.543
229.16267	-8413.96
167.53152	-8334.905
227.11896	-8420.66
250.89594	-8387.271
274.5469	-8433.811
267.69006	-8429.058
244.81541	-8383.588
277.12863	-8429.918
-136.88681	-9116.397
-154.65984	-9112.434
-173.97968	-9095.892
-245.18889	-8837.423
-244.32294	-8831.813
-265.06696	-8951.194
-259.6313	-8947.113
-180.4187	-9098.061
332.31787	-8540.981
-167.51376	-8916.745
-174.167	-8912.778
-261.6016	-8966.54
-258.44968	-8958.981
-116.07334	-9147.614
-182.3064	-9086.723
180.09384	-8320.363
176.97034	-8320.001
352.63876	-8510.346
344.91354	-8508.629
-274.90207	-8906.239
-267.60638	-8902.688
-269.42316	-8854.401
-265.12967	-8849.967
-197.4884	-9134.4795
-195.63269	-9122.723
-121.96596	-9334.456
-233.00902	-8875.703
-233.8435	-8868.806
-125.07977	-9144.313
-121.478455	-9156.709
188.00262	-8353.517
-223.32863	-9090.122
-219.16072	-9080.78
-125.91075	-9194.295
-123.155876	-9205.699
-215.9259	-9128.082
-212.5586	-9116.691
-253.10637	-8802.616
-252.55916	-8796.496
-207.95988	-8853.177
-213.55922	-8776.299
-214.5857	-8849.336
-287.70898	-8989.726
-282.0201	-8979.16
192.79591	-8351.911
274.77167	-8451.657
189.21489	-8346.792
297.29715	-8487.628
291.6044	-8490.689
260.1557	-8450.151
258.48886	-8442.06
-101.35911	-9077.89
-108.63375	-9071.384
84.33821	-8243.674
84.83219	-8238.241
-224.98988	-8791.402
-255.76347	-8905.805
-272.32108	-8987.2295
-118.49713	-9266.92
-134.97827	-9257.6875
-158.63297	-9126.065
-159.32068	-9139.635
-156.69412	-9138.012
-154.20792	-9062.944
-161.95677	-9084.071
-268.62726	-8787.574
-228.3351	-8979.826
-230.80286	-8969.934
-209.86917	-8796.185
-211.54048	-8936.172
-200.9569	-8799.573
-204.3486	-8801.473
-210.66978	-8896.243
-216.05327	-8890.19
-216.79706	-9030.334
-215.9739	-9020.586
-302.76938	-8970.018
-295.48514	-8962.937
243.53952	-8445.648
244.63818	-8437.497
2.7483077	-8134.3887
-200.2685	-8795.091
-124.001205	-8331.923
-122.45826	-8336.777
318.65503	-8484.812
325.50662	-8488.519
-123.679665	-9409.139
-123.603966	-9419.861
-140.41443	-9079.022
-145.33191	-9039.916
-151.20706	-9033.084
-259.97177	-8992.013
-121.05445	-9257.254
162.74382	-8286.839
-101.29105	-9406.479
-98.89194	-9416.574
-234.16681	-8951.787
-107.90226	-9382.363
-105.08501	-9391.325
226.35085	-8364.47
222.09981	-8362.118
-124.33758	-9293.656
-122.82341	-9303.889
-304.1173	-8802.326
-296.9976	-8799.427
-275.2327	-8920.186
-268.63818	-8913.895
-287.5371	-8791.949
-279.54816	-8793.013
255.05545	-8374.125
246.40141	-8372.263
253.70943	-8370.487
-253.43164	-8779.773
-253.46556	-8786.085
-253.12337	-8521.066
-286.50516	-8796.918
-123.66663	-9384.753
-124.34026	-9394.871
296.06177	-8492.528
-320.84674	-8994.035
-313.80768	-8985.073
-134.968	-9012.372
-141.73819	-9007.015
-142.15158	-8973.049
-149.53079	-8967.148
104.31573	-8247.842
99.960335	-8243.753
2070.8718	3351.0276
2051.1655	3383.1655
1653.3362	3014.577
1593.9247	3163.1538
1611.312	3079.274
1647.6527	3010.381
1613.8004	3085.854
1648.9231	3017.2747
1609.6527	3320.704
2175.7886	3455.1982
2289.7278	3464.6826
2230.462	3496.2935
2180.938	3460.9915
2556.4832	3570.4775
2656.9656	3631.7087
1617.0707	3375.613
1920.1631	3405.0144
1833.6714	3402.5715
1916.104	3397.4922
1730.1703	3316.8018
1634.2349	3188.1514
1660.48	3153.208
1617.4255	3231.3206
1615.7091	3223.9495
1866.953	3198.9678
1616.3328	3435.443
1687.802	3431.2297
1684.7217	3423.5984
2077.942	3546.3604
1910.9932	3455.5479
1915.3422	3454.0432
2121.8953	3565.3713
2077.902	3537.561
1910.4941	3446.375
2082.0227	3545.0366
1609.9305	3432.4268
2175.922	3462.7017
2341.9727	3594.8413
1796.7145	3049.1877
1662.3969	3202.7346
1513.6968	3153.715
1606.0161	3312.5947
1606.3032	3377.1995
1677.4867	3510.5679
1555.633	3271.3455
1602.984	3319.9424
2160.2205	3573.8613
2194.9958	3572.734
1746.7642	3397.1443
1576.1649	3242.1843
1577.4104	3235.0154
2012.5508	2670.8513
1724.874	3370.9023
1082.3058	2922.9854
1080.4404	2915.7964
1217.7847	2964.9316
1371.5205	3055.772
1373.4194	3062.3176
2124.1602	3573.656
1603.3005	3337.4265
1604.0826	3329.9202
1278.7264	3013.225
1279.3088	3020.1897
1785.3646	2769.236
1676.772	3406.3584
1353.8314	3007.9045
2234.5508	3462.0125
1676.8462	3437.9722
1676.4033	3428.214
1243.6	2992.631
1115.5428	2922.8943
976.1971	2854.1714
974.7363	2847.2812
1544.4371	3199.9543
1538.8582	3202.6414
1731.689	3187.0498
1857.0198	3202.7043
1860.034	3210.0618
1613.5496	3473.909
1619.0095	3504.256
1625.7959	3523.117
1620.7737	3484.6738
1678.1335	3414.5315
985.0135	2846.3506
1822.9836	3387.0215
1820.898	3383.309
592.43634	-4497.0815
522.4738	-4591.0923
505.9855	-4468.9727
518.61194	-4499.991
495.0496	-4612.89
449.74252	-4697.1743
502.14127	-4527.613
477.60498	-4593.7085
571.5963	-4545.8774
531.2312	-4582.3623
540.957	-4494.9497
515.99396	-4557.0054
596.0194	-4376.8394
1293.0396	-3204.201
1717.4941	-2469.8557
2141.3994	-1735.4545
-397.31717	-4829.8955
-394.15756	-4830.716
545.51605	-4612.2207
661.1599	-4401.4326
491.63992	-4478.1934
693.81256	-4394.897
758.2879	-4384.19
808.1323	-4374.6216
565.69434	-4614.263
611.87067	-4575.3574
605.15717	-4565.2173
715.26886	-4243.9995
868.31805	-3940.0056
599.3024	-4559.3213
555.7183	-4568.8857
484.39108	-4642.1567
647.3569	-4388.5063
533.13385	-4438.82
634.2126	-4511.708
630.7563	-4491.458
575.5472	-4591.434
558.3016	-4583.3696
572.6153	-4588.09
651.66907	-4533.18
688.7793	-4317.984
573.2057	-4552.259
491.11273	-4525.721
498.54172	-4536.2515
538.28735	-4472.8984
702.6173	-4392.1377
583.9347	-4390.384
602.94653	-4363.449
664.2814	-4302.625
572.0424	-4462.7065
617.0127	-4438.262
604.9446	-4444.62
492.8951	-4469.1494
601.0952	-4402.4624
813.6998	-4368.358
702.21027	-4359.075
617.6598	-4495.2617
655.58655	-4412.3184
658.81476	-4473.696
680.29504	-4434.9663
568.11255	-4416.8193
819.02423	-4375.6396
818.5244	-4369.4497
815.3564	-4372.9697
815.27545	-4379.084
629.9543	-4349.654
598.0797	-4534.036
562.09894	-4453.077
637.6298	-4413.662
647.3477	-4418.2217
550.0631	-4478.445
548.67645	-4472.1074
560.7084	-4469.4526
617.55084	-4583.064
574.1978	-4420.626
705.6972	-4329.6914
584.6619	-4423.973
644.24274	-4347.187
491.12643	-4500.1943
490.0431	-4521.4077
486.4336	-4526.5156
487.68454	-4530.778
564.73804	-4623.7295
568.0608	-4626.2554
570.37885	-4622.924
493.0391	-4530.526
765.03455	-4383.4556
738.0577	-4350.389
767.0831	-4331.0264
769.15326	-4334.3047
754.19806	-4316.6978
758.6005	-4317.803
760.98016	-4337.1143
751.9631	-4325.034
490.01004	-4534.6816
493.71103	-4537.3335
701.2388	-4581.1772
734.0677	-4603.185
735.3938	-4598.988
723.97815	-4614.3716
719.73224	-4615.5557
726.90063	-4596.2617
716.8556	-4606.826
598.73145	-4388.3774
615.99786	-4364.7285
613.106	-4372.1074
652.0592	-4375.46
494.51886	-4520.997
3580.5923	-3408.2468
3478.7834	-3298.9006
3464.7783	-3285.3694
3518.0278	-3337.137
3375.6472	-2720.8164
3383.1663	-2726.2317
3307.4292	-2667.8586
3321.9485	-2586.7622
3551.042	-3377.0808
3532.5684	-3397.2249
3486.2612	-3363.5708
3440.9075	-3294.373
3380.5422	-3215.0212
3543.249	-3395.8909
3549.3025	-3395.1848
3649.0916	-3536.4812
3622.094	-3519.2014
3636.7197	-3522.0881
3603.4626	-3507.2078
3384.7998	-2599.255
3360.043	-2523.467
3354.7966	-2847.0303
3367.751	-2508.7727
3311.2224	-2685.789
3307.874	-2690.0757
3581.9417	-3460.0737
3500.778	-3418.45
3213.179	-3345.7266
3276.7656	-2716.5466
3631.2866	-3506.864
3428.3018	-2401.308
3623.9934	-3535.8237
3294.095	-3257.6597
3239.8743	-3344.3513
3477.4324	-3460.6487
3396.9937	-3426.1511
3443.144	-3274.0295
3616.7341	-3506.5156
3587.9963	-3496.2642
3350.4739	-3111.0535
3344.7563	-3111.0977
3359.722	-2669.1914
3405.0312	-2570.716
3670.7659	-3543.7441
3686.3838	-3531.239
3574.9336	-3478.0679
3357.7642	-2239.186
3428.8914	-2124.1086
3267.975	-2726.512
3266.7825	-2732.4932
3365.3215	-2513.9888
3324.0164	-2688.665
3323.9077	-2693.6633
3436.791	-2545.5176
3130.7004	-3432.2344
3133.7468	-3436.6318
3043.5886	-3512.6484
3588.6277	-3364.3008
3415.2954	-2483.7153
3673.782	-3520.4385
3628.7854	-3489.845
3580.3755	-3368.5203
3447.451	-3290.2524
3611.143	-3493.1865
3182.6606	-3429.1025
3676.6245	-3525.4832
3589.7231	-3368.1147
3580.1511	-3503.8796
3594.6953	-3478.3645
3570.36	-3461.2354
3509.2314	-3408.4062
3412.9001	-3266.3354
3540.8313	-3444.35
3388.1697	-3392.8916
3541.6824	-3452.7874
3547.4243	-3449.8547
3549.296	-3443.8574
3408.8535	-2591.1174
3396.808	-2531.3977
3445.0747	-2510.2979
3440.177	-2454.0261
3561.2383	-3409.7402
3292.6687	-2680.4978
3306.2458	-2629.243
3305.0752	-2624.4465
3364.1885	-2702.6494
3352.804	-2699.2383
3380.7612	-3229.3323
3375.4067	-3227.9392
3363.6667	-2695.1309
3364.2744	-2659.0786
3369.4258	-2660.9802
3592.3481	-3520.7532
3557.35	-3489.3853
3556.8071	-3499.4014
3449.144	-3305.8413
3426.004	-2261.9414
3422.962	-2269.4087
3340.178	-2689.1704
3282.8713	-2699.8892
4108.347	-1251.3837
3661.9504	-3525.7148
3641.4917	-3500.2769
3341.2314	-2411.5627
3566.1475	-3472.316
3430.2168	-2273.2188
3430.9324	-2264.0874
3432.265	-2268.3687
3442.7153	-2560.8892
3451.6938	-2561.3223
3591.1108	-3511.0222
3446.7031	-2537.296
3530.6025	-3452.87
3360.012	-2689.6228
3678.1025	-3535.0686
3666.0981	-3548.649
3603.8376	-3473.215
3338.202	-2704.7104
3331.196	-2643.366
3229.359	-2708.2576
3590.062	-3407.3948
3413.59	-2524.9968
3246.0583	-2762.1472
3416.8074	-2582.9082
3323.0266	-3417.7598
3306.6184	-2962.7551
3369.6592	-2676.557
-1548.7554	1302.7402
-1504.8269	1315.3712
-1507.3883	1318.6793
593.76306	1814.1217
741.9507	1726.9478
614.81946	1815.4106
587.0173	2249.404
-2249.1855	2438.0369
-2234.883	2368.5566
-2178.6309	1933.2363
-1990.9668	1797.3763
-4065.821	1264.6998
-3664.153	2260.0977
-3450.6196	2046.9303
-992.1665	1822.4424
-971.74884	1872.3378
-982.1628	1848.212
-1492.069	2513.9236
-2297.6199	2011.3972
-2301.643	2006.8589
-1245.5372	2196.32
-2291.8047	1865.4976
-1526.5812	2550.0186
-52.03945	497.12518
-1392.7684	2444.193
243.93185	2192.4644
280.72983	2220.7158
234.68893	2150.4675
319.38428	2194.7407
-137.33531	568.86743
138.75597	2014.2627
303.2588	2069.4402
471.9928	2365.561
73.28393	467.13867
56.80976	534.3356
57.369576	446.9209
279.58786	2474.6123
249.8013	2412.3496
-1289.3612	2374.6199
-1254.8639	2242.4285
-893.61816	1043.8988
-869.55524	1073.3252
-3036.6802	2206.4324
-2980.4429	2260.742
-370.36353	770.4397
-2560.7239	2504.694
-2512.6938	2272.7747
-2511.4253	2113.5073
147.8148	2000.562
-1181.9835	1176.5311
-2501.7676	1966.349
-2496.6267	1971.6655
-1877.1671	2468.1401
-2137.731	2313.5488
753.7342	2643.502
-2317.0342	2582.9473
-2140.531	2306.9346
-452.93216	862.3099
896.71893	1594.6556
940.8333	1562.9336
795.52576	1666.6368
-4287.2505	1358.3859
-4280.8945	1357.514
-2903.9197	1838.4512
856.0385	2761.8408
-1697.8883	1435.6434
599.94836	2476.715
639.6174	2511.6978
558.63983	2437.2405
-3344.7275	2267.4917
-2475.3147	1945.6335
-4200.7783	1051.0901
-2713.5415	2179.6523
-2625.826	2374.2246
-946.0275	1381.732
-2682.9158	2194.0764
-2514.3667	2222.1316
-2512.4175	2166.9297
-2512.8057	2227.2078
-2519.505	2223.6025
-1516.9717	1423.3611
-748.6357	1761.1329
-753.612	1758.4498
-2834.332	2288.9668
120.773964	2162.7207
-2550.981	2599.9673
-691.40356	1429.1698
-511.621	1471.9287
-697.685	1431.5035
-3880.1294	1400.2772
-3828.538	1427.5498
-934.0393	1053.7378
-988.0594	1195.4781
-2389.6672	2032.57
-2253.898	1885.8065
965.73987	2901.3843
920.2244	2857.0227
-1593.3208	2380.4143
-884.9971	1752.4966
-888.72217	1675.2751
676.00476	1754.6549
881.2139	2825.437
-4823.9517	1298.9731
-4500.2036	1387.7568
-659.2159	904.74615
-197.1022	1867.9042
-539.8318	1816.6079
-1070.7489	1699.1716
-532.58563	1819.9849
-1023.5758	1319.3495
-978.28394	1273.9437
-1021.06744	1316.4373
-1586.7777	1402.0776
-1130.5459	1222.4865
-6065.7812	781.5345
-886.03656	1185.2668
736.09875	1728.876
216.80869	521.4999
418.8775	563.5792
-2562.3823	2516.0435
-2514.506	2280.923
-443.2221	2141.9167
-4126.891	1835.4178
-825.70325	1127.9801
-6472.423	598.92804
-3066.8267	2289.7498
240.76855	2070.6055
-3459.2175	2266.995
-407.13986	859.1937
-411.76486	864.4818
-4021.098	1923.8596
-3899.9524	2008.639
-3815.4824	1846.6582
-1303.1492	2411.4287
-803.58734	1559.5302
-808.7184	1541.3059
-2197.6477	1920.3884
-2212.4485	1911.0372
-721.7536	2357.8123
-701.48804	2510.518
-779.0902	2514.7375
-872.7027	1178.9539
36.791435	2560.4692
-35.424397	2547.7786
107.93474	2562.6982
-143.80748	2346.3567
-336.03647	1643.2963
-421.2653	1556.7164
-3449.7449	2292.797
-754.0348	1062.2521
-1072.3395	1117.1608
-1072.2919	1109.9576
-1026.4357	1917.3762
-1097.6276	1998.346
1044.1752	2919.0627
-747.32007	2298.3599
-748.2819	2291.5913
-1006.47375	1952.4186
-1489.869	1073.4581
-4029.371	2246.0078
221.4085	2163.3088
932.52795	2836.141
123.20509	2157.4487
177.7958	2121.752
-1493.7274	2506.2937
-1678.7278	2441.5408
-3221.8853	2266.7854
1357.8961	3078.5999
1352.4359	3081.4312
132.10306	2142.3237
1327.6091	2975.9824
1168.9879	2950.3613
-4126.6685	1753.2502
-374.3934	873.2523
-380.14282	877.9454
-1451.0197	2244.9607
-1529.5999	2217.443
-1604.3616	2185.8945
-4308.66	1596.1599
-4229.925	1622.9521
146.862	1994.7598
-4715.6626	1373.7102
-2570.5469	2412.9407
-3353.527	1505.7345
-1943.2806	1942.7279
-797.24585	1593.7705
-4016.5867	1881.2893
-1514.0609	1038.6124
-1554.9656	2173.715
-2293.4248	2317.3982
767.565	2686.9167
205.5716	2172.7468
-296.8504	2453.5188
-351.11563	2460.652
127.03088	2150.4058
-1386.6738	2474.7458
-2074.582	2356.0698
951.35	2776.5115
794.6138	2718.8457
898.29596	2857.8965
899.4624	2850.0002
-1625.5785	2477.455
-1497.0181	2515.6584
-1622.6953	2470.4373
-1491.681	2539.6768
221.96062	515.13403
-2641.8574	1906.1599
-2635.2708	1911.9916
-2443.7366	2131.8894
-2329.0186	2000.1115
638.1334	1779.8627
633.12384	1783.5768
-1415.2814	1117.9724
-1387.3932	1211.7467
-1421.4877	1143.2905
-4049.502	1325.8049
-822.9695	1014.7231
-860.88855	1103.1237
-781.4888	997.5639
-696.0277	987.76447
-3557.2825	2356.2607
-3214.1892	2195.0747
-3575.6865	1551.6039
-3550.1064	1556.2739
-834.8018	1900.1002
213.07489	2498.8086
-2126.9321	2015.42
707.0908	2613.5837
721.58527	2634.5535
706.0614	2606.005
-190.29446	2325.2673
-2515.2297	2412.949
943.2133	2809.096
-1382.6794	2233.7737
-1379.669	2228.3894
-46.013535	489.955
-322.744	2490.5742
-313.921	2445.8093
-4400.699	1553.4059
-4386.7383	1505.1992
-2061.3633	1891.3058
-1790.9172	1656.7571
-4316.6416	1650.909
-861.45135	2360.757
-863.32916	2353.2627
-1893.2417	2099.5574
-1891.2266	2094.2458
-4031.4414	1189.9233
-3970.2935	1044.4293
-784.62463	1105.483
-748.5212	1142.0203
-95.64799	528.0656
-108.443504	570.93195
-2862.1616	2033.1558
-3823.3252	2268.605
-3866.8135	2285.4534
-759.5956	1068.4386
-2742.2837	2153.2173
-1558.7993	1431.673
-1551.3859	1430.355
-859.26154	2010.8875
-744.43024	1518.6954
-870.0991	1596.9044
-2651.9634	2301.2114
-2516.2998	2204.3474
-1726.5997	2424.602
-1859.9777	2368.4382
-2095.9172	2180.7402
-1861.9503	2377.1248
-4237.746	1549.9445
-4087.2424	1483.0765
610.50226	1800.3444
-1541.943	1421.2863
-1210.5361	2149.9116
-1219.9783	2104.3542
-925.32227	1038.9423
408.78165	1882.5752
404.41824	1886.133
-2866.699	2282.1326
-417.46744	969.07086
-350.83612	1034.8286
-392.76224	944.3521
-76.60601	2498.4304
-40.4317	2458.4648
-1559.061	1409.9977
-1552.0853	1412.9843
-1168.9487	2076.6956
-234.301	742.92267
-440.16397	2476.4016
-486.68036	2433.134
-214.92937	2512.8823
214.06339	2131.289
-755.43134	959.0956
623.7326	2497.598
626.0256	2504.711
-4601.086	1445.8041
-913.5776	1045.758
-919.1962	1105.2928
-558.0125	2041.3069
-342.81284	1673.9965
-1399.0476	1214.5293
-1359.2441	1309.6047
-1411.7123	1385.2806
-1292.0498	1197.3073
-108.70984	2524.4507
-2379.0437	2109.613
-1095.605	2224.2773
350.43347	2268.1267
-1457.4086	2179.5012
-1501.4011	2176.7058
-1373.4735	1355.5754
-1462.5145	1461.1193
-2608.0083	2172.4949
-2546.7097	2076.753
-2633.5754	2230.7173
-3100.677	1952.6152
-3092.5308	1954.4733
-3238.7295	1690.3419
553.2758	2526.8584
476.40463	2482.2456
-1175.1931	2014.8065
-3247.051	1562.8483
-3223.5847	1570.8765
-3178.5425	1461.5585
-1531.0615	1012.3289
-1519.5089	1029.3712
105.54078	446.27112
164.18922	480.25705
391.27658	2302.9956
168.05464	2162.3027
-994.4101	2041.2471
-996.99066	2029.2072
-382.0119	2506.1267
-3277.9158	1552.2937
-1175.075	2054.0132
-1228.5586	2124.7065
-1225.5966	2118.3228
-3265.176	1556.6844
-4225.3755	1744.6493
428.34164	2331.6926
463.22723	2354.6663
448.9466	2330.7996
1212.0421	2922.2534
-1066.193	1361.4202
-3284.1748	1550.342
-2665.1514	1986.7285
-2933.5461	1945.942
-3968.3638	2128.0056
-1411.8851	2553.3572
-237.54411	2297.196
-2330.416	2178.69
-760.26404	1566.7357
-766.052	1565.4414
-776.939	1939.5009
-848.6442	1511.9972
-769.60614	1538.445
-851.1589	1518.2134
-4107.8467	2278.7966
-2229.033	2390.8455
-2219.7505	2292.46
225.88443	2185.695
-3082.0132	1957.0918
-3074.7239	1958.6147
-3217.3723	1731.6311
-1451.1454	2377.94
-1041.7644	2030.4163
-381.75748	2496.5046
-161.24738	2471.667
615.653	2003.2068
622.32196	1878.3008
-1729.0314	2376.6304
-1835.8811	2285.0857
-1616.539	2454.4155
-1941.2682	2188.4912
-2935.95	2307.4214
-695.35046	943.8748
-610.0551	958.52026
690.6013	2472.761
-880.50574	1975.3911
-946.0234	2055.9324
-895.37634	2025.549
-3298.307	2298.9673
-3056.125	2286.4685
-2964.1277	2158.8533
-1459.6326	1334.1649
-1461.8187	1397.1853
-68.4599	526.34845
-125.7337	620.4959
-374.06516	921.86127
-247.23364	2435.3135
-1425.5308	1173.7966
-2636.2075	2215.76
-869.5756	1525.856
-2185.2166	2328.717
-2187.3665	2323.73
-2216.954	2406.8887
-2199.4336	2373.201
-2201.8174	2367.8337
-1543.153	1435.4692
-2487.2896	1981.3479
-301.85672	737.111
-361.6001	901.4186
-515.88226	930.5266
-526.33057	869.80994
-802.167	958.0395
-797.77423	958.62
-801.2108	969.5193
-806.9522	1103.4429
-1141.8441	1163.534
-3565.508	2264.7593
-286.02338	2263.8655
-1184.1259	1162.7438
-2522.6003	2165.3416
-982.8894	1064.392
-754.4995	1863.2336
-749.14185	1866.2368
-2951.0989	1312.2285
153.0479	2189.3086
150.28127	2182.0198
-2169.9844	2167.0518
-2171.2617	2162.7488
-1067.0813	-5258.9194
-1069.2793	-5254.479
-4237.1587	1587.3712
-1067.8701	1209.63
-1068.2797	1285.7628
-1210.0211	1306.5117
-1179.8359	1258.9708
635.83997	2653.5056
-854.3866	1037.5928
-1191.4532	2303.0361
-2527.172	2647.7422
-2713.0188	2115.6487
-2717.5522	2145.1167
-3419.1802	2366.7634
-1282.6989	1250.3458
155.91228	1995.1099
-2352.2407	2047.7511
-2255.5525	2055.654
-2372.8845	2318.067
-2374.9807	2214.2224
825.0266	2760.115
-1211.1985	2064.1616
-48.860497	486.55652
521.5439	1898.7369
-797.18195	1609.231
-1104.2798	1942.9202
-1383.5972	1830.412
-0.4570766	2512.6177
-1489.5757	2589.2634
-1489.036	2577.527
-1075.6853	2532.259
-958.5418	2273.4136
-1166.6228	2322.4778
-1110.8926	1942.7968
-1179.5654	2052.1719
-1001.8595	2139.2844
-5242.59	1130.0356
-5656.1074	957.89307
-705.71857	1564.4625
-628.5246	1586.0447
-712.3715	1564.2571
-745.3875	1509.5568
-3576.6348	2393.0154
119.28064	2092.9546
-38.74774	1993.0895
-898.32874	2004.1354
-827.2372	1991.6707
-1317.2362	2440.1533
-1294.4062	2362.813
-986.5039	1093.2488
-1044.4786	1245.556
-4380.669	1566.965
-987.72675	1085.6229
-2689.8037	2190.9495
-2173.1562	2156.5833
-1005.8032	1087.28
-3241.5723	2328.7327
-1468.7858	1463.3644
-1463.3843	1467.9117
-718.88153	1178.9304
-1098.6051	1604.4508
-1574.3494	1296.3265
-2373.5654	2632.5676
-3172.3633	2370.5703
-3907.8247	2724.707
-4101.1006	1264.7633
-3232.1606	2383.2512
-3149.0686	2337.3972
-2453.11	2338.198
-2908.3728	2322.137
-2432.9731	2383.681
-1821.545	2243.7292
-4086.5708	1264.7715
-3883.891	2576.1558
-2786.093	2422.1428
-251.03027	663.0919
-1199.4894	1037.813
-920.2843	1033.5878
-1270.801	2282.398
-2229.9875	1815.8182
-2780.8682	2337.6284
-4479.353	1515.8052
-4103.2266	2316.797
-1434.8416	1135.2502
-2787.717	2151.3503
-2180.4453	1914.2803
-2182.8	1908.6222
-2178.9922	1908.5155
-1428.4052	1122.9918
-1407.1532	2426.511
-1635.2644	2510.4292
-3851.5613	2622.3962
-3019.3687	2265.6267
-2973.6196	2301.04
-3871.7593	2691.8174
755.99396	2692.448
-1372.3939	2215.9165
-4143.7207	2945.3057
-1870.4902	2427.8452
-2262.2815	2349.5134
-1882.3069	2499.4006
-1885.4598	2520.2861
-2728.7854	2507.3467
-531.63916	851.9733
-2905.1113	2232.5686
-1421.4425	1080.6388
-476.65298	1629.2904
-550.0813	1607.5814
-615.1227	919.652
-4243.916	2338.1445
-2964.5457	2319.5745
-3609.4495	1544.8749
654.761	2613.459
-1283.5244	2525.4143
-3239.3484	2390.9797
-4025.5674	2815.6716
-2241.5178	2486.8564
-2241.618	2477.899
-563.4556	872.4222
-2734.8525	2356.982
-2833.087	2367.1533
-2607.2363	2309.024
-2292.1653	2559.9321
-2242.094	2074.3955
-2728.7737	2205.2827
-4161.9736	2970.301
-2196.0981	2036.2389
-2281.3433	2603.9487
-2651.3884	2396.7756
-941.9653	1380.6472
-2428.8347	2668.053
-2094.9949	1735.5586
-1988.4382	1639.3187
-1126.2356	1113.1561
-4038.0847	1291.4635
-1545.9913	1253.2819
-1533.5626	1394.7983
-1424.1064	2371.1118
-1605.2151	1435.7278
-1527.4512	1402.7755
-2540.886	2615.2676
-2891.2395	2308.7278
-2914.5645	2312.801
296.1424	2212.0564
512.2504	1875.9735
-1421.091	1090.1444
-2127.75	1801.2407
505.87054	1844.2234
-381.52216	2487.3374
212.83536	1977.4442
-1292.7922	2185.1719
144.56775	2127.3398
-2406.9795	2298.8503
623.98175	1790.2638
-2725.9	2565.475
-1258.2078	2565.527
-1254.2975	2612.592
-3133.155	2356.81
701.91187	1737.4197
-4091.6719	2282.015
-4830.2734	1301.2472
-4084.4797	2300.9368
-2719.1018	2226.3428
-1629.4594	1331.2937
-4156.6685	2962.8198
-812.03784	1649.4115
-1503.0153	2528.2104
-2195.5908	2017.8484
-1132.7041	1153.0697
-55.766144	1922.4236
-3329.1724	2365.9648
-2462.4487	2415.2217
-3995.9028	2752.3098
-1136.7584	1103.7712
-1474.9958	1084.0625
-1479.0477	1086.4683
-1871.9858	2435.6348
-3841.748	2651.4514
-4005.5864	1318.303
-940.491	2492.413
-2774.655	2253.723
-2838.1023	2270.5994
456.75317	1863.7754
-2158.3208	1872.3152
-3909.852	2710.5225
-2621.3713	2541.011
-2676.846	2561.2976
-3930.472	2597.2598
-3915.3691	2674.3809
-3878.675	2632.458
-3943.89	2315.7754
-3909.425	2302.0828
-1478.3724	1072.1938
-2172.1064	2016.8652
-922.2472	967.29614
-1241.8282	2297.1719
-1246.7655	2276.5034
-799.51056	1577.1053
-681.4245	988.2741
-2548.108	2440.9734
-300.38278	1628.3367
-1510.066	1233.3334
-1511.1998	2589.2344
-858.601	1827.1979
-3827.0408	2635.8735
-2266.7078	2525.1064
-1479.9017	1063.6292
-1485.5745	1052.8682
-4066.9036	2304.6072
-2718.5527	2423.2554
-2731.8547	2482.7722
-2819.812	2293.5474
-3750.8716	2545.7793
-1304.5758	2426.684
-1312.0684	2462.2625
-3927.0867	1372.5444
-3667.361	2439.7236
-2626.9565	2167.085
-2680.8694	2209.7588
-1530.0646	1393.9982
-3595.56	1547.5455
-1437.7051	1062.9135
-2768.113	2553.9084
-3366.5718	2398.4854
-284.24738	1717.7203
-920.86774	977.9491
-1047.8792	2558.8948
-3293.0833	2386.0173
-3271.992	2323.0881
-2640.0503	2052.3677
-4174.2437	2319.559
-1217.8528	1028.05
-1359.2837	2443.9495
-4015.694	2335.4473
-2315.1638	2080.1365
-4226.2646	2329.1394
-466.7946	974.10815
-2563.2024	2638.9248
-299.75223	1723.023
-3890.688	2582.1655
-2948.1174	2276.2507
-2898.7395	2272.9397
-1456.5863	2225.846
-3361.297	2391.6277
-2631.6218	2415.3843
-2611.6355	2464.1345
-1502.257	2549.424
-1583.3849	2536.2546
281.24463	1943.79
-2110.858	2081.3018
-1295.1486	2404.0972
-2453.5217	2225.497
-3365.8757	2452.1353
-2564.0144	2434.8784
-499.33734	2093.4663
-1380.8386	2354.1094
-1250.6827	2615.3694
-1253.7512	2604.1025
-3956.365	2361.655
-3870.7104	2602.754
-4221.825	3006.575
-4101.9614	2867.9985
-4166.8423	2941.4465
-3254.7202	2369.5125
-2851.9521	2190.3735
-1500.928	2513.1826
-1243.9625	1048.2068
-1195.921	1101.458
-1534.6875	2410.7173
-1531.1649	2560.731
-1637.7543	1326.5411
-1122.4362	1123.5696
-465.07693	804.33435
-3943.022	2709.6123
-2647.4055	2487.3145
-2681.6963	2509.9077
-1756.5623	1462.2725
-2522.569	2414.8918
-2470.7173	2405.6948
-2482.6443	2689.694
-1202.2883	2076.725
-1350.7682	2463.1782
-2071.5752	2373.1064
-1886.8489	2529.771
-619.25256	1985.472
-4079.798	2270.0178
-4058.9604	2258.291
-3958.6865	2619.0676
-3894.4888	2698.3342
-954.78156	1835.271
-3917.3916	2723.6528
-3608.1377	2561.2385
-2219.4824	2055.2275
1006.55475	2914.5464
-1417.8369	1182.6897
-2585.073	2197.646
-226.81163	1819.7097
-1508.5634	2577.4075
-2421.5696	2363.786
-2783.8396	2581.4934
-2164.3457	1772.4943
-2476.5925	2383.6345
673.84375	2422.1235
-1072.0476	2360.8318
-3887.7256	2382.2656
-3761.7847	2569.689
-4138.2754	2323.196
10.899617	1951.5168
-3927.8997	2309.5251
-3974.988	2735.0486
-4253.5757	3044.8374
-4255.9946	3041.8364
-4247.3667	3035.1812
-3375.764	2314.985
-3345.3513	2380.395
-3365.8176	2349.7144
-3305.594	2346.8862
-1399.3546	2520.5002
-1491.8291	2529.39
-2148.6692	1998.1897
735.26556	2655.0981
-2591.7988	2399.1128
-2531.8625	2433.7507
-4094.2588	2293.372
-4397.5117	1529.3319
-1882.4181	1543.417
-2147.9287	1963.2991
-3936.1616	2603.1406
551.52466	1827.886
-2057.8706	2231.2014
-885.62494	2002.4088
-4042.5286	1182.2516
-2430.2073	2333.1438
-802.16925	1241.5651
-3694.272	2471.8933
-3903.7957	2299.825
-693.9979	1001.4529
-1141.6515	1997.8453
-2767.1924	2245.555
-2756.459	2223.2341
-1979.1869	2350.1846
-1632.4133	2421.142
-2310.0486	2148.414
-1264.3064	2513.8828
848.82227	1628.936
-3968.7756	1345.2947
-1025.373	2465.2134
-2229.509	2411.9048
-1042.3654	2578.0708
-2560.6199	1995.7266
-2897.8013	2335.9253
-3103.8704	2350.3196
-3923.8347	2708.2766
-1531.7174	1239.318
-829.5308	1903.5763
-1564.4436	1448.5491
758.2287	2659.0264
-2891.9294	2347.0251
-3926.627	2601.7168
-3949.2122	2614.0522
-2782.4946	2495.1023
-227.84714	711.5494
-1360.5084	2465.5159
-728.0263	1478.4303
-4028.2637	1925.1719
-1178.6411	1058.4868
-1877.5176	1547.1311
-2412.8977	2334.9817
-260.8943	1771.3608
-2714.6812	2264.9043
-4048.0671	1178.7524
528.0019	2303.9148
-238.42033	1792.6364
-4253.3413	2339.4814
-546.0364	847.99506
-530.264	838.198
-4089.9292	2314.222
-3737.654	2526.5693
739.8068	2595.8245
-74.48884	2507.2483
-2710.5552	2396.611
-3941.0552	2734.999
675.4848	2539.8577
-1086.2833	1479.7411
-563.4517	848.5121
-331.13342	1637.7803
-407.6005	1651.3855
-1235.7566	2064.2117
-2741.1116	2274.0276
-3267.6501	2348.9473
-2674.0002	2230.9607
-2642.7188	2233.3105
-2621.546	2215.371
-758.98914	1649.5281
-293.36728	1625.3381
73.63052	2517.7104
-2442.9624	2297.436
-3719.7314	2603.0625
-2453.7598	2411.5515
-2070.1838	2380.9663
-1683.0366	2472.7896
-1684.1669	1448.2301
-1154.4792	1090.8954
-942.3188	2062.2637
-1373.3585	2421.3767
-2589.9565	2192.5935
-1080.1445	1090.5667
-4108.5967	1264.4102
-4246.755	2334.529
-3911.689	2589.6648
-887.08014	2527.3442
-858.2514	2509.3772
-1209.4738	2038.0175
-1559.9723	965.1047
-1540.4761	996.9835
-4162.0195	2324.2332
-1471.4727	1090.4078
-2485.365	2706.69
-3984.0361	2783.2847
651.1909	2368.3943
622.36237	2310.8147
-1439.0895	2310.7163
-1407.8005	2155.6982
-1233.4568	1031.5216
-927.5143	1812.7816
-1237.982	2311.7825
-3759.076	2559.9663
-831.36566	979.3634
-1697.2539	1394.4613
-3811.2312	2398.5242
707.06055	1734.0251
-3930.4822	2257.444
-1833.232	2128.7305
-1274.261	2450.0117
-3872.0593	2676.9768
-1506.5796	2537.7324
-1228.6537	2057.744
-2736.146	2501.6824
-1288.8992	1221.9194
-824.78656	1378.6351
-4175.034	2309.672
-2697.9487	2316.255
-2098.2654	2324.5542
-1413.7571	2402.9263
-999.26227	2146.1487
-915.7726	2051.9053
-2627.8267	2480.592
-1407.8923	1074.1
-1482.3097	1234.2526
-3025.1333	2322.9844
-2917.3076	2328.3623
744.6219	2621.9446
707.3784	2562.8096
708.4118	2586.4053
701.98627	2519.5283
-1572.0376	944.4515
-1577.0968	935.54584
-1531.151	1262.4104
-934.083	2100.1064
-937.6497	2093.8955
-1236.1726	2319.123
-2385.9636	1902.0782
-1234.6777	2056.1416
728.9474	2594.8213
-2656.6675	2364.4885
-3871.495	2703.005
-2790.2961	2593.2598
-2552.2664	2567.8706
181.85371	2082.3784
-1433.6981	1153.9293
-537.36414	841.3993
-1557.5026	1444.8376
-448.5274	706.00037
-1141.3896	1127.1327
-2559.648	2627.6687
739.05347	1708.0121
-3892.303	2577.1304
-4014.5713	2804.6477
75.42185	1981.7926
-4008.102	2805.0615
-2376.7454	2148.489
-2421.1511	2214.3237
-2319.9075	2255.3352
-2378.8901	2222.33
-1048.8884	2570.3284
-1049.667	2581.4473
-1309.3583	2472.3398
-1361.2693	2526.9316
-2282.5247	2538.8433
-2281.4038	2578.6062
969.2775	2920.4543
-2862.734	2383.9214
183.66945	1965.5974
-1731.384	2382.878
-1458.6669	2204.0857
-3360.106	2395.6123
-2611.082	2476.8962
-3726.9824	2411.299
-3655.1929	2403.924
-1449.9458	2573.4482
-1360.4965	2475.5625
-2662.1628	2142.5032
-1385.7842	2547.8628
-2529.5579	2660.663
-4124.152	2918.0059
-2691.2654	2125.2073
-2662.977	2322.9966
-3427.5845	2371.4644
-328.78125	1642.8577
-1354.8788	2129.8867
970.8333	2929.371
848.61444	2689.3464
-2447.9521	2393.845
-2444.66	2378.816
-2464.0208	2378.8774
746.74866	2666.909
345.14886	1913.5697
-2281.0447	2615.791
-1237.683	2072.3074
-565.2166	868.2643
-2616.1797	2354.6292
-1551.8091	1274.5194
-1423.7089	1069.0908
427.45483	1939.6602
178.02768	1972.3442
-2228.955	2421.628
-917.8697	1003.8367
-1248.1362	1038.5836
188.40053	1960.3618
173.87402	1976.4523
-2453.6167	2361.3398
-544.25134	853.4887
-3951.6616	2318.4907
-2936.2239	2347.2976
-124.66251	1895.0797
-1124.4421	2092.7456
180.38417	2070.3215
185.61755	2067.6184
-1055.8555	2529.1643
-1057.2523	2436.5225
705.1026	2649.514
-1163.4086	2329.9363
-3719.1187	2502.1338
-4243.8784	3041.2498
-4239.991	3030.8862
-1298.6245	2102.2747
-968.1416	2119.9626
-4065.855	1236.0243
-2398.7175	2180.6975
-1223.1862	2044.6978
-3662.4792	2434.987
-3858.0977	2678.7622
-3865.249	2697.6191
-1043.1184	2584.082
-1593.961	1314.485
-94.360275	519.1808
-314.25388	1634.2461
-4035.194	2815.9421
-3962.9065	2749.3738
-3939.6084	2744.4312
-3810.832	2628.0515
-684.3013	1926.1036
-2748.8684	2212.4568
-330.028	1676.2307
-323.74332	1677.1146
-1083.2552	2452.8276
-1169.9673	2441.7942
-3616.5793	1543.2344
755.53156	2668.2878
197.64146	2126.5942
-2588.7266	2463.3608
-3490.7324	2511.0676
-3034.1511	2288.0999
-2666.5063	2294.4883
-321.42798	696.42664
-425.57187	669.22864
-4074.0352	1203.3519
-2813.2253	2330.433
-4080.433	1201.0953
-4059.7046	1208.7784
-352.32446	728.8125
-862.3099	1003.7819
-456.7218	1280.3883
-452.27795	1277.5273
-2680.6848	2391.1528
-445.7535	678.966
-2748.649	2243.052
-1135.1458	1146.8567
604.68713	2128.1216
-230.15231	698.10913
64.80837	405.85403
-277.26306	719.89655
-261.60635	706.03784
-266.92706	713.6908
337.34637	2004.2192
-1029.8416	1102.0294
-72.37943	510.077
-4083.4028	2872.1797
-241.5188	715.5687
-2639.2078	2467.3518
-309.60342	711.3764
-404.92093	658.48627
-388.1067	650.6965
-407.7155	648.7615
-413.8288	651.8107
4.4565244	2268.658
-2708.8223	2516.9194
-2484.9514	2710.0496
-2641.518	2298.6616
-284.54465	693.87885
72.812004	426.9949
691.4896	1744.6694
-3913.4224	2579.7654
-360.02155	665.95496
-265.9844	724.6837
89.90768	441.8954
-2700.8699	2372.6958
-2692.4446	2358.1538
-2933.4941	2323.5298
-3280.427	2325.2637
-242.10954	699.05646
-2935.486	2386.2058
-1082.9835	1087.6431
464.3061	2518.7517
-318.81744	711.34576
-2805.473	2324.6223
-337.44147	695.36896
-278.508	715.7242
373.3	2501.4272
-2428.0713	2286.559
-2252.2278	2012.9174
-336.27676	2226.7363
-2403.6492	2231.8967
-2647.0547	2346.1372
-2951.633	2308.5999
713.8005	2566.3076
-2415.776	2186.2888
-2674.3235	2262.9856
-2683.084	2273.9106
-848.2758	1020.9106
-392.8225	726.3031
-225.7058	699.60815
-290.684	705.6441
-406.8061	1090.3705
-402.1691	1087.5573
-1338.0851	2490.9048
-2943.5017	2372.2837
-2566.8489	2202.247
-2603.1882	2233.0598
-2540.11	2256.0955
-1024.6399	1059.6509
-1065.6001	1057.3441
-2883.0635	2388.7188
-284.2888	689.248
84.13614	451.64072
-568.63605	1181.2982
-418.42368	690.5659
-813.20746	1078.979
-855.18304	1078.6223
-436.3034	687.18365
144.8755	2513.2793
-3904.1494	2579.0793
-432.53677	670.7918
-290.91553	711.3584
-1063.9822	1068.5156
-2921.6155	2402.5127
-2930.795	2413.205
-2658.014	2386.3918
-672.1822	978.2222
-657.661	963.0222
-2662.3079	2308.853
-4138.109	2902.457
-2554.9734	2229.5706
-2849.6562	2361.3713
-2922.764	2366.874
-677.4692	1391.3759
-1096.6112	1122.2344
-4425.3013	1546.0092
96.26825	426.1057
-4139.7505	2914.612
-4136.875	2922.7769
-4130.528	2898.0347
-2187.6487	1949.3071
-388.7108	2186.3872
69.215004	394.07462
65.396065	394.14218
-1461.1698	1055.5142
90.87816	407.32748
105.36826	417.21738
102.35332	414.43805
-80.49467	482.1946
-84.76224	481.3441
-1085.0671	1126.4781
-3709.3018	2431.4604
-3702.8708	2427.7693
-951.5021	1061.4669
-1371.0848	1048.9105
-1332.5826	1036.5295
-873.7585	1035.0828
-1579.2655	1403.0552
-1587.2278	1397.8817
-2449.2373	2119.933
-1290.4496	1036.2955
-676.1559	918.54987
-766.26575	1098.6045
-447.81216	688.0956
-451.65845	685.48773
-1165.6362	1160.6732
-706.5631	925.1332
86.19743	418.99838
-82.97169	505.10504
-85.035034	493.45346
-799.52325	1967.7955
-1427.43	2480.273
-284.39145	740.9972
-3036.958	2308.3606
-2452.0312	2113.8125
-758.24	1095.7069
-998.8348	1583.8676
-962.24304	1463.4546
-925.58405	1342.8531
-1070.1177	1823.4552
-891.7211	1222.9191
-1034.6263	1704.0424
2125.6035	2322.782
3204.1733	1024.6412
1920.6384	2523.9634
3323.894	987.4372
4874.1553	3968.1162
2121.0881	2318.7659
2125.8787	2316.5093
2119.7004	2308.4954
2052.642	2273.703
4581.6836	1740.0072
3847.0278	2988.8718
4257.8154	3588.9297
4009.5652	3175.0728
3844.9504	3043.1936
3359.1174	974.5259
2804.4734	1380.1483
2680.8948	1514.8888
2831.103	1468.4906
2761.1401	1291.0502
2862.8638	1626.7257
3266.6338	2193.6646
2902.2712	-785.4982
3450.6653	2243.9905
2896.8237	-782.23047
2800.075	1379.9253
3597.529	2347.0789
3354.7312	2711.6003
2614.6284	1583.3701
4450.2305	4117.2163
2886.9458	-776.2869
3151.1392	660.6151
4020.1123	1232.0308
4021.271	1226.7811
4014.5503	1228.1312
2459.3896	1931.3293
2931.5896	1747.1305
4829.435	3830.8071
4656.6284	3759.5315
2951.2144	1725.1891
3352.124	972.3882
4091.912	1238.2289
3240.9553	897.03156
2366.807	2499.2585
4953.679	3793.5845
4898.9233	3694.5037
4956.2207	3798.6995
4898.522	3701.0469
4904.9146	3699.0457
4629.8203	3533.6157
2278.8254	2414.8303
3366.968	877.94824
2377.0007	2503.5273
2196.786	2357.8496
3113.1707	187.78336
3112.3481	179.39922
3115.4663	183.3656
2681.5605	1522.1044
3107.9695	184.44043
3739.9094	2447.0752
2273.5647	2194.0874
4262.635	2197.0342
3302.0054	3761.4363
3236.2754	1034.9825
3227.653	1010.56055
3242.1526	1042.8425
3245.1108	1039.212
3234.031	1011.0857
3521.4453	3756.622
2211.2817	2425.3174
2200.0708	2400.6692
2207.494	2417.4658
3524.7085	916.837
3531.774	918.4465
2911.1038	1742.0276
3538.1357	3885.2383
2155.099	2268.3142
2254.6711	2388.74
2178.7937	2325.3855
2112.2712	2203.0232
2150.2122	2266.446
2448.3115	1925.112
2363.7954	2060.5405
3954.892	3730.823
3967.2598	3155.335
3193.6252	1029.574
3538.0012	904.03314
4046.5837	1232.2805
3456.376	889.9974
2353.5254	2466.8823
3286.3718	988.51086
2612.3853	1580.2681
3172.128	158.181
3170.6892	153.35133
3163.8425	157.93745
2218.8225	2394.34
2216.9822	2397.3271
2179.607	2391.087
2166.4504	2372.1577
2377.0654	2495.8774
2115.8792	2473.5503
4519.716	4003.629
4003.4707	2323.3274
2081.7556	1808.4503
3235.5974	913.47675
3154.8425	825.744
4588.5127	3884.0828
4359.032	3369.8848
3428.393	516.4804
2464.9312	1934.7898
3141.5583	2028.6593
4072.4424	1235.6305
3922.5095	3131.6887
3875.057	3104.1768
3322.8196	911.4228
2883.4363	1755.491
2883.6423	1746.6273
2851.2922	1749.6024
2851.1145	1757.7996
2856.359	1756.8041
2858.6094	1752.2037
2947.116	1732.0319
3236.8865	833.5383
3269.814	867.8802
3186.9148	820.54834
3232.2869	838.798
2314.7336	1727.9514
2472.4907	1878.0403
3368.123	957.4724
3230.4556	1040.2572
3739.0032	3746.4468
2941.5059	1718.7587
2296.8418	2420.943
3501.8425	2512.7783
2304.3318	2424.9658
3214.396	937.4178
2837.578	-747.8823
3197.0454	1030.5732
2635.205	-658.3716
3068.5955	-778.95447
2968.6262	-1713.4142
4049.1775	3191.0393
4085.8042	3203.0264
3601.5923	2879.5818
2370.0232	2482.7698
2930.7852	1696.2537
2899.568	1661.2487
2564.4604	-999.90375
3246.1614	879.08875
3210.1094	958.1415
2153.6814	2414.0886
4307.8306	3622.5315
2700.1045	1519.2377
3612.5918	2666.658
2945.7888	1738.4746
3298.7903	2137.876
2872.4385	-767.4832
3994.3857	4004.664
2853.779	-755.76935
2830.5364	-740.9691
2984.6685	-261.11163
2840.0818	-1281.3082
2910.0942	1754.993
2329.7944	2446.7644
3588.2234	907.68713
3303.608	574.2037
4344.843	3464.0703
2934.526	1734.8147
2178.712	2384.9465
3364.204	977.2249
2285.9216	2415.6787
2235.952	2371.6353
2694.0967	1514.2543
3567.5393	905.3758
2315.7375	2448.6965
2300.5632	2436.4211
3249.315	882.00964
3222.1128	1034.4503
3197.668	1019.9171
3090.4658	923.17523
3111.1255	1136.1771
3107.9734	1133.3224
2352.032	2483.579
4169.627	3710.2666
3221.4387	897.6916
3496.9705	927.4576
3290.521	1001.0758
2505.9727	1843.665
2492.5798	1828.3812
2491.3396	1852.7437
2499.2231	1842.1101
3248.5608	1011.1638
4393.283	1542.1343
3341.916	992.1227
3273.6584	1007.45844
3347.9963	998.6176
3351.3804	995.9801
2841.1208	-751.7236
2693.229	1521.1821
2689.351	1511.0514
3386.6782	2355.1091
2544.249	1647.506
2943.6028	1711.6975
2209.9375	2388.6196
2367.7236	2492.575
4836.198	4334.2266
4836.557	4342.3696
4078.6052	3308.0293
4887.1143	3833.9414
2820.0334	3668.6086
3080.5947	3760.2534
3238.2683	944.7813
3235.5842	977.09845
1906.7782	2862.78
3018.5647	1246.721
3206.2622	978.0721
3259.5764	881.1526
4106.0845	1239.978
4113.1187	1240.896
6779.4834	4216.715
-6407.5625	-49.945854
-6403.978	-56.659004
-6125.999	-2834.649
-6602.9277	-2689.0913
-6421.183	-999.28046
-7246.786	-649.99963
-6480.6523	-2831.525
-6377.0103	-1109.876
-6372.04	-1098.677
-6359.5884	-1011.06793
-6701.9766	-1302.08
-6576.8687	-2532.233
-6445.453	-1123.0518
-7354.498	-1011.8269
-7351.5957	-1008.5493
-7343.895	-1014.5368
478.63696	-4985.792
-6741.6626	-638.7521
-6743.9272	-643.4389
-6736.741	-643.56415
-6054.5625	-1030.3557
-6084.9795	-1019.0518
-6664.5195	-513.18274
-6876.5215	408.06458
-7390.0107	-925.41205
-7403.091	-842.02234
-5800.2505	-920.1956
-5795.009	-918.54724
-6715.829	-2217.67
-6252.815	-1030.654
-6247.6167	-1029.964
-7439.9434	124.88744
-7099.4595	-164.00002
-6980.301	289.01953
-6881.7124	-51.203835
-6457.923	-38.514996
-6354.8003	-1059.8196
-6351.02	-1056.8085
-7154.7373	-1053.295
-7147.464	-1052.9652
-5432.7817	-2780.7324
-5467.529	-917.3228
-5625.6587	-914.9265
-5623.551	-920.98145
-6544.4663	-2355.6245
-7426.6416	-1122.4045
-6710.1704	-1346.829
-6710.098	-1340.3441
-6750.4966	-790.5136
-6700.8086	-359.3368
-6612.3677	-395.97424
-6419.925	-238.40132
-6661.943	-366.2354
-6656.451	-364.8078
-6576.2627	-2614.157
-6481.086	-76.62557
-6467.805	-95.60941
-6486.757	-72.07091
-6470.862	-90.64486
-6641.101	-452.06024
-7784.423	-193.60284
-6232.7236	-2711.0127
-5659.503	-2595.4558
-7015.6113	-234.13962
-6192.5693	-936.4889
-6496.754	-975.0063
-6569.6235	-2626.5432
-6469.551	-2923.9678
-6784.6157	-526.3788
-6749.414	-692.0795
-6485.6514	-2584.5613
-6625.026	-2649.8037
-6329.106	-2723.3687
-6546.231	-2822.8591
-6563.5513	-2702.7688
-7172.448	-1608.3857
-7645.023	-1404.8578
-6743.3213	-432.49908
-6660.186	-498.62424
-6545.725	-551.6834
-6133.127	-981.52716
-7699.1	-346.9474
-6696.741	-1971.9745
-6328.784	-59.409878
-6330.444	-67.000046
-6784.537	-597.5896
-6789.744	-592.1026
-6790.9844	-594.8475
-6899.054	-540.0139
-6502.609	-2692.5513
-6499.874	-2782.24
-6519.955	-2736.0408
-6344.1265	-62.471146
-6347.2866	-55.068073
-6343.091	-54.057316
-6340.587	-85.60704
-6443.6357	-2834.6853
-6648.9736	-727.6308
-7590.9395	-373.74905
-6563.863	-922.86597
-6584.867	-1199.0052
-7005.373	-243.16966
-6915.1475	-541.49225
-6536.0073	-2279.6755
-6054.66	-1987.606
-7388.9346	-1135.3983
-7586.499	-1384.0902
-7633.417	-1349.1248
-5795.3774	-492.00082
-6373.4106	-2866.5498
-6420.8145	-2855.7214
-6636.449	-2041.1022
-6633.732	-2036.5886
-6185.049	-2804.949
-7079.9053	-1636.992
-6679.715	-1572.8741
-6570.776	-985.2862
-6547.634	-982.6813
-6140.442	-2941.2227
-5208.833	-2950.9912
-7249.1724	-1563.2246
-7366.867	-864.6487
-6145.149	-2813.808
-6139.3623	-2807.8232
-6146.1177	-2807.1094
-6527.7505	-1850.0944
-6879.999	-2048.4788
-6843.1143	-1973.8217
-6635.369	-440.00912
-7372.134	-1389.3792
-7291.182	-1202.5048
-6484.1587	-68.68825
-1186.2292	-5903.123
-5383.037	172.51433
-6150.0444	-45.172596
-6661.51	-538.3018
-6191.0044	-994.1604
-6544.512	-2427.915
783.5191	-4965.2905
-6983.958	-1609.4686
-6446.3726	-2910.856
-6773.246	132.81197
-6576.6055	122.08642
-6572.488	115.1952
-6456.6426	149.65436
-6453.9785	125.46325
-6484.052	205.77286
-6489.5757	144.7213
-6480.3784	119.581764
-6498.038	139.34647
-7576.527	-833.76654
-7374.979	-913.95447
-5982.829	-923.27875
-6741.223	-800.65784
-6349.2544	-1015.3863
-7633.26	-1397.6049
-7644.909	-1397.1116
-7384.723	-909.7868
-6529.958	-978.6025
-6525.0825	-978.9076
-7252.014	-1271.2758
-6081.6016	-912.2419
-6333.175	-1025.8716
-6746.2437	-894.9664
-6739.9556	-895.94775
-6915.945	-550.36487
-6363.8315	-1082.1648
-6449.5454	-122.780785
-7373.601	-887.44183
-6458.146	81.308655
-5306.195	166.59135
-6474.013	-2821.4802
-7413.6245	-1221.8883
-7400.755	-984.68384
-6396.7837	-45.82671
-6397.4116	-54.051704
-6546.811	-2285.48
-7532.0977	-673.3754
-6339.593	-79.456955
-6787.1953	-1151.3373
-6142.723	-976.45215
-6063.318	-677.8986
-6428.1455	-1223.9635
-6892.079	-1087.3859
-6916.754	-1216.007
-6127.327	-977.37244
-6728.0854	-1412.9642
-6557.577	-922.8148
-6208.5674	-1159.8981
-6324.169	-60.67981
-7372.0415	-397.2471
-6817.543	-593.74506
-6809.3447	-596.96875
-7121.645	-440.59497
-6425.04	-845.7604
-6713.4775	-1322.2847
-6980.8145	-1760.7593
-1238.5901	-5849.122
-6680.1724	-1964.5135
-6819.1187	-1258.0355
-6808.394	-1240.8718
-6743.6143	-608.013
-6740.9165	-606.09937
-6736.9272	-612.9776
-5864.764	-3183.093
-6593.3647	-2391.456
-6653.3843	-406.77567
-7253.2964	-1022.99963
-7032.369	-219.19637
-7338.4326	-1077.3713
-7259.685	-1019.9058
-6639.7153	-2255.1626
-7577.838	-1306.2297
-7251.081	-649.30286
-6634.0957	-2251.7695
-7391.4004	-1068.2181
-6726.1553	-1406.5331
-6697.3667	-761.18207
-6610.936	-386.3845
-6785.1455	-448.96857
-6813.939	-402.46286
-6778.657	-357.30527
-6810.007	-445.6011
-6837.0864	-297.7652
-6816.6616	-377.13995
-6841.244	-326.19556
-6570.588	-903.5639
-6939.146	-1216.6224
-6476.881	-2659.6746
-7051.4873	-1052.3147
-7026.643	-1070.4304
-6239.214	-2842.0432
-6434.1777	-997.3749
-7497.5054	-1376.8025
-6459.3203	-2937.5066
-6445.527	-2891.7073
-8320.021	-9.611485
-6364.4106	-1008.90466
-6804.498	-1290.959
-6759.528	-1308.1088
-6001.708	-3042.205
-5997.414	-3040.7393
-6448.2847	145.75354
-6464.917	-2948.4558
-6756.081	-1302.1571
-6438.241	-994.389
-6515.6416	-2715.651
-7236.917	379.31693
-6296.961	-1036.7354
-6296.6875	-1041.7668
-6148.846	-945.6563
-7051.728	-2155.884
-6838.314	55.10284
-6833.349	48.44389
-6939.8584	-1392.7754
-5888.1523	-3037.47
-5890.619	-3030.971
-6047.401	-1033.5907
-7356.911	-1015.084
-7353.852	-1018.5598
-6762.302	-1279.1998
-6032.647	-1050.7588
-5967.864	-1094.9624
-7522.405	-827.4472
-7870.57	-160.6393
-7862.6904	-141.85298
-6911.58	-1368.8995
-6905.31	-1364.073
-7617.978	-806.80695
-7498.8267	-1399.7396
-6752.7827	-2246.431
-6841.9487	-1252.0741
-6957.7173	264.24872
-6211.909	-1068.2999
-6692.831	-1315.7323
-6688.8975	-1321.9467
-7300.302	4.470845
-6668.966	-1672.362
-6694.1675	-1640.1073
-6942.27	219.81746
-6472.601	152.15858
-6807.8887	-1299.9082
-6528.0684	-2621.704
-6050.452	-1036.9786
-6081.294	-1024.1781
-7283.4707	-8.886719
-6107.503	-922.27075
-6010.1733	-991.17944
-5428.7485	-2785.8826
-5433.7866	-2787.1714
-6939.621	-1395.8522
-7261.396	-1587.9744
-5458.834	-916.5808
-5629.088	-919.66736
-6549.7617	-2357.7979
-5712.6045	-919.7477
-5854.1455	-915.6327
-7422.213	-1235.6194
-6273.0737	-816.84705
-7458.9497	-1077.8868
-7519.484	194.21635
-7670.8833	-1350.0693
-7671.2036	-1354.1583
-7156.5737	471.73102
-6148.3765	-2977.3286
-6595.7905	-2705.846
-6597.6245	-2664.6116
-6605.5435	-2713.4143
-6606.857	-2669.856
-7141.7715	-999.4399
-7698.8594	-48.670837
-6584.6387	-987.6791
-7703.807	-123.59745
-7654.713	0.84553504
-7690.182	-54.426914
-6310.2183	-2719.6514
-6351.237	-2720.682
-6271.0312	-2716.9683
-6269.171	-2719.9453
-5943.506	-2656.4832
-5939.9995	-2660.682
-6946.6006	266.70844
-8328.365	-203.7928
-7950.694	-128.72821
-8276.088	-62.332916
-8469.899	-160.56519
-8280.59	-72.45238
-8336.861	-9.9758625
-7935.031	-93.6793
-8209.801	-93.29568
-8396.791	-184.58943
-7527.7065	205.01518
-7535.3765	198.3802
-6231.6567	-832.0635
-7536.622	-823.05426
-6462.915	-2915.225
-6459.7466	-2636.8025
-6634.527	-2656.7449
-6636.994	-2651.801
-6639.0493	-2656.216
-6319.9863	-2759.2354
-6276.274	-2871.2444
-6307.796	-2767.98
-6568.388	-2846.9207
-6577.7554	-2857.007
-6569.1064	-2774.0164
-6579.436	-2782.4065
-7149.4463	429.52524
-7157.006	437.96164
-7239.7017	450.12173
-5926.719	-1118.8136
-7659.1963	-1411.6774
-7661.453	-1407.6005
-6701.121	-1976.4958
-5939.984	-1117.2125
-7543.9	162.0041
-7143.924	399.57037
-7135.1343	439.72052
-6129.572	-987.3424
-7735.8345	-333.74997
-7741.87	-331.62018
-7729.406	-335.89246
-6972.044	311.63342
-6966.4004	302.95
-6445.807	155.53331
-6761.5967	-2023.2587
-6954.885	-1417.5026
-7365.7695	-1522.765
-7509.16	-1433.2655
-6936.071	338.99878
-7139.7188	-993.2101
-6490.62	-2678.3264
-7374.1177	318.40506
-6113.3687	-3096.649
-6119.6226	-3076.4475
-5998.883	-3033.7383
-6102.2354	-3072.9446
-7387.7764	-1420.065
-6702.9517	-1972.2358
-5861.0645	-3212.3984
-6295.2627	-2136.8386
-6294.58	-2141.715
-7674.0405	-212.02246
-7612.25	-362.8224
-5909.796	-1140.5118
-7371.279	-1413.153
-6544.7124	-2631.754
-7281.828	-1565.0599
-7589.131	-832.1888
-6717.6978	-1265.8196
-6961.6304	382.74506
-6520.758	-2445.9634
-6379.148	-1115.9615
-6781.8833	148.8431
-6785.859	156.16089
-6850.159	-1281.9441
-6150.5537	-3023.7617
-6404.083	-2873.6667
-6409.0215	-2884.9502
-6398.8506	-2877.5222
-6401.235	-2889.5605
-6191.2017	-2957.0847
-6494.9927	-2558.155
-6578.4434	-986.692
-6565.9194	-984.9978
-6012.3716	-2947.7014
-6027.261	-2958.0488
-6015.777	-2959.8772
-5557.8325	-2953.3804
-5555.82	-2959.6533
-6019.015	-2944.0112
-6027.309	-2949.891
-6019.8726	-2952.24
-6848.587	-1313.8619
-7502.1187	179.82191
-7478.7573	236.572
-6505.5576	-2608.1196
-6244.0806	-2792.9404
-5913.883	-1133.0549
-7363.1655	-1430.68
-7256.2744	-1570.4502
-7334.553	-1463.7252
-7507.9634	-877.743
-6214.5864	-2794.837
-6139.2275	-2813.6738
-6952.009	-2092.941
-6953.6587	-2089.9653
-7020.0474	-2129.5437
-6999.5283	-2107.2825
-6885.323	-2056.2473
-6888.5776	-2052.2834
-6531.6567	-1855.7882
-6526.228	-1856.9464
-7535.822	188.5389
-7446.87	-862.5365
-7456.23	-856.1102
-7450.1333	-871.9805
-7461.3154	-871.5299
-7452.3135	-866.16504
-7463.6016	-862.4395
-6597.3096	-2594.4814
-6172.1934	-2996.4485
-6866.191	-1252.6042
-6721.922	-1297.2853
-8099.9424	-254.15866
-8233.756	-52.73493
-7344.628	-1298.2764
-7339.7886	-1292.559
-7337.552	-1301.8632
-7344.2783	-1306.2117
-7417.3877	-1196.2994
-7428.685	-1195.8215
-7354.959	-1299.8254
-7348.8896	-1290.3441
-6503.244	-2553.8489
-6171.7295	-1071.0992
-6164.5225	-871.6015
-6181.1436	-1054.5082
-6179.3115	-973.0012
-6476.956	-2584.688
-7003.5884	-1635.8182
-7241.462	-721.96295
-7235.5444	-560.6107
-7248.1685	-717.4652
-7243.5186	-554.9786
-6188.946	-855.01135
-6148.434	-939.3333
-6921.7573	-1378.6852
-6450.815	-2923.0574
-6809.2617	237.99672
-6793.401	190.199
-6455.1816	141.7405
-6481.5913	198.03981
-6485.7944	221.19354
-6486.0156	137.19879
-6492.572	132.89941
-6515.17	-2507.0808
-6521.486	-2506.7795
-6350.5967	-1010.5497
-6718.213	-1280.042
-7385.751	-915.8275
-7384.53	-906.33813
-7591.6426	-836.0757
-7388.936	-911.54065
-7417.5063	-1372.2817
-5881.876	130.5539
-5881.884	136.42879
-6208.755	-968.52106
-6365.2075	-1087.2267
-7328.82	-1563.6953
-7043.151	-2149.7986
-6735.492	-1452.5123
-7534.1494	-1380.2421
-7419.9604	-1114.815
-7505.15	-1335.2543
-8471.289	-170.93802
-7166.74	-1602.9896
-6759.246	-2250.2273
-7399.0425	-1412.4517
-7319.5967	-1554.8231
-7109.05	-2189.4978
-7119.6396	-2193.669
-7537.9507	-1359.4205
-7475.324	-1282.0215
-7475.799	-1276.2383
-7550.4336	-1360.8087
-6989.1875	295.57404
-7853.282	-311.39917
-6284.552	-2778.688
-6552.271	-2288.6707
-7504.809	-1263.6035
-6263.7896	-2789.2004
-7571.93	-803.3691
-7077.951	-2168.0842
-7114.1113	-2196.5024
-5333.425	-921.75757
-5905.378	-1139.4535
-6676.6304	133.5891
-6929.986	-1386.0236
-6797.2764	-1177.7439
-6843.523	-1299.5815
-6853.7847	-1305.759
-5995.868	-3046.0942
-5992.5693	-3042.4863
-6586.6313	-2509.474
-5899.782	-2958.3247
-5895.2695	-2964.5935
-6123.491	-3053.6587
-6161.6714	-2987.829
-6097.5244	-817.8383
-6093.5723	-810.69617
-6083.671	-990.2386
-6084.371	-1004.9019
-6033.709	-990.69226
-6187.4814	-2759.9482
-6872.266	-1221.6176
-6670.681	-1219.6376
-6667.02	-1218.4889
-6107.0034	-974.76685
-6113.8076	-975.96405
-7464.3364	-784.918
-6731.608	-1434.8334
-6716.76	-1361.7828
-7025.226	411.47482
-7083.093	431.52396
-6828.667	-1311.6226
-7391.298	-384.3428
-7290.8325	-1532.7108
-7597.6978	-812.59393
-6696.6226	-624.4877
-6782.2324	-640.8313
-6790.05	-638.82947
-6718.2036	-1292.4664
-6974.5044	363.30273
-7188.4995	-1640.2806
-6836.253	-1254.7526
-6804.113	-1207.4602
-5922.3804	-1123.414
-5862.0903	-3203.5806
-6978.0273	400.8049
-5876.006	-3102.1147
-5873.2983	-3110.3506
-6529.9185	-2545.4
-6610.8115	-2470.856
-5866.331	-3161.39
-6083.311	-930.1259
-5868.0767	-3153.058
-7253.914	-1034.6578
-6156.958	-829.61505
-6693.399	-1990.0697
-7125.67	-2203.8853
-7386.542	-1407.8533
-6814.705	251.3335
-6120.4165	-3045.8872
-6159.875	-849.5148
-7384.5864	-1388.7439
-6812.777	244.71188
-7212.543	420.76993
-7231.564	441.31473
-5936.4873	-1112.1888
-7126.831	361.81546
-6476.9146	-2805.252
-6788.168	-793.59735
-6780.503	-795.0149
-6515.1553	-2779.9456
-7158.8647	481.38675
-7694.247	-171.71225
-7053.4214	370.57654
-6947.463	305.88065
-6757.259	-740.6695
-6751.0034	-743.4457
-6707.822	-581.88605
-6706.1934	-588.68536
-6446.608	-2688.4395
-7537.828	-866.6008
-7033.2007	-1071.2922
-6255.6904	-2823.1113
-6756.1294	-2255.2607
-6762.5605	-2248.0347
-6487.5137	231.46277
-8311.511	-13.359806
-6511.1763	-2613.1423
-7310.5596	353.77414
-7660.254	-495.40277
-6614.5933	-2573.4766
-6761.505	-2254.3176
-7356.9854	-1482.2236
-7923.3203	-140.00206
-7910.536	-109.483055
-7592.485	-793.2596
-7590.703	-790.2079
-6164.0225	-2999.9834
-6537.062	-2687.912
-6386.5405	-2698.808
-7034.172	-2142.7268
-7492.835	169.17577
-7059.1694	-1050.0164
-6383.3877	-2692.9849
-6340.288	-2734.2356
-5888.1396	-920.7437
-8082.2275	-141.72433
-7843.5024	-255.4161
-8065.284	-262.894
-7842.462	-314.57047
-7670.933	-491.9186
-7636.073	-503.30972
-7536.5767	-814.653
-7411.781	-1418.5317
-6695.793	-619.67786
-6151.607	-830.52954
-6842.9077	-1255.7037
-6165.0728	-2808.6396
-6486.4014	-2812.5603
-7269.668	-1597.692
-7008.852	-1643.422
-7347.2417	-1497.5143
-6707.7554	-1094.7529
-7683.683	-1353.3136
-6144.736	-2986.2244
-6888.155	-1220.148
-7149.979	-997.2357
-7478.581	-1146.2859
-7472.477	-777.93195
-6696.672	-1646.7941
-6135.7773	-2949.8276
-8432.916	-175.54575
-8361.607	-193.34276
-8294.0625	-26.732847
-8295.409	-211.4428
-8246.467	-221.5049
-8244.171	-80.61654
-8180.244	-104.46194
-7748.31	-329.18307
-7506.94	-1391.2953
-7178.902	-1615.2551
-6716.3687	-1257.8398
-7548.032	195.9034
-8318.706	-206.2335
-7939.626	-133.45885
-8266.099	-67.81306
-8458.494	-165.4278
-8269.405	-75.448
-8324.597	-15.646882
-7925.0376	-100.20755
-8200.6045	-96.8762
-8386.223	-187.20639
-7861.908	-163.87137
-7854.2656	-146.93422
-7344.404	-1506.0685
-6217.207	-1072.9484
-6066.268	-1018.91315
-6120.8975	-887.7239
-7392.4595	-1398.8901
-7607.2485	-834.84045
-7539.533	-814.94116
-7540.139	-822.9965
-6310.238	-2776.01
-7913.903	-143.79887
-7901.476	-115.50896
-6473.942	162.8022
-6827.5327	-1307.6556
-7486.8696	165.09831
-6526.572	-2446.8464
-6538.2344	-2546.5557
-7146.0107	-987.575
-6890.9614	-1218.2379
-7382.0703	327.08347
-6168.1997	-1069.2742
-6264.668	-2898.9397
-7627.341	-1398.8738
-6949.3013	-1216.866
-6643.3076	-1063.0121
-6719.61	-1258.1935
-6163.922	-1079.7461
-6700.2935	-1998.6566
-6696.848	-1999.7692
-6608.467	-2598.0579
-6879.1885	-1211.8566
-6618.368	-2548.4192
-7208.817	-1571.0015
-7206.7173	-1567.5181
-7134.043	368.3362
-7017.6245	-2117.4937
-7350.097	-1503.4493
-7328.4824	-1494.0007
-7355.735	-1490.6348
-7014.1987	-2118.306
-6854.2056	-1300.5908
-7399.7695	-378.67316
-6215.2183	-1082.797
-6212.81	-1082.1415
-8089.613	-256.8646
-8225.199	-58.55417
-8205.361	-72.46258
-6737.268	-1461.0747
-7059.499	-2146.391
-7123.4775	-2206.7976
-7376.319	-1427.2877
-6523.7856	-2451.2678
-7230.319	405.22168
-6157.9033	-1091.8638
-7642.2295	-800.01263
-6998.0522	-1624.8608
-6994.7173	-1627.8549
-6889.2754	-1224.3955
-7353.534	-1445.2845
-6109.7793	-3084.2778
-6097.1567	-3086.582
-7443.869	277.94147
-6505.869	-2563.8696
-7377.3105	-884.7277
-6439.0283	-999.1041
-7046.7935	-2141.478
-6483.0986	-2820.9363
-5849.5615	-913.9714
-7482.18	-1144.9788
-6226.767	-2868.6401
-6875.609	-1210.392
-6152.998	-826.42017
-7488.0127	-1284.1504
-7488.8384	-1275.0731
-7167.217	492.98813
-8305.32	-209.28767
-8459.567	-172.67262
-7621.6714	-357.96204
-5327.859	-923.98376
-6679.62	142.02077
-7521.249	-1416.6987
-6555.48	-2833.6704
-7546.1665	-854.3979
-6225.203	-2859.9182
-6114.6216	-3111.7332
-6240.74	-2851.0513
-6196.545	-2966.9668
-6215.859	-2905.4692
-6427.1914	-2848.0144
-7642.1646	-797.5682
-7556.67	-1361.0071
-7337.3306	-687.775
-7041.3267	-1052.9556
-7330.332	-1139.3949
-7463.3735	-1147.3186
-7452.5566	-1147.9122
-7323.682	-1139.5935
-7035.3623	-1056.6498
-7329.6523	-693.7
-6195.7095	-1063.0078
-7194.277	-1650.4585
-7197.392	-1648.2769
-7664.0093	8.098959
-6222.6406	-2869.3135
-5904.2793	-1134.7756
-7261.6685	-1034.8684
-6156.1646	-839.0379
-6512.988	-2498.183
-6093.1577	-913.36914
-6833.57	-1291.8827
-8314.88	-16.258661
-7481.421	-1150.025
-6980.487	372.63782
-7039.336	-212.18471
-5971.6543	-916.7942
-6668.9937	-507.90182
-6143.143	-2963.5493
-6700.2515	-756.8105
-6528.512	-2793.0518
-6000.32	-989.0703
-6114.943	-3068.247
-6789.868	-442.49182
-7538.631	-870.1032
-6196.6597	-928.08716
-6112.379	-925.9102
-6756.403	-786.803
-6664.0537	-351.5487
-6659.564	-350.58652
-6647.333	-427.89084
-6001.0405	-993.5906
-6505.893	-2770.2625
-6114.69	-3086.5117
-5328.6064	-918.4768
-6756.456	-686.83997
-6758.502	-690.7192
-6663.9673	-489.59515
-6658.5312	-489.45255
-7474.609	155.15356
-6893.9053	-545.69104
-6156.7954	-851.8069
-6528.542	-2743.9412
-6985.2466	417.18033
-6648.578	-721.20013
-6905.749	-547.04987
-6981.968	418.50095
-6822.441	-398.51617
-6819.059	-395.7528
-7689.873	-188.81346
-6779.924	-346.84735
-6784.195	-347.95096
-7583.488	-795.9814
-6665.253	-531.8684
-6657.758	-531.96735
-5455.248	-915.2497
-6811.105	252.47043
-6154.4497	-1090.477
-6764.88	-797.73096
-6746.569	-802.34143
-6629.0903	-2550.7275
-7466.3687	263.50665
-6905.874	-552.3131
-6199.486	-930.6356
-6107.553	-3087.3308
-6817.4307	-440.44635
-6844.789	-284.42676
-6848.106	-287.04102
-6841.5166	-282.92017
-6846.7134	-291.2289
-6837.43	-286.00336
-6842.262	-288.41415
-6823.99	-368.90884
-7633.1626	-803.13464
-6018.267	-990.8635
-7163.4946	494.89304
-6153.4497	-2990.5166
-6881.6943	-558.89886
-6973.63	338.43433
-7308.045	11.101167
-6528.1475	-2795.6816
-6212.365	-1086.4692
-7664.1885	-1412.1183
-6650.764	-412.97552
-6847.783	-318.35016
-6851.1997	-320.94662
-7011.2783	-2126.738
-7026.139	-2136.2698
-5969.6216	-919.8307
-7007.469	-2106.0876
-5458.504	-911.6386
-7052.9795	-2161.2747
-7616.9985	-835.0475
-7633.7983	-834.9139
-7148.2666	-1038.4501
-7368.227	-1454.9426
-7539.7065	-1433.9623
-7525.815	-1426.0599
-7166.207	481.85034
-6571.205	-910.7887
-6563.413	-905.5647
-6578.4775	-907.76215
-6563.302	-897.97736
-6632.5596	-432.8114
7729.156	3756.3108
6642.8066	3073.491
6569.1772	3068.5835
7802.6377	2905.8245
7702.212	2948.9417
7109.0557	3470.9382
7209.765	3544.8835
6066.8555	1878.6649
6051.151	1883.0092
7371.937	2394.408
7828.085	4228.1
7820.057	4232.732
7824.7173	4231.326
7747.72	4194.0327
7610.5723	4053.9893
6836.3853	2892.0193
7719.049	2862.8337
7663.708	2963.0754
7520.868	3362.0789
7496.9116	3431.0322
6874.609	3130.4292
6872.4067	3188.4688
7951.319	4385.799
7549.0728	4134.9053
7363.482	3935.8743
5623.4697	1389.4779
7983.8135	4110.682
6955.905	4265.9683
7539.8438	3566.1038
6474.3047	2526.453
6469.3105	2486.4834
7648.7095	2914.5225
7852.3955	2891.2988
7770.3794	2939.2131
7719.6035	3742.2083
7609.251	3684.3877
7487.114	3823.902
6849.408	2753.5967
6780.331	2824.1438
7644.859	2865.442
7558.826	2985.6248
6638.2197	3136.8264
7250.7773	3699.5676
7246.1216	3694.851
7031.747	2071.9114
7749.6113	2671.6646
6365.0796	3922.2554
7504.857	2854.3281
7514.889	2846.0178
7498.923	2856.492
7902.179	4223.486
7710.91	4082.849
6147.4346	2110.8687
6925.5806	4203.97
7103.0576	1911.8885
6913.5303	1938.4596
7108.542	1973.1294
7599.814	3854.2927
7488.747	3690.988
7148.1035	3983.2632
7881.1187	3034.9158
7860.7437	4355.7173
7853.9336	4345.277
7694.9043	2770.0273
7682.449	2865.4507
7766.4404	3701.958
7637.5884	3632.2166
6900.5786	4152.3213
6910.0586	4030.4785
6733.825	3854.742
6043.31	4183.0586
6363.4243	4166.2896
7427.667	3998.0022
7551.662	4142.2993
7518.696	2889.4526
7512.815	2889.676
7469.576	2843.6829
7546.904	2936.605
7629.774	3165.4055
5658.556	999.1999
8058.5015	4532.998
8053.495	4537.831
8057.3584	4536.5337
7945.4688	4446.7427
8070.8267	3949.0703
6685.585	3813.2559
6690.28	3819.0093
6693.306	3815.2722
5094.0693	13.818838
7756.1187	3749.8647
7008.127	4389.045
7862.6177	4278.6826
5094.2397	18.566486
6088.5625	1861.8083
5658.9688	994.1446
6648.188	3075.1523
6853.6885	2818.714
6804.5796	2954.979
8024.709	4532.0366
7369.3955	3942.2131
7364.6816	3944.5234
6947.022	4252.7334
7775.621	3701.2952
7980.131	4368.076
7980.949	4364.1025
7966.695	4366.2734
7970.3467	3947.845
7251.958	1855.0637
7235.084	1873.7833
7171.6123	1890.9933
6169.22	2108.6443
7206.561	1902.6748
7296.685	1855.7911
7962.191	3940.664
7959.6123	3944.4275
7901.905	3869.8752
7900.6704	3875.904
7950.595	3938.495
7892.576	3870.201
7909.739	4207.9453
7544.217	2952.793
7723.728	4102.178
7857.6455	4228.9683
8070.5786	4550.905
8065.6514	4545.4775
7968.877	4008.0579
7614.8687	3960.3457
7594.0195	3992.823
7407.9736	3858.0996
7880.713	3943.9707
7925.302	3048.3364
7955.725	3059.3503
7934.9844	3050.507
7944.1494	3056.469
7616.1895	3078.1667
7005.584	2237.2
6999.531	2238.1497
8079.6816	4560.851
8048.6357	4527.1045
7938.8086	4436.6924
7844.1313	2891.8071
7707.7715	2928.9233
6828.2095	3006.9163
7719.2407	3137.21
7857.5923	4331.3555
7795.953	4288.3613
7736.133	2749.292
7217.236	3546.1113
7214.5654	3550.8635
7872.4224	4263.5493
7755.6914	3745.4854
7881.9277	4270.675
6081.3086	1860.1619
6059.6333	1877.504
6090.749	1857.5643
6086.763	1854.645
5973.501	1899.334
7378.7764	2391.954
7882.8765	4302.7837
8059.657	4169.2036
6509.3447	2551.678
6498.369	2554.4062
7537.756	3291.973
7205.1475	1921.309
7212.955	1924.7479
7212.7256	1920.2517
7765.645	2845.2986
7672.7114	2965.813
7785.929	2831.2876
7775.7505	2835.644
7765.9194	2838.708
7745.6597	2849.0454
7757.1133	2846.4255
7565.9185	3728.9932
7743.492	4186.1323
7819.458	4222.294
7715.8857	4140.574
7718.251	4144.2324
7530.8955	3610.434
7600.358	3956.5205
5720.9585	1481.8134
6843.4346	2891.4236
6043.866	4191.235
5987.334	1898.7904
7671.8325	2960.7227
7669.4224	2969.1501
7830.3774	4223.8613
8060.567	3945.611
8074.408	3947.1108
7563.2256	4201.022
7608.8506	4204.8594
7622.085	3143.1584
7732.0137	3126.0283
7870.9424	3075.8457
7927.0474	3094.0518
7665.918	3800.9846
6008.1016	1884.654
7930.7485	3852.389
7919.0615	3852.131
7256.2983	1913.1886
8114.7925	4203.9707
8122.5728	4191.7686
8123.4336	4200.518
8126.286	4212.548
8049.0884	4164.182
7594.2036	3843.0005
8099.9155	4189.017
8101.3643	4194.027
8105.917	4186.654
7737.4844	4148.06
7727.4814	4127.394
7380.3237	3180.084
7773.0347	2888.0598
7764.849	2889.5896
7911.6685	3001.828
7965.614	3006.4045
7934.5713	3010.0483
7902.318	3004.073
7922.7495	3011.4417
7879.925	3008.1804
7952.828	3007.6067
7675.5474	3993.4255
7606.7065	3792.0676
7637.15	3169.6016
7908.492	3832.282
7994.411	3946.4253
7905.081	3873.08
7918.9727	3830.8755
7554.9375	4161.806
7716.793	4309.9443
7576.5664	2984.644
7981.644	4096.773
7971.9707	4094.5317
7838.315	4271.704
7770.734	4242.6904
7887.9805	3948.1426
7613.6875	2886.1606
7573.4575	4249.221
7575.6406	4259.2856
7573.198	3924.2625
6027.767	1746.6536
7260.566	1850.3456
6999.0566	4368.3
7561.0337	4191.8496
7012.8086	3399.788
7003.3687	3394.1208
6856.282	2843.0247
7531.197	4021.862
6192.3906	2227.2017
6986.636	4339.8447
5671.4507	1211.6426
5814.376	1575.7383
5960.4414	1900.1404
6960.4556	4277.5107
6963.6646	4274.131
7267.941	3945.98
6025.349	1742.7234
7704.644	4063.1604
7703.0586	4049.6729
6712.974	3013.6067
7864.8403	3935.0881
7236.3477	1892.2769
7297.3545	1821.3517
5903.9404	1671.7018
7553.469	4153.5425
7350.6665	3686.0537
6366.219	4196.043
7880.886	3045.4597
7552.472	3688.453
7002.8403	4379.5693
7869.5664	3006.3762
7793.715	2973.5974
7971.0366	3963.722
7108.8784	2062.799
7697.299	3144.3923
7831.9565	2911.6597
7836.959	4340.428
7816.6665	4373.927
7766.675	4342.9985
7887.8853	2880.0747
7948.0923	4168.186
7950.6943	4171.5806
7927.257	2869.1255
7829.882	2928.2068
7837.1455	2919.3167
7838.1514	2930.6672
6365.52	4186.758
6847.9307	2820.4382
6852.4434	2796.7424
7377.739	3883.9106
7945.593	4302.057
7898.334	3797.5068
7874.922	3764.0042
7624.0464	3878.3833
7620.1	3880.1265
7818.2915	4321.2495
7915.716	2872.2654
7727.1304	2752.491
7856.5938	4270.2676
7828.8296	4243.4355
7617.704	3593.5564
7847.8154	3732.9736
7863.1577	3778.737
6854.206	2952.2932
6865.891	3012.2217
7513.6514	3652.3245
7084.1343	2063.8967
7956.1846	3042.1682
7814.156	4361.4463
7109.508	2058.233
7354.4023	1792.4576
6107.5996	2154.0818
7335.2183	1801.9833
7342.444	1798.5079
6951.0835	4271.497
7626.581	3122.3577
7248.7915	1846.0448
8005.4497	4462.495
6019.7627	2080.3728
7265.4365	3939.7148
7832.9336	4240.444
7851.6675	4247.692
7874.8237	4293.203
7708.1113	2876.7393
5963.357	1904.1986
5898.8047	1915.676
6956.6274	2406.7783
7648.138	4164.7285
7547.7114	3220.1963
6101.986	1996.7516
7599.451	3031.949
7735.349	2744.959
7959.0337	4356.363
7986.8296	4190.0264
7609.3467	3954.5413
7060.372	2067.096
6762.6846	3224.0454
7530.1045	2557.6052
7523.502	2561.4153
7521.8213	3498.8354
7676.1313	2736.7048
7741.9634	2676.0034
7724.1353	2688.0083
7878.4775	4022.7048
7870.673	4018.0957
7885.6846	4290.199
7943.081	4294.072
7134.1553	1891.488
7128.774	1895.2646
5679.0986	1871.727
6364.707	3915.3113
7705.3223	2794.2278
7697.829	2797.0457
6515.2197	2550.2373
7812.502	4154.1826
7809.1743	4156.637
5834.7153	1931.246
7246.9873	1913.2948
7226.538	1913.521
7380.4795	4023.0544
6198.121	2227.4941
6849.949	2843.7056
7841.6714	3004.8953
7970.325	4357.2373
7873.6006	2883.3193
7287.8423	1858.0737
7885.666	4229.8633
7363.0596	1788.2712
7188.3164	1875.5321
7834.8677	4249.4185
7182.285	1936.2935
7847.493	3728.4229
7851.54	4308.2593
7982.0874	3943.809
6268.547	2300.391
6409.0186	2449.4426
5928.7427	2006.1398
7548.456	3850.4167
7449.411	3775.9036
7205.44	2232.2593
7545.085	3774.7246
7548.8086	3772.7388
7954.1265	3925.9678
7934.897	3941.476
7974.4106	4027.7925
7118.18	1902.0256
7970.1753	3106.142
7982.3677	3111.2378
7981.4326	3107.7659
7200.9277	1886.4869
7685.356	2744.388
7585.6943	3048.9836
7698.8535	2745.0422
7267.6865	1864.1389
7118.7334	1873.2384
7606.3096	3858.6772
7509.362	3647.4688
6799.9688	2954.0557
6791.0156	2953.21
6780.0156	2952.7139
6872.063	3071.3455
8019.315	4522.6606
8006.2856	4500.8027
7288.577	3158.7927
7191.1587	3137.6333
7526.6997	3605.7527
8016.417	3936.907
7639.237	3926.309
7643.498	3926.219
7520.272	3771.8757
7568.4014	4226.7246
6913.956	2574.8022
6908.267	2577.5723
6021.3223	1747.7637
6006.731	1757.3137
5988.536	1769.4902
6943.083	4245.9355
5982.3584	1898.7113
7855.5938	3845.3223
7909.536	3894.2683
7792.8115	3794.9873
7862.885	4360.0146
7858.5786	4360.861
7642.4434	4177.2036
6995.307	4359.836
7843.0356	2929.4495
7102.561	2061.0466
6055.4307	1864.821
7696.7607	2708.005
7661.0527	2737.5222
7701.897	2754.63
7449.1694	3982.3315
7706.582	3666.5667
7838.2773	3731.2935
7853.895	3777.6797
7115.8496	1879.138
7110.1133	1892.3972
6907.2476	4159.867
7841.316	2917.5112
7466.842	3200.6484
7913.6133	3068.9119
8137.8047	4196.1763
8138.1523	4207.5796
6954.063	4283.636
6051.5835	1870.4366
7948.228	3026.4036
7664.431	4263.946
7747.701	3746.1147
6884.41	3309.7803
7611.976	3739.0972
7193.7354	1868.6619
7005.202	4391.7305
6340.597	2374.2913
7018.3286	3403.2878
6178.1665	2109.048
6177.965	2106.155
-1147.5103	-7946.809
-1156.5006	-7819.545
-1180.0251	-7809.7036
-1197.6023	-7540.8423
-1069.9441	-8092.437
-1067.459	-8061.241
-1096.3752	-8037.659
-1175.1453	-8412.938
-1168.3337	-8403.122
-1131.746	-8449.286
-1137.5143	-8459.813
-1143.9479	-7989.203
-1138.2957	-7984.807
-1187.7092	-7878.793
-1100.8041	-7572.3896
-1195.7047	-7881.654
-1106.0592	-7571.144
-1049.2319	-7735.626
-1113.8468	-7837.371
-1089.9493	-7899.2515
120.80458	-7250.2515
147.78535	-6843.3174
-1130.7627	-8066.825
-1135.9059	-8073.8594
-1195.6818	-7562.6626
-1043.8579	-8166.199
-1126.3245	-8339.182
-1089.2844	-8289.177
-1092.8514	-8290.882
-1118.8326	-7976.9854
-942.0469	-8248.423
-818.4743	-8082.1245
-750.9595	-8019.7695
-148.46574	-7241.3037
-1070.8341	-8027.5728
-1064.8196	-8021.924
-1002.9175	-7800.2603
-1185.528	-8080.334
-1119.3125	-7899.4854
-1200.216	-7939.0107
-1164.5583	-7816.4023
-891.0584	-8138.233
-1134.0588	-8410.01
-1129.2361	-8400.492
-1164.4338	-7740.1885
-1180.6023	-7662.555
-1189.2161	-7582.506
-1033.3293	-8395.407
-1050.878	-8231.429
-864.21375	-7916.7007
-1034.8021	-8404.23
-1054.8483	-8240.848
-940.8882	-7920.9146
-1186.1251	-7519.239
-1121.6014	-7427.226
-1196.8915	-7525.382
-993.90356	-8177.1533
-1051.7374	-7877.2114
-1040.186	-7901.9644
-1123.068	-7643.744
-1164.8768	-8321.737
-940.41974	-8218.485
-955.19293	-8199.452
-1053.3682	-7914.1807
-1062.7493	-7885.214
-963.944	-8137.339
-920.33734	-8230.49
-952.2579	-8323.853
-966.0315	-8388.294
-978.6644	-8034.8267
-914.48145	-8238.789
-1208.5183	-8111.4824
-928.5077	-8229.271
-1084.1929	-8398.053
-1045.5574	-8351.564
-1149.665	-8057.353
-1178.5485	-8062.503
-1005.6259	-8086.762
-1243.5984	-7565.7397
-1251.1344	-7565.941
-1289.3002	-7981.675
-1296.8488	-7987.8237
-946.7419	-8184.8384
-1315.5553	-7996.6284
-1316.626	-8000.753
-1009.9879	-8191.4873
-1012.50757	-8199.286
-1038.8552	-8050.7803
-1282.6938	-7979.8706
-1067.436	-7855.253
-1050.6399	-7893.5854
-1063.9264	-7872.442
-1072.2394	-8035.851
-1112.7078	-8045.602
-1057.9304	-7891.856
-1053.7224	-7882.613
-1256.2919	-8025.966
-1134.666	-8100.519
-1129.7191	-8090.8145
-1272.309	-7997.9824
-929.51306	-8211.074
-995.56824	-8207.502
-980.293	-8211.531
-1256.4364	-7613.8545
-1248.1754	-7611.86
-1020.5503	-8427.214
-990.3026	-8254.998
-1250.5118	-7589.398
-1179.7163	-8206.575
-1117.207	-8098.9175
-1114.7445	-8088.7505
-1251.2075	-8071.192
-1227.3899	-7629.399
-1043.3223	-7898.324
-1005.8426	-8163.0156
-983.71716	-8183.3345
-1125.2727	-7691.2983
-1117.3278	-7714.8086
-1248.6454	-7992.6235
-1094.1178	-8062.7183
-442.93207	-7638.19
-446.74164	-7633.8667
-992.1309	-8336.01
-1227.4246	-8003.0347
-1277.8689	-8039.8276
-1267.8813	-8028.7495
-1115.4573	-7634.243
-1034.5344	-8413.955
-1038.5874	-8415.621
-1122.7246	-7650.2803
-1041.0944	-8113.9805
-983.40576	-8030.251
-1070.6041	-8426.086
-1075.7656	-8447.247
-1119.317	-8469.551
-1150.3647	-7662.6323
-1163.5819	-7657.7104
-1192.3328	-8089.3335
-1008.34894	-8428.948
-1008.18475	-8442.196
-962.48724	-8398.488
-987.5305	-8427.413
-1219.4984	-8084.2266
-1102.0974	-7612.2163
-992.28564	-8314.501
-1128.8569	-7654.2593
-1263.0717	-7977.0493
-1201.9141	-8102.71
-1031.6888	-7959.448
-1038.4269	-7961.2847
-1310.581	-7977.0312
-1296.686	-7977.0625
-1022.7007	-7941.8457
-1243.227	-8076.2
-1245.1434	-8054.381
-1131.4122	-7665.691
-1072.6505	-7544.224
-1093.038	-7784.402
-1021.8675	-8110.956
-985.17395	-8084.481
-995.4642	-8444.932
-1100.0798	-8470.949
-1130.6333	-8006.465
-1018.8049	-8308.375
-1083.4463	-8368.835
-1199.4006	-7643.973
-990.94025	-8330.426
-1044.9105	-8411.46
-1075.6218	-8453.279
-1028.6896	-8003.5903
-1299.58	-7994.4897
-1273.8082	-7989.744
-1150.2574	-8336.195
-1115.8983	-8375.148
-1037.47	-7929.46
-1032.2546	-7931.63
-994.48706	-8020.742
-1197.2393	-7876.358
-1265.2314	-8013.8203
-1195.579	-7517.8154
-1289.4032	-8048.4297
-1176.102	-8379.41
-1179.3021	-8398.09
-1170.7552	-7913.641
-1027.8616	-7983.493
-1028.8066	-8404.957
-1198.9313	-7909.7637
-1193.1971	-7530.693
-968.36017	-8188.5986
-1089.7903	-7591.551
-856.75714	-7914.8394
-859.4237	-7922.264
-855.6628	-7919.62
-1112.7954	-7942.992
-1108.1151	-7940.331
-1219.4822	-7541.8105
-1173.8677	-8329.678
-1099.3824	-7566.5215
-783.9349	64.04221
-2090.46	-1058.7574
-318.3027	-2018.239
-270.64597	-1704.7338
-789.94086	-1292.021
-1574.9987	-516.38184
-2305.3845	-940.02167
-969.35956	-78.36626
-2005.2943	-821.1089
-2078.1572	-1061.0244
-2087.715	-1032.3368
-2012.6421	-1111.0038
-1990.1818	-1101.3683
-4414.87	-940.2599
-3194.8167	-963.7521
-3340.8035	-954.1498
-2057.7134	-1083.9945
-2255.0469	-1032.5731
-2250.9932	-1025.678
-977.1713	-58.622078
-2123.5872	-886.6072
-2117.4358	-888.76794
-2119.5361	-884.925
-2229.2588	-976.5709
-2232.244	-944.195
-2225.494	-1006.972
-785.0784	70.735115
-454.7897	294.88187
-223.1523	-1389.2437
-1918.0292	-1089.6562
-1920.1814	-1094.3921
-2007.3602	-1074.0598
-1924.9655	-1086.8569
-1357.2618	-1191.526
-2453.221	-947.76514
2233.0208	-483.09348
-2344.2056	-942.43665
-627.27594	218.42567
-471.2914	375.96597
-462.12912	334.0921
178.0247	1028.7488
-1733.0045	-647.9426
-2090.9502	-1037.8048
-4911.27	-944.84515
-4898.7686	-944.5866
-2206.804	-1032.7982
-4973.322	-930.7785
390.66516	-1167.8724
-945.5934	-61.554256
-2001.7662	-1126.7968
-1995.4048	-1117.9453
-365.74728	-2330.0796
-2036.1022	-1100.6832
-2263.7136	-937.6799
-2142.261	-844.6058
-2405.1323	-1003.2989
-4889.503	-941.4421
-2988.9463	-941.9526
-2239.394	-1005.1607
-1755.9581	-663.2077
-1778.9971	-674.706
-2038.9847	-1068.5026
-2730.1963	-968.01025
-2699.4023	-947.4525
-1982.5104	-1114.8357
-2181.7256	-1033.0945
-2210.9902	-1040.0991
-2442.112	-952.6982
-4939.001	-936.5209
-2008.9845	-1123.6901
-1979.174	-1121.7739
-2699.4885	-968.44586
-2195.9944	-1017.0839
-2197.4163	-1011.66614
-2206.5422	-1041.2048
-5254.137	-927.15344
-5021.623	-930.1043
-5210.003	-926.2015
-4925.329	-941.8971
-5089.705	-930.47003
-1925.1254	-1095.3646
-2250.312	-998.36584
-2323.2666	-951.4729
-2019.1757	-751.5661
-2143.696	-912.82495
-2330.4133	-955.81573
-4970.5986	-934.2709
-4882.966	-934.7022
2436.2825	-572.74524
-2633.9695	-927.0701
-2664.9978	-964.7811
-2557.7935	-950.32574
-2328.468	-839.3466
-1574.7521	-511.10373
-1461.493	-407.41623
-1459.1224	-413.9357
-1464.6388	-414.13504
-3050.6199	-974.1654
-3046.0364	-970.4553
-2890.0522	-970.8997
-2760.7207	-965.8504
-1710.1729	-628.96936
-1687.597	-606.39166
-412.6986	-2640.6685
-503.7004	-3259.8997
-546.89154	-3569.587
-458.81924	-2950.4077
-2003.7944	-832.71625
-2004.5012	-828.6948
-1892.4619	-749.1777
-4900.505	-932.35175
-4919.7446	-933.1713
-1020.70325	-140.45229
-1039.6915	-144.57655
-1002.1222	-128.05527
-984.92834	-107.19087
-1008.91565	-104.6024
-973.3925	-71.02467
-1087.0848	-169.0955
-1274.3257	-291.1432
1618.893	-716.4648
1004.5785	-943.95245
-568.608	-3725.9026
-565.45123	-3724.2139
-1040.6296	-152.33327
-2256.2766	-963.1528
-2277.843	-980.11847
-2284.8535	-985.197
-2280.6296	-987.29895
-2284.5752	-981.36115
-450.7868	293.88657
-454.9527	303.4039
-2659.4675	-961.4395
-2588.4817	-952.6936
-1422.37	-6130.8105
-1379.7716	-6130.226
-1374.6285	-6130.461
-1376.5286	-6123.245
-1417.7866	-6132.501
-1416.9026	-6124.743
-1841.5759	-5595.276
-1889.5498	-5568.9336
-1851.6598	-5559.366
-1289.2323	-6260.4375
-2021.9089	-5666.757
-2012.9148	-5666.4014
-283.98697	-4621.9297
-561.5653	-4659.337
-589.36414	-3879.408
-616.17303	-4191.7925
-563.81213	-5964.794
-600.19183	-4355.455
-1422.7897	-5963.9907
-985.3493	-6373.982
-984.6591	-6344.4556
-400.51175	-4577.544
-515.7569	-4666.893
-517.15173	-4672.7983
-584.41327	-3881.609
-613.41345	-4197.4365
-629.1215	-4183.652
-631.31384	-4197.074
-625.235	-4197.3345
-1499.1813	-6082.324
-207.07881	-5770.5557
86.649185	-5515.0522
343.2895	-5591.319
286.16006	-5491.0293
-1642.0773	-5586.4966
-2020.883	-5670.6064
-1718.81	-6014.3423
-1694.8157	-5989.8726
-51.332157	-4709.607
-5.2333856	-4705.5806
-1332.7546	-6422.5317
-1731.1512	-6001.7295
-1730.0494	-6005.397
-1722.106	-6000.3813
-686.70337	-5886.6846
-693.08167	-5884.7905
-692.2014	-5896.4536
-687.95483	-5879.8623
635.21405	-4989.65
-1865.7175	-5518.323
-1859.442	-5516.842
-1589.436	-5743.76
-1551.3317	-5621.025
-1607.2507	-6039.781
-1612.8488	-6044.4844
-564.5004	-5948.3906
-1672.1804	-6125.887
-1608.1082	-6052.727
-495.9586	-4528.2983
-1346.7677	-6458.792
-1353.1143	-6455.6406
-1351.3046	-6460.0522
-1346.8119	-6451.154
-654.6849	-4371.306
-716.3339	-4722.089
-688.71735	-4546.126
-572.77716	-4358.189
384.1999	-5245.5435
126.01798	-5620.269
-1286.3931	-6579.1294
-491.90607	-4546.2305
-506.9738	-4654.8496
-1662.0834	-5966.5117
-1649.8683	-5958.8574
-1655.0277	-5869.887
-1625.8103	-5864.156
-1710.4388	-6172.472
-1596.4526	-6014.313
-1676.4191	-5977.0044
-1158.7272	-6311.8916
-1577.4628	-5979.0156
-1575.2152	-5968.287
-446.88162	-4752.036
-765.1236	-4957.024
-521.273	-4649.7573
-1956.0469	-5640.8145
-1868.6025	-5504.8228
-1875.0776	-5499.5215
-1876.4498	-5503.784
-573.68243	-4340.118
-575.9952	-4346.026
-1627.459	-5740.277
-37.655018	-5735.86
-796.76385	-5480.4727
-499.29526	-4513.2754
-502.78595	-4507.699
-380.20193	-4834.5083
-385.1665	-4839.3467
-385.7077	-4833.494
-1823.455	-5524.2134
-2066.6035	-5692.356
-1834.9274	-5535.988
-1841.0924	-5537.418
-639.7768	-4175.0225
-645.03406	-4170.877
-793.47534	-5891.1494
-1784.403	-5520.2607
-1874.5789	-5582.5977
-2007.2017	-5671.8696
-1627.2362	-5902.082
-1629.9928	-5895.032
-1622.8511	-5901.706
-1623.4447	-5895.437
-1730.7195	-5666.0874
-1891.0602	-5514.6934
-1846.9238	-5515.24
-1087.661	-7177.642
-1093.1805	-7173.0483
-1086.1	-7170.2695
-560.69354	-5971.8667
-487.21518	-5841.132
-1237.1965	-6728.835
-1795.0518	-5500.0156
-582.59985	-4341.838
-1939.6737	-5387.921
-1023.52716	-6346.3384
-727.01056	-5586.9526
-1987.4915	-5654.4053
-527.4947	-4534.268
-2122.3723	-5719.9966
-1510.9266	-5495.866
-460.56723	-4555.106
-319.9004	-5554.263
-1995.8293	-5671.097
-477.1487	-4615.535
-461.84628	-4684.6973
-1157.0502	-6306.469
-1933.3573	-5389.4097
-2637.8079	-4433.614
-567.92163	-5871.9478
-568.0806	-5865.3677
-565.27374	-5928.0674
-1713.9583	-6180.1104
-1637.4028	-6116.828
-521.6111	-4670.0767
-1837.9752	-5542.1274
-1035.963	-6760.191
-1719.42	-6176.766
-1719.986	-6181.406
-1594.6027	-6020.973
-1602.8367	-6017.2075
-1599.636	-6021.2446
-1715.431	-6184.1885
-1631.6019	-5900.239
-1801.378	-5496.713
-1793.0823	-5492.8584
-1505.4227	-6105.743
-1680.8053	-6131.9487
-1728.4038	-6020.3823
-1724.7494	-6022.7427
-981.7567	-6380.6274
-1661.8212	-5867.7266
-1503.3674	-6098.208
-989.4224	-6380.803
-566.2364	-5972.2476
-562.55426	-5992.412
-564.39136	-6000.339
-559.86975	-6000.5127
-1660.6028	-5874.8057
-1245.0908	-5864.6978
-1578.4755	-5984.9043
-694.0467	-5903.7866
-1668.0144	-5970.207
-1900.3484	-5511.4956
-2027.3987	-5697.747
-1798.442	-5492.251
-1899.8364	-5517.2065
-1664.1566	-5871.6694
-1677.3494	-6135.0903
-985.31146	-6382.8623
-1801.132	-5501.15
-1789.0514	-5496.198
-2024.4233	-5701.087
-2019.0009	-5693.118
-1242.7714	-5859.2515
-1902.9553	-5514.431
-1845.0554	-5602.2554
-206.23755	-5778.4604
-1160.5168	-6319.806
-1642.6787	-6128.8003
-1637.7415	-6129.437
-1635.0624	-6125.898
-1640.4803	-6124.074
-1645.3184	-6120.2007
-1646.0217	-6124.9946
-615.94855	-4658.709
-618.4527	-4663.696
-615.8571	-4668.28
-610.9204	-4663.1235
-497.6567	-4506.7354
-609.12537	-4354.1167
-606.86285	-4358.425
-606.25476	-4350.4497
-1895.9269	-5601.1294
-167.73158	-4666.117
-588.9588	-4336.6597
-584.8164	-4333.71
-527.8187	-4650.7256
-526.04193	-4645.6587
-1828.4716	-5523.535
-641.86847	-4664.792
-648.8266	-4661.241
-648.389	-4668.9595
-651.2859	-4665.222
-2078.2185	-5697.5728
-2073.6555	-5700.0996
-2077.334	-5692.1396
-2074.24	-5695.233
-1918.789	-5576.103
-795.6123	-5897.249
-1960.474	-5384.8525
-1968.3298	-5381.2393
-1969.2853	-5385.7393
-1240.2214	-6735.4385
-429.6237	-4564.99
-395.40283	-4576.199
-427.54404	-4560.88
-536.96735	-4530.3354
-533.5726	-4538.297
-530.2054	-4526.723
-535.43475	-4534.435
-533.3145	-4529.109
-2129.4944	-5728.507
-2130.606	-5723.734
-2133.9895	-5720.5576
-2134.6772	-5726.4185
-894.4355	-5889.8325
-1927.1714	-5580.465
-1928.2489	-5576.124
288.52243	-5497.6025
-1904.0348	-5605.064
-1900.9918	-5608.4443
635.70746	-4998.2944
639.0508	-4997.235
386.1408	-5252.4897
127.9133	-5626.821
5516.185	-1200.8398
5735.4116	-1264.9695
5764.2793	-1276.1074
5433.2007	-1201.1976
5755.9287	-1268.5784
5576.866	-1266.4823
5741.6904	-1348.19
5549.198	-1260.7789
5546.852	-1251.6748
5645.1733	-1280.6643
5441.828	-1210.5697
5612.426	-1241.9562
5679.391	-1326.7694
5678.766	-1315.1858
5171.083	-1061.2561
5604.1797	-1242.8129
5705.4844	-1301.339
5442.637	-1197.4504
5660.9688	-1280.8873
5699.793	-1273.4496
5575.859	-1256.1653
5746.7495	-1268.0211
5499.639	-1236.7454
5848.782	-1403.6373
5834.5366	-1394.7885
5397.9424	-1172.5713
5755.4766	-1311.862
5514.191	-1187.5281
5747.2607	-1366.728
5750.5093	-1295.334
5734.4287	-1295.4701
5811.64	-1379.6548
5800.9634	-1375.0573
5696.5186	-1262.6252
5698.32	-1307.5962
4129.354	-624.4912
5003.3477	-998.589
5780.693	-1360.5221
5677.123	-1286.6083
5446.861	-1163.26
5441.6973	-1169.7615
5586.6353	-1232.3759
5240.925	-1099.4667
5241.791	-1094.8795
5807.331	-1365.6366
5746.3516	-1338.5076
5716.663	-1316.4364
5330.997	-1135.1279
5568.844	-1227.275
5357.1445	-1146.1345
5748.6104	-1286.9949
5205.0454	-1093.4137
5848.69	-1388.6327
5831.1553	-1382.1914
5560.5044	-1243.5789
5778.443	-1328.4165
5760.245	-1362.6278
5419.0435	-1185.1738
5475.7866	-1216.5115
5386.6406	-1181.1339
5521.0923	-1195.7042
5813.8237	-1388.8514
5726.8438	-1365.8707
5730.939	-1364.6147
5723.0005	-1348.8582
5386.7334	-1156.8577
5715.9404	-1343.8094
5756.9795	-1334.6877
5713.3774	-1330.9259
5738.9653	-1330.8689
5805.021	-1347.5089
5525.8003	-1238.0894
5728.4077	-1305.6576
5627.0024	-1296.5392
5435.2207	-1193.6681
5496.9033	-1228.0073
5761.439	-1376.5719
5532.08	-1199.7161
5707.222	-1316.5503
5680.5713	-1297.2219
5739.224	-1275.5922
5454.485	-1200.0317
5682.321	-1266.4043
5489.4004	-1183.5471
5600.578	-1232.6436
5747.408	-1315.0217
5459.364	-1207.6901
5540.8076	-1193.2358
5201.289	-1090.0973
5825.4736	-1385.2806
5733.14	-1273.6504
5705.2017	-1287.3661
5683.1978	-1294.658
1575.5339	995.5532
1569.7843	998.2286
1699.6317	888.33997
2708.9146	188.95093
1705.2203	886.86847
2091.6206	-75.64797
2128.4292	-55.6234
1512.7561	1069.4895
1969.6979	-33.66676
1517.5421	1069.2848
2137.3933	-57.878002
2134.383	-106.217896
1689.4454	891.0195
2142.3457	-111.1514
1679.2009	892.0302
1674.6984	894.78595
1531.4952	1032.8838
1232.7246	1305.3208
1387.3424	1168.8014
1381.5824	1171.893
1375.0309	1184.3004
1370.6146	1183.1587
1493.7634	1070.963
1504.0646	1069.9824
450.13678	-4690.9937
736.9396	-4873.92
451.22726	-5773.392
682.90753	-4775.224
680.8062	-4765.309
483.88315	-4663.0015
488.2865	-4663.8384
408.32358	-4757.1255
412.76233	-4757.1455
389.98477	-4748.009
411.77628	-4747.056
397.1272	-4740.965
393.45554	-4750.23
479.4582	-4668.7275
416.63562	-4712.0366
660.9912	-4693.498
583.63165	-5516.6216
581.1706	-5507.7163
485.7592	-4655.953
406.83112	-4719.028
414.73746	-4724.0913
410.4716	-4721.9224
418.7376	-4721.8013
6726.745	3923.6736
6621.8574	3821.9968
5008.3223	4007.579
6484.8135	3805.3943
7058.0835	3288.6292
7207.95	3263.5955
5735.7637	3834.1719
5853.501	3564.313
7068.0005	3293.9749
6314.416	3722.0608
5843.3525	3123.438
6669.0283	3801.78
6650.803	3759.2598
6654.5786	3793.1172
6641.7446	3754.2466
7118.4414	3133.8389
7181.9634	2987.0479
3858.7795	4001.316
6665.0	3829.1982
3699.5725	4172.59
3628.4565	4152.2344
6786.1533	4031.2913
5948.357	4133.761
6995.514	3353.7266
6767.734	4241.707
6768.552	4122.563
4362.361	3904.0754
5697.4707	3903.961
6825.7563	4075.555
6705.3535	3893.436
3660.491	4253.061
7130.838	3245.1953
7161.566	3252.1099
7094.295	3236.9917
7140.796	3111.085
5845.1455	3882.8381
5843.71	3876.2944
6647.829	4352.177
4020.0164	4017.8135
4096.816	3958.442
4961.326	3904.9211
5660.82	3978.666
6041.201	4167.253
4577.0884	3949.7744
5885.2837	3883.8774
6530.0767	3789.3557
6883.141	4177.806
6887.4336	4186.302
6744.815	4344.076
6453.9556	4203.256
6429.162	4137.1685
6563.283	3757.5308
6573.8135	4040.727
6634.35	4221.5596
6633.6626	4230.312
6595.6787	4322.886
6366.513	3872.6777
6844.6206	4176.4277
6370.233	3083.257
5008.641	4031.6116
6424.5117	3863.1003
6424.4473	3856.0112
6766.125	3994.114
6766.876	3696.504
5498.9272	4047.0337
5500.583	3897.1682
3684.6807	4208.461
5220.128	3900.716
5045.5806	3868.5671
4912.186	3810.7886
6060.988	2873.3882
6446.9907	3654.7402
6159.231	2931.4976
3708.658	4045.935
5326.427	3899.2686
5607.1084	3997.5938
6595.188	4031.5742
6829.477	4220.604
6395.089	3867.2124
4114.8047	3956.3247
3666.9348	4235.86
6918.0596	3493.2498
6908.1445	3484.1838
3781.9517	4146.224
6739.918	4330.9727
5093.967	4232.458
6784.8804	4012.7495
6523.675	4281.8257
6764.731	4227.8613
6772.0664	3568.0427
5936.2515	3877.09
4133.037	3952.763
7073.569	3297.2617
6804.3735	4094.6575
5893.879	3883.6682
6804.155	4062.4841
6786.809	4183.8833
5266.261	4125.725
5274.812	4121.1
6137.9272	2935.45
6127.043	2936.2878
6796.747	4033.7446
5496.907	3886.6277
6359.2124	4138.112
6361.8433	4023.6301
5384.913	3660.4424
5383.1987	3655.334
5817.29	3458.2893
5536.111	4029.831
6910.937	3488.5337
6356.4453	4103.7964
5290.395	3912.182
6825.83	4210.8296
6771.071	4252.682
6897.7617	4133.2256
6941.7686	4082.5374
6823.9697	4107.5874
6755.6196	4292.636
6725.6074	4372.3394
6720.6416	4356.0005
6728.399	4384.6514
3556.2888	4075.8074
6698.4	4367.0063
7045.037	3281.6465
5366.6206	3915.1448
6701.5728	4235.623
5386.8936	4085.0437
5821.2266	3462.4458
5815.851	3464.0999
5599.6816	3903.51
6512.345	3850.9885
6857.335	4200.3906
5410.4604	4080.357
3941.812	4068.9285
6501.822	3854.692
5271.6826	4091.5017
6785.261	2819.9524
5682.7905	3865.4814
5680.714	3860.431
3651.2336	4233.485
6445.6084	3788.8542
6361.2627	3768.0237
6238.851	3060.0696
5853.954	4090.911
5386.4077	4077.9717
6808.6494	4067.9705
6577.0923	3808.4568
6407.344	4176.2437
6157.2383	3871.2444
4350.9214	3853.345
5790.4487	3857.5178
5219.5195	3906.6018
5622.4033	3878.5452
6614.7227	4285.058
6311.2227	4138.6626
6813.808	4091.4736
6828.3184	4114.935
3862.5332	4112.0337
5624.528	3883.9683
4791.242	3988.631
5004.8115	4482.463
6364.8335	3901.1304
6328.548	3891.453
6447.0303	3806.7825
4870.25	3823.0923
4848.2134	4219.638
6221.2905	4161.788
4323.364	3706.0935
6703.305	4244.7803
5758.3633	4039.1743
5561.0454	3887.3708
6923.419	3497.949
6513.2983	3769.3235
5281.386	4140.7925
5283.632	4133.202
5562.4946	3893.3257
5976.485	3864.0051
5923.778	3815.2969
5289.7905	4156.8027
5689.1787	3902.906
7193.1636	3259.8835
6892.9224	3469.261
4907.0093	4508.8105
5501.0093	4055.175
5431.452	3883.4314
5431.5156	3808.7156
6332.134	3885.1804
6338.4624	3872.8333
6626.448	3713.1833
6222.0083	3586.8987
6956.649	3422.6316
4144.428	3921.8767
6858.9316	4132.0093
4156.632	3890.9695
6402.119	4061.5935
6419.6406	3932.692
6131.9116	4182.99
6131.6606	4174.8535
5368.127	3921.468
6525.039	4292.48
6183.645	2997.9292
5291.838	4167.144
6759.206	4300.831
6647.928	3664.3599
7201.7837	3261.528
6449.7295	3820.9937
5216.9443	3918.6807
7187.294	3257.9019
5641.23	3964.946
6453.335	3830.8103
6792.5234	4087.7058
6673.3687	3949.7449
6802.988	4049.5757
5467.9453	3901.8171
6383.87	3459.365
4338.5376	3790.617
4337.842	3784.7942
6791.1416	4140.972
6306.0986	3256.0469
6232.169	3054.2532
6863.7974	3561.02
4007.509	3949.2307
6542.2188	3732.0417
6451.4814	3750.5107
6555.1865	3744.767
3319.6255	3973.2644
3082.3901	3849.378
3319.223	3966.8699
3080.901	3841.3643
6532.3765	3795.67
6646.867	4294.4863
6643.8716	4279.2197
6642.472	4269.879
4131.194	3946.3608
6520.728	4292.2905
5792.159	3897.2617
3627.561	4199.243
5021.2485	4899.5938
5040.5327	4826.207
5102.1704	4317.2266
5108.763	4341.282
4996.652	4804.5596
4976.349	4824.645
5049.3066	4908.475
5030.857	4925.5234
4941.2583	4784.429
5111.3745	4333.476
5047.0625	4873.8345
4915.875	4732.153
5104.2656	4334.319
4949.0425	4818.665
4888.435	4716.0444
5102.1113	4291.968
4936.2617	4810.084
4898.6904	4691.7056
5290.975	3906.2456
5363.47	3902.6384
5047.3364	4929.957
4892.6675	4636.1436
4842.6724	4469.364
4919.1597	4746.36
4963.206	4809.654
4988.5356	4822.5444
4932.192	4754.958
4881.988	4742.371
5108.9136	4316.3926
5010.59	4694.5522
4887.9653	4754.816
5040.0635	4936.741
4926.455	4785.649
4898.1724	4680.125
4881.0063	4756.83
4909.9834	4639.4824
4996.544	4701.327
4958.3467	4685.894
4935.2856	4666.089
4860.7705	4097.6445
4898.268	4737.2524
5028.6367	4765.777
5010.446	4859.6533
4978.9414	4697.9844
4949.391	4788.918
4845.7646	4449.425
4909.0605	4611.4653
4911.343	4708.6084
5001.485	4815.0205
4871.557	4456.9585
4869.3843	4518.535
4877.4473	4718.314
4841.6094	4478.5425
5016.076	4702.9585
4870.4478	4724.6025
6505.392	3110.473
6352.054	4180.1753
6352.047	4170.2905
6596.2954	4361.823
6148.398	2933.4146
7100.579	3234.1792
7100.8105	3239.5232
6486.5264	3810.742
6742.619	3951.429
6596.113	4350.305
6751.6367	3961.1963
6756.208	3966.075
6378.2764	3456.212
7124.1777	3132.6714
6243.3584	3063.752
4920.463	4757.748
4916.063	4758.1235
6614.457	4295.377
6347.879	4179.4277
6567.8867	3762.656
6192.9805	3003.372
6200.1846	3007.134
6560.374	3744.0432
6595.2505	3726.1624
4832.294	4475.0166
4837.1353	4467.177
4787.5215	4008.8823
4788.8037	4002.015
3597.5745	4228.5
3569.5425	4127.616
3709.3252	4052.7285
4351.6655	3872.1272
4351.4854	3865.7908
3584.0046	4172.01
3602.906	4200.9497
3599.2947	4219.896
3581.7793	4179.337
5007.741	4014.2688
4362.9224	3911.8499
3661.8076	4275.174
5625.302	3985.3838
6639.8267	4229.765
6636.3594	4233.6694
6629.7554	4230.98
5010.5815	4039.139
5005.774	4038.8992
6446.5474	3660.3425
6445.7764	3649.4673
6452.501	3654.3105
6162.4897	2926.9292
6164.3696	2932.1755
5213.623	3936.9043
5896.329	3890.1514
4872.9033	4727.58
5262.8003	4135.7725
5260.111	4131.5776
5266.305	4133.7515
5326.4556	3911.208
5326.5127	3917.146
6648.939	4305.4014
5414.5654	4080.9019
5409.311	4072.8413
5282.4995	4150.453
3662.264	4284.7773
5214.6743	3930.6895
6204.97	3009.4492
6388.4917	3461.52
5467.0728	3895.4946
6623.563	3694.3262
5202.4277	2165.285
5581.831	2309.871
6513.9214	2617.5796
6552.8657	2741.5898
5397.2197	2187.2117
6384.8594	2778.7593
6240.4653	1424.9945
4763.2417	1772.38
4756.8584	1771.4907
4529.6846	1491.8496
5475.9185	624.38586
5429.1777	516.0957
5765.1665	2534.3188
5593.461	2180.243
5770.026	2532.0266
5769.0894	2538.282
5598.838	2181.259
6508.5405	2585.5303
5963.6484	1246.9731
5952.087	1222.1656
5956.3765	1248.9908
4577.283	1657.023
5087.1875	16.559767
3557.3796	-1896.6014
2292.565	-2988.145
4522.7515	2071.1614
4517.924	2068.573
3495.7903	-2010.4098
3122.9348	-1769.4266
2851.4265	-1821.6584
2575.1824	-2406.4985
2846.5469	-1819.4083
2571.0474	-2404.5637
6188.8047	2943.07
5666.1294	1212.9856
5672.2456	1430.6259
5520.9736	1297.679
6776.435	1851.2743
5694.3833	2559.2744
5930.065	2887.348
5936.1797	2886.9272
5928.355	2893.228
5835.378	1314.6514
3395.8635	-1718.5272
5313.2993	366.91623
5244.5146	311.99594
5467.2754	2060.1357
7423.378	2800.606
7278.796	2717.773
5674.4805	1650.2092
5651.22	998.5882
5322.845	687.3289
5869.235	1405.196
5566.374	810.2912
2012.1812	-3571.544
6718.64	1966.9906
5143.4424	1999.0366
5673.4697	1871.7338
5711.309	1846.5197
5611.9536	1818.5269
5843.537	1851.8551
5618.5903	1952.5438
5397.3965	495.0099
4456.7764	-678.32245
3613.5562	-1782.2676
3664.5012	-1666.7399
3546.4126	-1968.0703
6150.3247	2831.205
6389.623	2774.6626
4766.225	1936.7908
6376.1265	2778.8884
6358.7617	2784.8618
5892.12	1500.906
4932.487	-131.12816
4789.7563	-232.45772
5396.5215	464.36038
5455.68	569.4953
5357.8364	414.81238
5024.4043	-61.534958
4981.0225	-97.02106
5061.3438	-24.036661
5011.7246	-57.657753
5690.999	1036.7245
4949.1587	-138.16779
6521.6055	1631.0901
5796.231	1226.7097
5674.629	1016.9965
5875.135	1402.5764
6247.0527	1421.822
5243.777	248.65361
5751.4854	1141.3384
5067.424	-25.819458
5654.6235	990.524
4943.3677	-135.7364
5168.4746	132.18198
6515.205	1634.5216
5700.8467	1058.3905
6146.4688	2834.2961
6384.1733	2773.3237
2839.4114	3777.191
2595.7954	3704.3706
2603.0864	3730.7947
1695.4457	3820.5737
1694.7578	3832.1028
1682.9647	3677.277
1663.5845	3604.336
1676.2413	3603.448
1688.309	3737.699
2610.1558	3756.8093
1692.4507	3785.3157
2607.9265	3748.5144
1650.8286	3590.6062
1638.2992	3563.6208
1999.2565	1969.4489
