-184.704	-120.512	1
-190.511	-83.3198	2
-128.037	-139.01	3
-134.849	-130.505	4
-107.768	-71.1001	5
-105.967	-119.072	6
-150.017	-46.0354	7
-163.952	47.9293	8
-81.6643	-198.685	9
-87.2854	-1.14229	10
-123.409	32.5277	11
-35.2548	-255.321	12
-69.4636	109.656	13
-108.206	117.581	14
-161.833	112.978	15
20.8342	-270.71	16
-58.2812	198.879	17
-101.826	197.061	18
-161.319	183.918	19
45.1597	-219.247	20
-57.7421	240.671	21
-104.913	237.575	22
-166.49	218.992	23
51.4699	-153.897	24
-35.2039	183.03	25
-84.932	189.432	26
-141.564	172.067	27
57.4196	-89.387	28
37.616	-27.8377	29
0.552204	88.322	30
-49.824	135.262	31
-96.4768	121.472	32
91.5597	-39.9955	33
73.4624	7.71013	34
42.8977	70.3433	35
-8.04068	95.9721	36
149.521	-7.79792	37
135.976	32.7481	38
100.417	72.3427	39
47.7799	62.7087	40
211.798	-8.05785	41
199.95	29.5742	42
160.021	45.1374	43
115.541	17.4831	44
231.602	-12.0746	45
224.794	-74.0922	46
174.216	-55.2656	47
220.446	-147.757	48
194.085	-132.109	49
-143.786	-124.759	50
-153.427	-66.3068	51
-189.337	-88.2782	52
-156.06	-55.0828	53
-180.643	-10.0599	54
-201.748	-52.9504	55
-87.16	-190.88	56
-79.4148	-147.015	57
-106.646	-123.288	58
-108.494	-119.444	59
-109.075	-76.7188	60
-144.612	-63.4082	61
-88.7704	-17.5725	62
-120.06	19.7009	63
-142.828	-51.3145	64
-81.0624	-132.411	65
-88.2811	-34.5409	66
-106.762	-75.6436	67
-126.114	22.8537	68
-161.887	44.1008	69
-178.896	0.530515	70
-162.202	103.482	71
-191.769	84.1374	72
-180.406	12.847	73
-42.0578	-248.876	74
-36.2495	-232.128	75
-75.3141	-161.556	76
-71.6514	96.4516	77
-103.291	106.158	78
-117.407	30.5825	79
-109.776	107.204	80
-156.112	105.822	81
-160.705	49.4368	82
13.9808	-273.121	83
22.4066	-261.746	84
-29.7843	-239.018	85
-58.4577	188.919	86
-94.6119	188.812	87
-101.835	117.617	88
-101.725	188.625	89
-153.755	178.246	90
-155.591	114.449	91
-160.898	175.303	92
-198.196	157.729	93
-192.521	94.3334	94
43.6689	-227.529	95
51.9698	-220.047	96
28.3037	-260.178	97
-59.1577	243.697	98
-98.1027	241.003	99
-94.5275	198.234	100
-105.929	239.546	101
-159.288	224.881	102
-154.272	185.98	103
-166.111	222.047	104
-201.679	202.285	105
-199.25	165.375	106
51.0118	-161.846	107
47.9184	-146.692	108
52.5782	-210.983	109
-38.345	191.332	110
-80.7126	196.497	111
-97.9947	238.231	112
-88.2415	196.187	113
-140.262	182.1	114
-159.173	222.087	115
-145.614	178.444	116
-171.521	155.779	117
-199.154	198.496	118
55.7853	-96.3155	119
42.2289	-57.834	120
46.9915	-137.208	121
-4.69294	103.336	122
-47	139.663	123
-76.4933	189.102	124
-54.9024	141.702	125
-98.7959	131.036	126
-135.358	175.388	127
-103.149	127.34	128
-112.248	100.769	129
-165.291	148.51	130
85.2442	-45.4124	131
69.7018	-4.43916	132
40.9141	-42.6628	133
67.4451	3.88509	134
40.8638	62.5833	135
6.77513	71.6039	136
36.5124	69.8092	137
-7.31432	99.8342	138
-42.9565	133.695	139
-13.5718	99.9776	140
-53.9595	93.646	141
-93.0743	125.703	142
-55.56	90.9817	143
-27.9067	62.896	144
-103.544	95.1194	145
141.967	-11.0395	146
129.748	24.1437	147
76.7995	-0.391303	148
127.418	30.5123	149
98.3478	70.2816	150
48.1598	63.1807	151
93.2768	73.0751	152
46.7548	68.9748	153
-0.617971	95.8362	154
40.0631	67.1197	155
-14.3245	58.6435	156
-50.4357	89.7771	157
204.554	-4.66759	158
195.372	27.0971	159
138.02	25.8561	160
192.379	32.7191	161
158.493	51.6136	162
106.539	69.6949	163
153.599	50.1285	164
113.275	27.843	165
55.2085	65.3751	166
106.972	24.6664	167
74.9923	8.88189	168
0.38049	52.3166	169
230.034	-53.7362	170
233.14	-9.57222	171
202.241	24.8296	172
230.675	-5.88865	173
199.299	6.79636	174
165.788	46.6541	175
196.198	5.13409	176
173.599	-37.2696	177
120.705	21.0722	178
167.525	-43.2025	179
136.54	-52.2162	180
83.1385	2.43123	181
226.75	-62.4418	182
181.878	-46.031	183
199.431	2.43461	184
220.066	-139.224	185
195.888	-126.346	186
182.82	-58.2012	187
192.44	-123.159	188
179.717	-115.235	189
143.225	-61.0197	190
222.419	-188.525	191
206.207	-176.897	192
196.908	-134.379	193
205.761	-173.264	194
213.09	-155.377	195
184.601	-121.733	196
-171.682	-119.542	197
-173.374	-106.773	198
-185.924	-109.485	199
-179.386	-74.825	200
-185.44	-57.6306	201
-195.283	-67.1217	202
-109.431	-163.095	203
-102.348	-153.885	204
-116.318	-137.033	205
-120.275	-129.363	206
-127.087	-104.678	207
-143.745	-105.047	208
-99.6875	-52.9448	209
-110.066	-34.7098	210
-119.056	-61.3149	211
-95.1297	-121.376	212
-95.1957	-95.4053	213
-106.411	-101.06	214
-138.745	-16.416	215
-154.852	-3.09939	216
-165.2	-26.2397	217
-164.052	69.3492	218
-176.297	59.0653	219
-172.114	34.8349	220
-65.9866	-220.724	221
-63.8838	-210.396	222
-78.5394	-186.265	223
-81.0088	43.4839	224
-88.8164	52.8738	225
-95.5577	17.0746	226
-116.695	64.1706	227
-135.081	68.3394	228
-141.095	40.5981	229
-14.8525	-268.669	230
-11.1576	-263.722	231
-32.4621	-249.054	232
-63.6957	145.69	233
-73.4548	148.721	234
-78.7791	113.675	235
-104.233	149.826	236
-125.47	147.892	237
-128.681	118.393	238
-160.609	139.965	239
-178.62	131.817	240
-178.046	104.749	241
34.1987	-256.249	242
38.2782	-252.098	243
24.1654	-265.608	244
-59.0012	223.379	245
-71.0324	223.071	246
-69.7601	199.156	247
-103.188	220.691	248
-125.11	216.276	249
-124.431	194.101	250
-163.295	205.251	251
-183.343	196.585	252
-181.241	174.672	253
48.0828	-195.317	254
49.4934	-189.576	255
48.2371	-215.439	256
-51.0678	223.973	257
-63.8188	223.567	258
-70.5253	239.766	259
-100.139	222.592	260
-124.976	218.321	261
-128.695	232.915	262
-160.358	204.145	263
-176.689	193.125	264
-184.119	209.176	265
52.6068	-127.801	266
49.1501	-117.774	267
49.3099	-144.434	268
-23.4792	152.237	269
-36.6352	159.46	270
-47.8193	185.328	271
-72.5367	168.17	272
-95.395	166.152	273
-107.943	186.108	274
-126.348	152.108	275
-136.756	139.326	276
-154.51	159.841	277
65.8362	-68.3164	278
59.8216	-55.3892	279
51.7633	-74.9568	280
45.716	-12.5365	281
35.2606	19.2439	282
25.494	14.5798	283
13.0908	72.0335	284
-2.51969	97.4445	285
-14.9662	115.155	286
-35.8307	118.919	287
-55.3687	119.05	288
-70.5656	135.348	289
-77.8417	106.089	290
-79.2649	92.506	291
-101.822	108.238	292
111.454	-26.3684	293
106.226	-14.5184	294
85.9008	-28.3151	295
95.5818	18.5922	296
85.8808	40.9582	297
64.2381	32.0381	298
63.4368	72.8552	299
45.0962	84.1783	300
26.0671	87.2683	301
10.7555	83.416	302
-10.9766	78.8965	303
-27.599	93.4558	304
173.894	-2.41391	305
170.729	8.51315	306
145.43	3.37919	307
160.46	35.9295	308
149.942	52.3063	309
125.615	51.0191	310
124.238	65.9277	311
106.508	62.1565	312
82.1816	73.2229	313
73.8957	48.3223	314
54.1211	41.1801	315
27.7551	55.7518	316
227.392	-22.8764	317
226.541	-11.1656	318
208.863	3.84248	319
217.872	17.5407	320
204.754	28.6504	321
187.632	42.7154	322
178.621	27.41	323
163.611	17.0388	324
143.061	36.5625	325
138.645	-6.00717	326
122.328	-13.7915	327
98.4491	9.89032	328
230.904	-31.4603	329
216.221	-31.1052	330
218.416	-7.12671	331
221.497	-103.589	332
209.646	-100.899	333
210.159	-72.9483	334
184.048	-86.2705	335
169.983	-82.7225	336
155.675	-56.3571	337
221.423	-169.247	338
211.774	-166.977	339
210.928	-143.956	340
198.481	-154.199	341
196.683	-146.272	342
187.334	-124.794	343
-150.221	-103.812	344
-168.16	-105.194	345
-165.417	-120.074	346
-172.483	-78.4095	347
-169.252	-99.3717	348
-151.186	-95.5693	349
-186.622	-104.963	350
-174.373	-100.514	351
-177.896	-81.1608	352
-169.157	-33.4929	353
-181.207	-52.7611	354
-174.213	-70.9702	355
-189.478	-34.6124	356
-183.552	-46.7515	357
-172.768	-27.4027	358
-197.058	-62.4859	359
-187.488	-52.3214	360
-193.288	-40.3343	361
-83.413	-178.133	362
-97.2628	-159.479	363
-103.553	-170.313	364
-91.2246	-131.441	365
-95.1671	-153.383	366
-81.5365	-172.534	367
-113.357	-134.048	368
-99.8281	-149.417	369
-95.6954	-128.998	370
-110.224	-102.025	371
-122.306	-104.558	372
-116.85	-127.046	373
-120.885	-70.7057	374
-122.884	-95.8396	375
-110.185	-95.9465	376
-144.618	-95.8114	377
-127.676	-96.3111	378
-125.933	-67.9219	379
-98.1122	6.0178	380
-106.735	-25.3345	381
-96.401	-46.2525	382
-129.312	-10.1573	383
-111.63	-21.0725	384
-102.825	10.3631	385
-123.994	-58.9213	386
-115.034	-30.2736	387
-132.796	-20.5749	388
-84.4066	-91.0119	389
-91.9569	-93.0773	390
-91.327	-121.914	391
-94.7813	-54.4962	392
-92.2741	-83.7391	393
-85.4541	-76.7833	394
-106.316	-94.9559	395
-95.7402	-86.1336	396
-97.8777	-61.0861	397
-143.483	30.9606	398
-151.804	5.54205	399
-135.35	-7.32155	400
-169.442	27.5425	401
-156.717	9.80748	402
-148.695	34.4773	403
-169.466	-20.5032	404
-159.814	2.73437	405
-172.118	21.0884	406
-178.018	95.1307	407
-176.98	67.867	408
-163.475	77.9278	409
-188.146	54.3179	410
-180.149	64.393	411
-182.164	92.2477	412
-174.833	28.8468	413
-179.517	54.8073	414
-186.506	44.7037	415
-39.5074	-241.978	416
-58.1611	-218.839	417
-60.4114	-228.11	418
-55.221	-205.765	419
-57.0814	-215.173	420
-38.1419	-239.556	421
-77.5197	-180.34	422
-62.4452	-206.897	423
-61.0317	-195.25	424
-81.1047	102.019	425
-86.5997	64.9903	426
-78.6232	57.2103	427
-108.331	73.5097	428
-91.1905	68.134	429
-85.7954	103.669	430
-100.499	21.9896	431
-93.3199	55.9444	432
-110.405	62.1822	433
-129.915	108.315	434
-133.527	78.4809	435
-114.735	74.2842	436
-158.221	79.1565	437
-139.624	78.8795	438
-136.485	107.792	439
-146.581	42.5933	440
-141.089	70.0233	441
-158.692	70.4722	442
17.7048	-267.821	443
-3.449	-266.576	444
-7.46987	-271.642	445
0.112704	-259.411	446
-2.44269	-264.505	447
19.3656	-265.761	448
-31.6928	-246.072	449
-10.1526	-261.407	450
-7.64354	-255.856	451
-69.8839	189.505	452
-71.8964	159.618	453
-62.2012	157.158	454
-96.0389	160.358	455
-76.9944	159.625	456
-75.1546	189.95	457
-83.8747	114.961	458
-78.605	149.37	459
-97.2883	149.544	460
-124.138	185.645	461
-124.657	157.567	462
-103.184	159.945	463
-153.286	151.374	464
-131.761	156.855	465
-131.435	183.69	466
-135.483	118.064	467
-132.527	146.893	468
-153.776	142.61	469
-180.442	167.055	470
-178.832	140.729	471
-160.383	149.58	472
-195.346	131.636	473
-184.013	137.692	474
-186.004	163.478	475
-182.686	101.044	476
-183.502	129.163	477
-194.611	122.046	478
47.2799	-223.25	479
41.447	-245.57	480
37.3977	-249.134	481
46.8742	-241.668	482
43.2045	-244.121	483
48.8413	-221.6	484
25.393	-263.851	485
40.3367	-250.038	486
43.3321	-248.578	487
-72.0474	242.117	488
-71.2833	230.255	489
-59.5889	230.051	490
-96.2194	228.193	491
-76.7657	229.461	492
-78.4555	242.652	493
-75.3823	198.573	494
-76.4087	223.152	495
-96.0877	221.493	496
-128.85	234.965	497
-125.405	222.593	498
-102.909	227.238	499
-156.192	214.421	500
-133.43	221.446	501
-136.055	233.247	502
-131.772	192.571	503
-132.849	214.641	504
-155.765	208.555	505
-185.711	212.146	506
-183.927	202.765	507
-163.653	211.57	508
-202.466	192.94	509
-189.419	200.184	510
-190.513	209.335	511
-186.743	172.074	512
-189.08	193.696	513
-201.691	187.541	514
49.3288	-153.354	515
49.5211	-180.478	516
48.838	-187.652	517
51.3581	-175.738	518
49.7808	-178.319	519
48.6832	-150.91	520
49.5572	-213.452	521
50.0506	-187.166	522
52.062	-184.504	523
-51.9199	194.032	524
-60.5842	216.812	525
-48.4031	216.878	526
-89.7008	216.692	527
-67.5649	217.003	528
-57.6706	194.568	529
-76.6598	239.6	530
-69.635	223.383	531
-92.4438	223.247	532
-112.741	193.094	533
-122.086	212.259	534
-98.4226	216.566	535
-151.139	201.2	536
-130.19	210.085	537
-119.752	190.856	538
-136.927	230.541	539
-132.026	216.057	540
-154.206	207.467	541
-159.477	166.826	542
-173.015	186.817	543
-157.582	198.266	544
-186.64	176.689	545
-177.38	183.277	546
-163.415	163.104	547
-188.857	205.955	548
-180.639	189.802	549
-190.348	182.698	550
50.5937	-83.219	551
49.2659	-108.297	552
53.0838	-120.025	553
44.0346	-93.7944	554
47.7149	-104.741	555
48.354	-76.9823	556
48.3828	-141.164	557
47.7911	-113.43	558
44.5889	-104.905	559
-19.6256	123.76	560
-32.5976	150.527	561
-19.2634	140.956	562
-60.8179	160.462	563
-38.4461	153.277	564
-25.5386	128.785	565
-54.6152	186.99	566
-42.9379	162.017	567
-64.6044	167.279	568
-75.9463	141.186	569
-91.3818	160.002	570
-68.2612	161.308	571
-115.896	149.488	572
-97.7936	157.72	573
-82.7982	139.836	574
-115.46	184.115	575
-102.761	164.44	576
-120.588	155.481	577
-109.277	114.044	578
-130.716	132.9	579
-120.244	145.646	580
-137.344	120.468	581
-132.362	128.294	582
-110.701	109.874	583
-157.598	155.813	584
-139.536	135.208	585
-145.392	127.535	586
79.8449	-32.7734	587
64.0532	-49.7534	588
69.9339	-62.4245	589
53.268	-17.6203	590
61.538	-42.544	591
77.536	-27.1495	592
49.2489	-69.2754	593
57.2158	-48.7333	594
48.7895	-23.1402	595
57.3353	28.8862	596
40.143	21.4077	597
50.4496	-8.76738	598
23.0808	61.3579	599
36.2409	31.1652	600
53.8158	38.0692	601
21.0894	28.4229	602
31.248	30.1598	603
17.7812	62.1185	604
20.1671	88.4002	605
2.49795	94.4055	606
18.0785	71.048	607
-24.031	112.254	608
-3.80746	100.9	609
13.3577	93.2885	610
-21.3987	121.351	611
-8.52297	104.157	612
-28.4763	116.73	613
-33.1692	98.3094	614
-49.8587	113.804	615
-30.3749	113.672	616
-69.1878	104.872	617
-55.2998	112.067	618
-39.4291	97.7225	619
-76.968	133.875	620
-61.0278	117.854	621
-75.062	109.897	622
-48.1587	78.492	623
-71.4145	87.8888	624
-71.8865	101.557	625
-63.6031	74.7214	626
-69.1911	83.2483	627
-43.6903	73.8815	628
-102.786	104.14	629
-78.1071	88.1303	630
-73.668	79.005	631
137.147	-0.101025	632
114.115	-10.1984	633
118.6	-22.0424	634
106.044	14.8074	635
112.278	-5.09003	636
135.657	5.45815	637
83.8751	-21.8519	638
104.354	-9.17628	639
98.1485	11.2447	640
117.085	49.9885	641
93.565	43.642	642
103.1	22.6793	643
75.9753	68.5436	644
89.4516	50.5052	645
113.16	55.5168	646
60.3597	39.8542	647
81.6661	48.3332	648
68.6907	67.3711	649
73.9433	76.1349	650
52.297	82.5461	651
70.1331	73.6108	652
24.522	81.0227	653
45.2753	83.4085	654
67.6743	75.2655	655
20.1003	91.0189	656
38.6752	85.6256	657
17.4959	84.9097	658
19.0005	60.268	659
-5.22278	74.3581	660
16.8518	79.4918	661
-35.7439	72.4857	662
-11.9055	72.5923	663
11.1805	58.6727	664
-34.0067	92.3676	665
-18.4156	77.6939	666
-40.0821	76.8357	667
202.189	6.29383	668
178.599	9.57076	669
181.727	-1.86761	670
171.421	30.4609	671
177.259	14.1828	672
200.227	11.6345	673
143.98	8.05907	674
168.398	13.5328	675
162.556	30.3653	676
180.555	46.1502	677
157.449	52.0312	678
168.715	36.2693	679
137.575	62.7035	680
153.063	55.5714	681
175.608	49.204	682
120.567	56.5655	683
144.908	56.7743	684
129.869	65.4385	685
135.983	42.7721	686
113.584	57.7733	687
132.322	62.6793	688
88.4303	46.0795	689
107.415	55.3244	690
129.808	39.0742	691
75.2863	72.1014	692
99.0977	60.2295	693
80.5913	51.3246	694
90.2139	16.4143	695
63.3232	35.3294	696
82.5651	43.0785	697
46.7483	28.2345	698
57.5762	33.538	699
85.0856	14.6418	700
20.6002	53.8154	701
48.2418	38.8314	702
35.8145	34.539	703
233.032	-34.5617	704
230.241	-16.9484	705
230.538	-29.6536	706
225.212	6.81561	707
229.765	-11.5854	708
233.983	-28.109	709
207.861	8.48542	710
225.43	-5.08915	711
220.979	11.8213	712
217.696	0.503309	713
209.234	22.4464	714
222.727	11.476	715
188.681	24.3143	716
204.407	23.9633	717
212.569	3.17072	718
182.074	45.817	719
199.504	30.623	720
184.173	29.5899	721
186.77	-9.51731	722
169.64	10.0012	723
183.978	21.3889	724
151.901	-10.58	725
165.075	5.47204	726
183.656	-16.0503	727
138.041	32.6412	728
159.117	12.4196	729
144.133	-1.75195	730
149.695	-46.9399	731
129.939	-22.0838	732
146.946	-14.4605	733
115.704	-28.1381	734
124.601	-23.1954	735
145.343	-48.6502	736
93.18	8.05643	737
117.528	-14.5943	738
108.205	-20.4458	739
210.914	-64.3034	740
214.729	-39.0949	741
230.499	-38.8339	742
189.609	-22.3404	743
208.59	-35.6432	744
204.314	-61.021	745
213.565	-4.7062	746
210.476	-28.3157	747
192.964	-15.3674	748
210.85	-135.998	749
209.664	-109.368	750
221.126	-112.862	751
190.938	-98.5588	752
204.946	-107.697	753
206.76	-133.571	754
204.185	-70.7824	755
204.612	-98.1408	756
189.343	-89.5075	757
184.251	-116.359	758
174.202	-91.8442	759
186.675	-96.3764	760
165.095	-93.1116	761
170.812	-91.0137	762
182.26	-114.6	763
151.029	-56.6788	764
166.315	-82.1083	765
159.594	-84.6989	766
214.778	-186.416	767
212.5	-172.828	768
221.759	-175.387	769
201.113	-163.6	770
208.969	-171.615	771
212.246	-184.682	772
207.425	-141.963	773
208.187	-164.89	774
199.763	-157.736	775
208.411	-164.672	776
200.006	-151.951	777
200.219	-160.465	778
203.911	-144.72	779
200.56	-149.464	780
209.262	-161.348	781
185.861	-122.179	782
196.698	-142.868	783
200.14	-140.535	784
-181.133	-120.11	785
-181.308	-117.781	786
-184.677	-118.113	787
-187.648	-81.0108	788
-189.111	-75.8847	789
-192.11	-77.9551	790
-121.76	-147.425	791
-118.38	-147.518	792
-123.671	-140.287	793
-129.146	-131.56	794
-132.902	-123.488	795
-139.366	-121.848	796
-105.455	-66.1864	797
-108.139	-60.5789	798
-110.698	-68.0574	799
-102.802	-118.939	800
-102.38	-113.049	801
-106.07	-113.104	802
-146.045	-36.0442	803
-151.543	-30.4132	804
-155.584	-38.5781	805
-164.268	54.8756	806
-167.7	51.0113	807
-166.687	44.5394	808
-76.456	-206.239	809
-75.6611	-203.216	810
-80.9389	-195.305	811
-85.5396	14.3061	812
-86.6124	19.3908	813
-88.6147	5.76423	814
-120.882	42.7917	815
-126.816	45.5162	816
-129.425	35.0878	817
-28.5023	-260.762	818
-27.427	-259.219	819
-34.5482	-253.426	820
-67.5542	122.113	821
-68.8998	123.751	822
-70.8465	111.071	823
-106.895	128.314	824
-113.616	128.925	825
-114.88	117.983	826
-161.483	122.16	827
-167.447	119.167	828
-167.588	110.503	829
26.4725	-266.64	830
27.0296	-265.78	831
21.7417	-269.273	832
-58.4463	207.806	833
-60.9981	207.919	834
-61.026	198.644	835
-101.912	205.97	836
-109.556	204.499	837
-109.532	196.299	838
-161.889	191.761	839
-168.906	188.408	840
-168.304	181.127	841
46.2553	-211.993	842
46.8551	-209.889	843
46.02	-217.212	844
-55.7697	235.798	845
-58.1838	235.584	846
-60.6931	240.359	847
-104.302	233.382	848
-111.882	232.215	849
-113.264	236.097	850
-164.657	214.91	851
-171.476	211.364	852
-172.643	216.214	853
51.8654	-145.464	854
51.1879	-142.573	855
50.9785	-150.554	856
-31.3077	173.593	857
-34.7113	174.036	858
-37.8042	182.785	859
-81.2306	182.475	860
-88.5855	181.74	861
-92.7416	188.834	862
-136.402	165.577	863
-141.405	161.327	864
-145.903	167.754	865
59.502	-82.3593	866
58.0464	-79.1674	867
55.9625	-85.6354	868
38.6149	-21.1615	869
35.2082	-9.22094	870
33.9147	-13.4615	871
4.52144	79.7212	872
0.0501022	90.3462	873
-4.26154	99.3787	874
-45.2072	129.425	875
-52.7124	130.659	876
-56.9684	136.19	877
-89.9392	116.01	878
-92.4504	111.67	879
-99.4236	117.337	880
98.149	-35.0757	881
95.888	-32.6703	882
89.9558	-37.118	883
80.5616	11.6296	884
77.9453	19.0341	885
70.9338	16.0466	886
49.5468	70.82	887
44.1735	76.9796	888
38.0422	76.5216	889
-2.10044	91.8381	890
-9.11436	90.9865	891
-14.8455	95.4746	892
157.471	-5.69877	893
157.061	-2.61095	894
148.859	-5.38265	895
143.898	34.6564	896
141.247	40.4104	897
132.545	39.2404	898
108.747	70.8604	899
102.608	71.2798	900
94.8123	73.561	901
56.275	58.2597	902
49.92	55.8943	903
41.7269	60.7385	904
218.139	-12.1965	905
217.046	-8.92739	906
211.078	-5.17852	907
206.631	26.2354	908
202.653	31.5172	909
196.565	34.5888	910
166.394	39.58	911
161.492	37.0938	912
154.442	43.1153	913
123.459	10.0469	914
117.641	7.61975	915
109.436	14.9435	916
231.912	-18.2181	917
227.954	-18.7746	918
227.792	-10.9646	919
223.406	-84.5224	920
219.636	-84.8037	921
220.969	-75.8156	922
178.105	-66.3228	923
171.521	-65.0225	924
167.235	-55.5124	925
220.996	-155.473	926
218.213	-155.017	927
217.813	-146.809	928
195.391	-140.174	929
193.081	-137.049	930
191.492	-129.575	931
-146.549	-119.295	932
-152.886	-117.311	933
-151.836	-121.844	934
-160.322	-70.704	935
-159.063	-79.0548	936
-152.666	-76.6364	937
-188.296	-93.834	938
-185.521	-92.3695	939
-186.37	-87.1382	940
-160.504	-47.4343	941
-165.699	-54.3368	942
-162.448	-61.5053	943
-183.368	-19.2909	944
-181.549	-23.5187	945
-178.859	-15.9219	946
-199.99	-54.8257	947
-197.914	-52.3079	948
-199.71	-50.2632	949
-85.8378	-188.339	950
-90.9918	-181.159	951
-92.4793	-183.772	952
-83.0192	-139.327	953
-83.4135	-148.984	954
-79.4615	-157.258	955
-108.357	-126.821	956
-104.706	-130.961	957
-103.481	-125.443	958
-109.576	-114.759	959
-112.476	-116.22	960
-110.793	-122.502	961
-112.483	-75.0544	962
-113.44	-81.6408	963
-109.924	-82.9764	964
-145.279	-74.6328	965
-138.762	-75.3653	966
-137.763	-64.1944	967
-90.5301	-7.16999	968
-92.8119	-19.2919	969
-90.8197	-28.8889	970
-123.067	9.46328	971
-116.869	6.81218	972
-114.076	17.7783	973
-135.878	-54.0669	974
-133.164	-43.3259	975
-139.922	-40.7159	976
-82.6385	-117.932	977
-84.3751	-115.534	978
-83.8433	-127.059	979
-89.6551	-41.6693	980
-88.9285	-53.6633	981
-87.5785	-49.4217	982
-106.651	-81.4348	983
-103.134	-78.0265	984
-103.862	-71.8908	985
-132.099	25.3219	986
-134.763	16.1621	987
-129.102	12.8519	988
-164.393	38.3132	989
-160.561	33.677	990
-158.275	40.7816	991
-176.477	-6.85551	992
-173.948	0.218718	993
-176.801	8.642	994
-167.792	101.019	995
-167.915	92.608	996
-162.658	94.6351	997
-190.765	74.3339	998
-188.009	76.6803	999
-189.17	85.9058	1000
-179.029	17.5414	1001
-180.998	27.7845	1002
-182.759	23.4062	1003
-40.8458	-247.554	1004
-47.6922	-240.19	1005
-48.1701	-242.66	1006
-43.3034	-223.559	1007
-43.556	-225.673	1008
-36.7607	-233.964	1009
-75.3057	-168.167	1010
-71.2484	-178.178	1011
-70.9676	-173.87	1012
-73.11	98.9512	1013
-75.2786	85.6279	1014
-74.1803	83.3935	1015
-105.053	95.0434	1016
-98.6246	94.2345	1017
-97.0252	106.055	1018
-111.395	27.9026	1019
-108.91	39.1195	1020
-115.032	41.1299	1021
-116.359	107.835	1022
-117.757	96.7254	1023
-111.43	96.2977	1024
-156.726	96.8054	1025
-150.405	97.4037	1026
-149.685	107.036	1027
-156.609	47.3528	1028
-155.214	55.2653	1029
-160.122	55.8982	1030
15.6029	-271.675	1031
8.29648	-272.785	1032
7.63521	-274.041	1033
14.4669	-262.148	1034
14.7225	-263.285	1035
22.3997	-262.441	1036
-29.783	-241.317	1037
-22.983	-247.234	1038
-22.5021	-245.592	1039
-61.1039	189.257	1040
-61.6408	179.782	1041
-59.6257	179.25	1042
-94.7914	179.491	1043
-87.8697	179.846	1044
-87.734	189.658	1045
-95.5099	116.893	1046
-93.7195	128.441	1047
-100.374	128.588	1048
-109.254	187.901	1049
-109.034	178.299	1050
-101.93	179.457	1051
-153.462	169.71	1052
-146.184	171.268	1053
-146.413	180.3	1054
-149.033	115.848	1055
-148.285	125.712	1056
-155.263	123.655	1057
-167.811	172.873	1058
-167.286	163.965	1059
-160.73	166.745	1060
-197.252	149.325	1061
-194.12	150.209	1062
-195.039	159.184	1063
-189.962	95.444	1064
-190.407	105.408	1065
-193.408	103.928	1066
44.5432	-225.78	1067
43.1257	-232.86	1068
41.9127	-235.094	1069
50.875	-228.003	1070
50.1718	-227.397	1071
51.278	-219.643	1072
28.3298	-260.597	1073
34.4251	-257.173	1074
34.251	-257.272	1075
-62.6404	243.068	1076
-63.0936	240.762	1077
-59.9024	241.131	1078
-97.0068	238.644	1079
-90.7175	238.838	1080
-91.1156	241.411	1081
-87.7824	198.15	1082
-87.9164	207.148	1083
-95.1604	206.336	1084
-113.266	238.298	1085
-111.486	236.114	1086
-104.332	237.203	1087
-157.597	223.242	1088
-150.114	225.978	1089
-151.866	227.782	1090
-146.865	188.094	1091
-147.253	196.47	1092
-154.876	193.745	1093
-172.965	219.156	1094
-172.089	217.658	1095
-164.842	221.099	1096
-202.536	201.791	1097
-199.85	203.722	1098
-198.897	203.782	1099
-196.011	167.287	1100
-196.872	174.496	1101
-200.262	173.115	1102
50.6427	-159.073	1103
50.1064	-168.112	1104
50.4163	-170.275	1105
49.1068	-156.389	1106
48.9006	-155.624	1107
47.9284	-145.403	1108
51.6678	-210.476	1109
51.8412	-202.28	1110
52.7517	-202.956	1111
-41.6011	192.035	1112
-44.4776	200.287	1113
-41.7877	200.669	1114
-84.5042	203.573	1115
-75.976	203.063	1116
-72.6687	196.045	1117
-90.522	239.036	1118
-88.0486	234.514	1119
-96.3279	234.258	1120
-96.2194	195.567	1121
-100.459	202.453	1122
-92.0603	203.092	1123
-144.182	188.572	1124
-137.905	191.708	1125
-133.696	185.652	1126
-151.954	225.199	1127
-150.89	220.946	1128
-158.465	218.204	1129
-151.055	174.984	1130
-155.358	181.303	1131
-150.633	184.992	1132
-176.642	162.497	1133
-174.071	163.777	1134
-169.117	156.877	1135
-196.707	199.725	1136
-194.247	195.647	1137
-196.918	194.45	1138
54.4132	-93.0272	1139
53.3	-100.988	1140
54.5666	-103.691	1141
43.0048	-70.7759	1142
44.3202	-74.9894	1143
44.0301	-64.5491	1144
47.1668	-136.198	1145
46.5308	-125.951	1146
46.0756	-126.861	1147
-8.46606	110.399	1148
-13.6283	121.943	1149
-9.76254	116.771	1150
-51.3752	146.232	1151
-43.8193	143.846	1152
-39.559	137.018	1153
-68.5446	188.391	1154
-65.3244	181.2	1155
-72.6309	181.855	1156
-61.6898	142.131	1157
-66.953	148.712	1158
-59.4129	148.044	1159
-104.534	136.611	1160
-99.741	140.136	1161
-93.9004	134.321	1162
-129.052	178.579	1163
-125.056	172.173	1164
-130.599	168.957	1165
-105.572	123.276	1166
-112.498	129.072	1167
-109.025	133.13	1168
-121.376	107.564	1169
-119.939	108.879	1170
-112.009	102.86	1171
-162.865	149.621	1172
-157.125	142.9	1173
-158.773	141.335	1174
83.8932	-42.2998	1175
77.9881	-48.1597	1176
79.2614	-50.7636	1177
63.9054	-8.5507	1178
66.7755	-17.3591	1179
72.7816	-12.2458	1180
43.8887	-52.9762	1181
44.9977	-44.0405	1182
41.9495	-34.1514	1183
64.4428	11.8913	1184
58.0905	8.74795	1185
61.2998	-0.439213	1186
34.8492	61.8186	1187
38.878	53.5069	1188
45.6356	54.6554	1189
12.0028	56.3369	1190
14.5232	53.5972	1191
9.52723	66.987	1192
31.5368	76.674	1193
25.1283	77.2944	1194
29.9431	70.3765	1195
-13.3603	103.784	1196
-5.93488	101.905	1197
-0.298156	98.6491	1198
-35.6553	130.866	1199
-31.3738	124.715	1200
-38.0659	127.578	1201
-20.2842	99.88	1202
-26.505	104.817	1203
-19.5682	104.335	1204
-58.9676	96.9639	1205
-54.8557	99.2708	1206
-49.4575	94.6481	1207
-88.5427	128.984	1208
-82.313	123.08	1209
-86.8	120.063	1210
-53.606	86.9515	1211
-60.3104	89.5654	1212
-60.481	93.8156	1213
-40.4121	66.8076	1214
-45.0254	69.3141	1215
-33.8881	65.97	1216
-102.833	96.7897	1217
-94.2809	91.4296	1218
-94.0203	89.6571	1219
141.04	-8.75415	1220
133.128	-11.4918	1221
133.942	-14.2987	1222
121.642	20.9795	1223
123.441	14.7182	1224
130.807	17.3154	1225
79.401	-8.24684	1226
85.732	-3.68795	1227
83.8715	3.67116	1228
123.983	37.551	1229
116.349	35.1552	1230
119.202	28.5663	1231
90.5785	70.0965	1232
96.1266	65.1402	1233
103.333	65.9258	1234
52.4496	55.4024	1235
59.2952	57.7146	1236
54.3355	64.71	1237
87.5374	75.0734	1238
79.3632	76.3572	1239
85.6185	73.5308	1240
38.599	72.9751	1241
45.9675	75.4649	1242
53.3172	71.7916	1243
6.4122	95.1767	1244
11.9105	92.1708	1245
5.42558	92.1947	1246
32.821	64.6905	1247
25.0435	69.4767	1248
31.9834	71.2106	1249
-23.5799	63.4404	1250
-13.6047	61.9832	1251
-4.27247	57.5624	1252
-45.5642	90.4386	1253
-41.3495	85.6209	1254
-47.991	86.0823	1255
203.882	-2.16995	1256
196.754	-0.0784776	1257
196.99	-3.50609	1258
187.739	28.8469	1259
189.764	23.4812	1260
197.141	21.9581	1261
139.687	19.6635	1262
147.806	21.3737	1263
146.231	28.1766	1264
189.061	37.7436	1265
181.862	39.54	1266
184.764	34.6978	1267
152.08	55.7379	1268
157.239	55.9539	1269
164.809	51.5676	1270
111.583	66.0895	1271
119.271	65.8471	1272
114.51	68.7876	1273
147.951	48.1995	1274
140.116	52.9747	1275
146.163	54.6252	1276
105.268	34.1073	1277
110.972	37.8205	1278
118.559	31.8974	1279
62.0307	67.9281	1280
70.4383	63.9564	1281
63.6812	60.9604	1282
101.299	21.8838	1283
93.3215	28.6474	1284
98.7427	31.2576	1285
65.528	15.8269	1286
67.6906	17.6421	1287
76.5463	10.9834	1288
6.57196	52.3183	1289
18.0017	46.513	1290
13.3272	46.2998	1291
231.162	-48.1381	1292
232.681	-40.6833	1293
231.997	-45.5334	1294
231.663	-4.40225	1295
233.297	-10.5696	1296
234.041	-15.2645	1297
204.986	18.9585	1298
211.383	15.7089	1299
209.538	20.7825	1300
226.984	-3.71196	1301
224.998	3.2702	1302
229.191	-0.452288	1303
196.623	11.9473	1304
201.269	12.5576	1305
203.394	6.64154	1306
171.644	47.2307	1307
177.767	42.6201	1308
172.277	40.9703	1309
192.834	1.3701	1310
188.598	6.38126	1311
192.867	10.3896	1312
166.34	-28.3849	1313
170.135	-21.5157	1314
177.02	-30.0218	1315
126.219	25.0855	1316
134.332	18.2014	1317
128.674	13.5753	1318
161.492	-45.6393	1319
154.935	-35.6211	1320
160.939	-33.0316	1321
130.513	-44.5745	1322
132.033	-42.9111	1323
138.274	-50.5984	1324
85.6495	3.77085	1325
93.7062	-3.11949	1326
91.6968	-4.81954	1327
222.388	-66.4385	1328
223.411	-57.1317	1329
228.117	-53.9373	1330
184.007	-37.247	1331
191.427	-43.7887	1332
190.001	-52.2703	1333
204.071	-0.468655	1334
202.776	-6.76457	1335
198.212	-3.47823	1336
217.928	-138.975	1337
217.475	-130.108	1338
220.468	-131.095	1339
194.591	-117.465	1340
198.226	-120.393	1341
199.301	-129.21	1342
190.512	-62.8294	1343
191.467	-72.5662	1344
185.023	-69.1407	1345
189.497	-121.279	1346
187.129	-112.141	1347
190.82	-114.333	1348
174.69	-107.799	1349
175.402	-107.319	1350
179.765	-114.03	1351
144.72	-59.4575	1352
150.327	-67.4623	1353
149.218	-69.2821	1354
220.482	-188.429	1355
219.578	-185.012	1356
222.232	-185.633	1357
204.618	-173.487	1358
205.707	-176.925	1359
207.443	-180.264	1360
199.891	-137.289	1361
200.532	-145.839	1362
197.976	-142.48	1363
206.204	-170.323	1364
204.209	-166.982	1365
204.316	-170.933	1366
210.986	-153.062	1367
209.445	-154.048	1368
211.476	-156.539	1369
184.449	-120.984	1370
189.4	-127.978	1371
189.923	-128.353	1372
-171.736	-116.635	1373
-177.185	-116.651	1374
-176.938	-119.683	1375
-178.531	-107.805	1376
-177.477	-112.502	1377
-173.049	-111.97	1378
-185.268	-113.967	1379
-182.381	-113.711	1380
-182.541	-108.267	1381
-181.237	-69.1088	1382
-185.457	-72.4026	1383
-183.924	-78.872	1384
-189.343	-61.382	1385
-187.214	-67.1699	1386
-183.294	-62.6587	1387
-193.695	-72.6077	1388
-190.868	-69.7899	1389
-192.769	-65.2616	1390
-107.263	-161.305	1391
-112.623	-155.172	1392
-115.757	-155.307	1393
-107.221	-148.864	1394
-109.793	-152.541	1395
-104.409	-158.903	1396
-119.894	-138.996	1397
-114.744	-146.615	1398
-111.806	-143.627	1399
-123.319	-122.013	1400
-127.83	-122.773	1401
-124.168	-131.691	1402
-132.192	-104.893	1403
-130.246	-114.472	1404
-125.631	-113.243	1405
-142.222	-113.418	1406
-136.153	-114.065	1407
-137.699	-105.274	1408
-102.132	-45.913	1409
-105.161	-54.0162	1410
-102.783	-59.6359	1411
-113.277	-44.2558	1412
-108.729	-48.1096	1413
-105.558	-40.24	1414
-114.629	-64.1355	1415
-111.776	-56.6172	1416
-116.418	-52.476	1417
-94.966	-112.872	1418
-98.8164	-112.312	1419
-99.0956	-120.291	1420
-98.8421	-96.9221	1421
-98.6422	-105.151	1422
-95.1992	-103.741	1423
-106.296	-107.523	1424
-102.64	-105.817	1425
-102.54	-99.3271	1426
-144.339	-12.3903	1427
-147.851	-21.0685	1428
-142.66	-25.958	1429
-158.22	-10.738	1430
-152.954	-16.3548	1431
-149.675	-7.24882	1432
-160.642	-32.589	1433
-156.671	-24.0938	1434
-161.678	-19.1328	1435
-168.553	66.5291	1436
-168.235	59.1101	1437
-164.414	61.6036	1438
-175.237	51.0178	1439
-171.821	54.7348	1440
-172.459	63.4157	1441
-169.558	40.0871	1442
-170.98	47.3922	1443
-174.048	42.254	1444
-65.5809	-217.763	1445
-70.5335	-210.674	1446
-71.1754	-213.75	1447
-68.9355	-202.522	1448
-70.0355	-206.297	1449
-64.388	-214.828	1450
-80.0403	-190.957	1451
-74.8512	-198.957	1452
-74.1233	-193.948	1453
-82.2668	46.2316	1454
-84.5646	33.3366	1455
-83.4334	28.9172	1456
-91.14	41.2749	1457
-86.8637	37.1527	1458
-84.979	50.2202	1459
-91.3029	12.0309	1460
-89.1427	25.0449	1461
-93.2271	28.8963	1462
-122.859	65.8123	1463
-124.775	55.0761	1464
-118.893	53.6523	1465
-136.755	58.7575	1466
-130.656	57.5223	1467
-128.954	66.9232	1468
-135.443	38.2383	1469
-132.836	47.3445	1470
-138.762	49.8545	1471
-13.2531	-267.649	1472
-20.0887	-264.119	1473
-21.5267	-265.409	1474
-18.7326	-259.482	1475
-19.2575	-262.076	1476
-11.6985	-265.443	1477
-33.1357	-251.771	1478
-26.5536	-257.076	1479
-25.4477	-255.006	1480
-65.6563	147.259	1481
-67.2804	135.193	1482
-65.7225	134.277	1483
-75.1319	136.961	1484
-70.4784	136.695	1485
-69.0091	147.678	1486
-74.7231	112.812	1487
-72.3687	124.479	1488
-76.9928	125.863	1489
-111.295	149.151	1490
-112.217	139.315	1491
-105.584	138.895	1492
-126.49	138.475	1493
-119.132	138.588	1494
-118.318	149.1	1495
-121.81	118.106	1496
-120.437	128.85	1497
-127.561	127.969	1498
-167.168	137.472	1499
-167.321	128.85	1500
-161.21	131.318	1501
-178.463	123.26	1502
-173.157	125.684	1503
-173.096	135.163	1504
-173.206	107.833	1505
-173.271	116.506	1506
-178.488	113.572	1507
35.3369	-254.663	1508
31.9429	-260.464	1509
30.6531	-262.197	1510
34.9168	-257.528	1511
33.0066	-259.448	1512
36.9983	-253.063	1513
22.7778	-267.829	1514
28.6744	-263.955	1515
29.5665	-262.494	1516
-61.6939	223.206	1517
-61.1842	216.095	1518
-58.7496	216.192	1519
-70.1072	215.514	1520
-65.0854	216.076	1521
-65.9782	223.106	1522
-65.0655	199.203	1523
-64.8534	207.47	1524
-69.7043	207.843	1525
-110.269	219.561	1526
-109.778	212.575	1527
-103.027	213.584	1528
-124.842	210.032	1529
-117.247	210.979	1530
-117.967	218.499	1531
-117.153	195.091	1532
-117.019	203.781	1533
-124.725	201.927	1534
-170.318	202.723	1535
-169.553	195.599	1536
-162.699	198.967	1537
-182.41	190.264	1538
-176.214	192.667	1539
-177.028	199.896	1540
-175.16	177.591	1541
-175.486	185.83	1542
-181.836	182.417	1543
48.4031	-192.891	1544
47.6833	-201.653	1545
47.2674	-203.509	1546
49.2925	-198.959	1547
48.3404	-199.832	1548
48.8577	-190.93	1549
46.8859	-216.748	1550
47.7938	-207.678	1551
48.8975	-206.765	1552
-53.5764	223.34	1553
-56.6892	230.205	1554
-53.4452	230.676	1555
-66.2168	229.793	1556
-60.3129	229.552	1557
-58.3659	223.626	1558
-65.1249	239.86	1559
-63.0435	235.528	1560
-68.2697	234.894	1561
-108.634	221.526	1562
-111	227.232	1563
-102.24	228.349	1564
-127.094	223.81	1565
-118.659	225.597	1566
-117.28	220.185	1567
-120.707	234.852	1568
-120.576	230.65	1569
-128.018	228.752	1570
-166.357	200.563	1571
-169.437	206.295	1572
-162.771	209.918	1573
-179.677	199.117	1574
-174.42	202.581	1575
-172.024	196.882	1576
-178.772	212.784	1577
-176.81	208.18	1578
-181.764	204.185	1579
51.6941	-125.436	1580
51.447	-133.393	1581
52.2685	-136.34	1582
49.1892	-126.347	1583
50.3503	-130.373	1584
50.4893	-121.207	1585
50.2582	-148.163	1586
50.3027	-138.722	1587
49.268	-135.991	1588
-26.6733	153.97	1589
-30.3548	163.831	1590
-27.388	163.488	1591
-40.248	167.987	1592
-35.1284	165.926	1593
-30.7249	156.088	1594
-42.5359	184.352	1595
-38.5619	174.894	1596
-44.4464	177.091	1597
-80.79	168.427	1598
-84.6489	174.851	1599
-77.219	175.494	1600
-99.741	172.653	1601
-92.8247	174.228	1602
-88.0674	167.443	1603
-100.589	187.823	1604
-96.3804	180.733	1605
-104.391	179.648	1606
-130.584	148.009	1607
-135.778	154.625	1608
-131.605	158.999	1609
-142.966	146.004	1610
-140.023	150.374	1611
-133.601	143.737	1612
-150.693	164.106	1613
-145.093	156.852	1614
-149.191	153.231	1615
64.261	-65.6511	1616
60.8158	-71.5338	1617
62.3435	-75.436	1618
56.2631	-60.7493	1619
58.5984	-67.4894	1620
62.1346	-60.5898	1621
53.838	-81.6608	1622
55.9266	-73.872	1623
53.6215	-68.0496	1624
42.4267	-2.07597	1625
38.3971	-6.00526	1626
41.6293	-16.6664	1627
31.1228	17.0112	1628
34.7549	6.06173	1629
39.1148	7.93878	1630
29.9127	0.298293	1631
31.5045	3.62103	1632
27.7407	15.5084	1633
8.3908	81.0819	1634
3.53878	84.9644	1635
8.50614	74.6795	1636
-7.41503	102.17	1637
-1.39125	93.6452	1638
2.82329	90.1426	1639
-9.40756	108.169	1640
-5.13537	99.8501	1641
-10.9923	107.781	1642
-42.6413	119.755	1643
-47.3608	124.828	1644
-40.8556	124.269	1645
-60.2493	124.152	1646
-54.4511	125.08	1647
-48.6494	119.482	1648
-63.9974	136.507	1649
-58.9553	130.324	1650
-65.9396	129.99	1651
-79.3348	101.533	1652
-85.7217	106.383	1653
-83.7412	110.872	1654
-86.5845	97.2278	1655
-86.5326	101.649	1656
-79.745	97.0155	1657
-100.776	112.986	1658
-94.1032	107.207	1659
-94.6714	102.798	1660
109.598	-23.4536	1661
102.914	-28.313	1662
104.807	-30.4541	1663
99.3383	-18.7832	1664
100.424	-23.8383	1665
108.266	-19.3559	1666
87.7233	-33.4371	1667
94.2061	-28.3421	1668
91.8905	-23.3585	1669
92.9709	26.3594	1670
85.1481	22.4847	1671
88.1042	15.4891	1672
78.6174	37.7294	1673
81.88	30.6902	1674
89.2572	33.222	1675
67.7411	24.3445	1676
74.7068	26.7977	1677
71.1061	35.258	1678
57.3741	77.6253	1679
51.1735	77.1928	1680
56.7031	71.9285	1681
39.0601	85.0643	1682
44.7026	81.8823	1683
51.9734	81.2297	1684
32.0147	82.3874	1685
38.7858	81.8758	1686
32.2568	86.2998	1687
2.99695	82.0744	1688
-2.88303	86.3368	1689
3.85278	87.6735	1690
-16.7925	83.6337	1691
-10.5421	85.2696	1692
-3.9379	80.4864	1693
-21.5958	94.7098	1694
-15.4351	89.694	1695
-22.6906	88.7555	1696
172.889	0.658633	1697
165.378	-0.932665	1698
165.435	-3.67482	1699
161.952	7.82061	1700
163.32	2.28211	1701
171.78	4.00663	1702
146.98	-1.66223	1703
155.453	0.870856	1704
154.239	5.27888	1705
157.678	41.8499	1706
149.011	41.5788	1707
152.475	35.1425	1708
141.196	52.4887	1709
145.849	47.0599	1710
153.582	47.4378	1711
129.44	45.1413	1712
137.046	46.4364	1713
133.47	52.0166	1714
118.364	65.4522	1715
110.818	68.6287	1716
116.3	68.8832	1717
98.1412	66.3007	1718
104.282	67.7623	1719
112.091	64.1182	1720
88.4544	73.84	1721
96.9339	70.9383	1722
89.8601	70.0036	1723
66.8624	45.9528	1724
58.511	51.0539	1725
64.8536	53.5593	1726
45.5223	46.1427	1727
51.4723	48.4125	1728
60.8186	43.1379	1729
34.5007	58.1442	1730
43.3027	53.3046	1731
36.1121	51.1378	1732
227.208	-19.8545	1733
223.082	-14.4606	1734
223.645	-17.2605	1735
221.39	-5.03505	1736
222.057	-9.87517	1737
227.116	-16.17	1738
210.433	-0.806584	1739
216.722	-5.27115	1740
215.909	-0.609299	1741
214.049	22.1843	1742
209.096	26.8039	1743
212.452	22.4703	1744
199.951	33.8334	1745
204.412	31.1771	1746
210.048	25.4435	1747
192.59	38.8991	1748
198.551	35.6601	1749
193.697	38.94	1750
173.361	24.9485	1751
166.939	31.3816	1752
173.286	33.8064	1753
156.708	24.1576	1754
162.101	27.8906	1755
167.771	21.7314	1756
148.985	40.1197	1757
155.705	34.5745	1758
150.608	30.2051	1759
132.734	-9.2947	1760
125.42	-0.84273	1761
131.343	1.82814	1762
114.006	-5.54007	1763
119.778	-3.30787	1764
127.368	-11.5394	1765
103.797	12.6795	1766
111.796	4.62232	1767
106.525	2.44514	1768
226.814	-33.7251	1769
227.212	-25.644	1770
231.724	-24.5128	1771
217.412	-22.784	1772
222.628	-25.4791	1773
221.543	-32.8481	1774
223.464	-9.94638	1775
223.173	-17.2334	1776
218.454	-15.5292	1777
218.367	-103.98	1778
218.787	-94.2658	1779
222.436	-94.4552	1780
209.518	-91.8202	1781
214.299	-93.2951	1782
214.28	-102.836	1783
215.877	-74.9044	1784
215.006	-84.611	1785
209.616	-82.1629	1786
178.953	-84.3825	1787
175.714	-75.2559	1788
181.168	-76.2332	1789
165.64	-73.8416	1790
170.272	-74.1698	1791
174.381	-83.8819	1792
161.039	-55.7652	1793
165.78	-64.7112	1794
161.041	-65.2738	1795
218.809	-168.888	1796
218.492	-162.412	1797
221.425	-162.758	1798
211.541	-159.508	1799
215.026	-161.511	1800
215.438	-168.044	1801
214.8	-146.108	1802
214.772	-153.614	1803
211.321	-152.228	1804
197.29	-151.762	1805
194.988	-144.446	1806
197.004	-147.244	1807
193.26	-139.069	1808
193.747	-142.184	1809
196.434	-148.35	1810
189.063	-126.984	1811
191.118	-134.358	1812
190.243	-132.383	1813
-156.251	-104.163	1814
-155.066	-110.913	1815
-149.02	-111.818	1816
-167.735	-111.435	1817
-161.094	-111.165	1818
-162.481	-104.201	1819
-159.135	-120.363	1820
-159.655	-116.647	1821
-166.385	-115.889	1822
-171.169	-85.5445	1823
-165.253	-82.8449	1824
-166.703	-74.5806	1825
-163.362	-97.7861	1826
-164.311	-89.9537	1827
-170.231	-91.9983	1828
-152.027	-86.435	1829
-158.266	-88.3083	1830
-157.399	-95.997	1831
-183.456	-104.049	1832
-184.534	-98.0077	1833
-187.533	-99.3203	1834
-175.46	-94.5636	1835
-180.154	-96.0711	1836
-179.533	-102.171	1837
-182.67	-84.2298	1838
-181.316	-90.6999	1839
-176.463	-87.6312	1840
-172.996	-41.0355	1841
-169.401	-47.3853	1842
-164.993	-39.9203	1843
-178.829	-58.0134	1844
-173.937	-53.5759	1845
-176.964	-46.9124	1846
-168.582	-67.4508	1847
-171.081	-59.686	1848
-176.42	-64.7715	1849
-187.926	-37.2955	1850
-184.691	-31.5137	1851
-186.361	-27.3193	1852
-179.802	-41.6473	1853
-182.388	-35.769	1854
-185.951	-42.125	1855
-176.151	-21.8482	1856
-179.19	-28.8236	1857
-176.202	-34.4963	1858
-194.573	-60.4988	1859
-196.275	-55.5165	1860
-198.727	-58.3734	1861
-189.516	-46.9066	1862
-192.973	-52.2001	1863
-191.239	-56.3866	1864
-196.83	-45.6346	1865
-194.959	-47.8439	1866
-191.44	-43.3869	1867
-87.7507	-171.381	1868
-89.6165	-176.411	1869
-84.8837	-183.525	1870
-99.5618	-164.065	1871
-94.206	-170.379	1872
-92.6151	-164.515	1873
-97.8648	-177.264	1874
-96.4674	-173.993	1875
-101.66	-168.157	1876
-92.0379	-139.484	1877
-87.4382	-143.6	1878
-87.2895	-133.693	1879
-90.3518	-158.895	1880
-88.6448	-151.41	1881
-93.0726	-147.503	1882
-80.3345	-165.368	1883
-84.1628	-158.135	1884
-86.1406	-164.679	1885
-109.226	-139.722	1886
-106.808	-135.232	1887
-110.521	-130.927	1888
-97.9392	-143.153	1889
-102.28	-139.61	1890
-104.873	-144.113	1891
-99.7291	-127.235	1892
-100.848	-133.226	1893
-96.3731	-136.984	1894
-113.999	-103.399	1895
-113.524	-109.723	1896
-110.305	-108.539	1897
-121.392	-112.182	1898
-117.17	-111.362	1899
-118.174	-103.411	1900
-113.896	-124.675	1901
-115.837	-117.939	1902
-119.466	-120.344	1903
-122.241	-78.9829	1904
-117.54	-80.5474	1905
-116.588	-72.039	1906
-118.33	-96.2699	1907
-118.212	-87.9683	1908
-122.768	-88.0221	1909
-110.143	-89.5304	1910
-114.015	-89.2054	1911
-114.226	-95.869	1912
-138.665	-95.6958	1913
-139.269	-85.2417	1914
-145.132	-85.0989	1915
-127.823	-86.7537	1916
-133.042	-86.2122	1917
-133.076	-95.3918	1918
-131.573	-66.2294	1919
-132.744	-75.8134	1920
-127.115	-77.9857	1921
-100.679	-5.46994	1922
-96.1356	-11.4196	1923
-93.7875	0.283256	1924
-102.279	-31.2797	1925
-99.0558	-21.246	1926
-103.565	-15.3501	1927
-93.5033	-37.918	1928
-95.5891	-29.2875	1929
-98.9585	-37.6759	1930
-123.201	-13.6166	1931
-120.049	-3.11534	1932
-126.144	-0.750179	1933
-108.512	-10.9129	1934
-113.967	-6.70517	1935
-117.269	-16.3427	1936
-108.332	14.2442	1937
-111.145	4.18702	1938
-105.73	-0.022438	1939
-121.548	-49.2235	1940
-126.972	-46.4332	1941
-129.84	-55.7225	1942
-120.532	-26.7821	1943
-123.878	-36.2021	1944
-118.343	-40.3933	1945
-136.565	-30.4398	1946
-129.968	-33.8364	1947
-126.687	-23.1425	1948
-86.0283	-91.1574	1949
-85.4086	-102.957	1950
-83.5813	-104.738	1951
-91.6266	-103.394	1952
-88.0735	-102.762	1953
-88.8104	-91.4276	1954
-87.2662	-123.992	1955
-87.7585	-112.94	1956
-91.4712	-112.416	1957
-93.7189	-64.3083	1958
-90.9897	-58.7285	1959
-91.9637	-48.6158	1960
-89.4342	-81.0652	1961
-90.1468	-70.0971	1962
-93.1403	-73.4907	1963
-86.6339	-63.5448	1964
-88.0869	-66.055	1965
-87.1403	-78.4042	1966
-102.586	-92.314	1967
-102.884	-84.9642	1968
-106.477	-87.8084	1969
-96.1009	-77.8924	1970
-99.241	-81.3088	1971
-99.0455	-89.7707	1972
-101.032	-66.4798	1973
-99.7671	-74.1541	1974
-96.8886	-68.8096	1975
-146.033	22.5305	1976
-140.44	18.9906	1977
-137.968	28.8284	1978
-146.59	0.918728	1979
-143.251	10.2856	1980
-148.809	13.3828	1981
-132.2	2.89695	1982
-137.815	6.02127	1983
-141.176	-2.72714	1984
-165.844	20.748	1985
-163.179	27.6783	1986
-167.021	33.3985	1987
-153.891	18.0296	1988
-158.619	22.1875	1989
-161.433	15.6035	1990
-153.912	37.0888	1991
-156.113	30.0689	1992
-151.259	25.6019	1993
-166.292	-12.5536	1994
-170.272	-6.73838	1995
-173.239	-13.6405	1996
-164.399	7.95566	1997
-167.216	1.10386	1998
-163.108	-5.48781	1999
-174.655	14.8202	2000
-171.261	7.33454	2001
-168.507	14.6762	2002
-177.664	86.4247	2003
-173.079	89.0706	2004
-173.212	98.6022	2005
-173.047	71.4819	2006
-172.873	80.6504	2007
-177.324	76.8137	2008
-163.231	85.9822	2009
-168.175	83.7834	2010
-168.609	74.7097	2011
-185.854	57.0775	2012
-187.233	66.479	2013
-189.609	64.3137	2014
-181.116	73.1751	2015
-184.103	70.0084	2016
-183.417	60.061	2017
-185.971	89.0179	2018
-185.126	79.0054	2019
-181.596	82.8991	2020
-176.796	37.6774	2021
-179.081	31.9907	2022
-177.088	23.6077	2023
-182.303	50.5752	2024
-180.671	41.6451	2025
-178.345	45.8163	2026
-184.879	34.4375	2027
-182.958	37.4639	2028
-184.632	46.7355	2029
-45.5857	-235.255	2030
-46.3396	-238.226	2031
-40.3013	-244.782	2032
-58.6294	-222.851	2033
-52.9032	-230.231	2034
-52.0763	-227.061	2035
-54.6254	-235.273	2036
-53.7202	-233.324	2037
-59.9453	-225.385	2038
-55.3629	-208.512	2039
-49.7335	-217.126	2040
-49.3588	-215.178	2041
-51.0329	-223.719	2042
-50.0612	-220.387	2043
-55.7733	-212.034	2044
-37.4477	-236.42	2045
-43.5393	-229.145	2046
-44.5073	-232.179	2047
-73.0048	-188.961	2048
-71.9344	-183.51	2049
-76.1117	-174.807	2050
-61.8452	-202.338	2051
-66.8118	-193.328	2052
-68.1247	-197.687	2053
-66.1324	-185.178	2054
-66.4534	-188.376	2055
-60.96	-198.861	2056
-82.9046	89.3473	2057
-78.8712	87.9368	2058
-76.8953	100.442	2059
-82.781	62.8527	2060
-80.5308	74.9828	2061
-84.8087	77.5705	2062
-76.5546	70.1468	2063
-77.7849	72.9939	2064
-79.9447	59.4677	2065
-102.202	71.6844	2066
-100.523	83.3289	2067
-106.762	83.9625	2068
-89.4192	79.4307	2069
-94.4895	81.5291	2070
-96.3724	70.4489	2071
-91.1547	104.743	2072
-92.8415	93.5999	2073
-87.5605	91.7876	2074
-98.16	32.7376	2075
-103.283	36.1323	2076
-105.959	25.5106	2077
-98.4276	58.5694	2078
-100.82	47.7677	2079
-95.866	44.7039	2080
-112.846	51.7854	2081
-106.607	49.4649	2082
-104.319	61.0273	2083
-130.815	98.2808	2084
-124.219	97.399	2085
-123.286	108.173	2086
-127.236	77.0009	2087
-125.518	87.6166	2088
-132.11	87.8269	2089
-113.101	85.4667	2090
-119.195	86.1758	2091
-121.004	76.2201	2092
-152.077	79.5505	2093
-151.252	88.8146	2094
-157.644	87.5998	2095
-138.536	88.855	2096
-144.937	88.6315	2097
-145.878	79.9474	2098
-143.268	107.852	2099
-144.153	97.8396	2100
-137.428	98.0621	2101
-144.657	51.8103	2102
-150.051	53.1757	2103
-151.92	45.3772	2104
-147.095	70.5009	2105
-148.384	62.1981	2106
-142.819	60.3104	2107
-159.851	62.6136	2108
-154.2	62.6594	2109
-152.989	71.4564	2110
10.9446	-268.727	2111
9.63739	-270.944	2112
16.8369	-269.933	2113
-4.77221	-268.531	2114
3.17807	-270.297	2115
3.3444	-268.326	2116
-0.218576	-273.336	2117
1.35309	-272.21	2118
-5.40075	-270.36	2119
-0.261355	-260.763	2120
7.46996	-262.76	2121
7.60611	-261.438	2122
4.4926	-266.275	2123
6.02488	-264.361	2124
-0.899224	-262.559	2125
20.2828	-264.149	2126
13.7745	-264.922	2127
12.5126	-266.71	2128
-24.6677	-252.202	2129
-23.2019	-250.186	2130
-30.634	-243.523	2131
-8.8144	-259.296	2132
-16.2623	-254.766	2133
-17.2721	-257.505	2134
-14.9536	-251.312	2135
-15.2519	-253.041	2136
-7.17585	-257.774	2137
-70.2667	180.254	2138
-65.3883	179.661	2139
-65.1855	189.904	2140
-67.4707	158.746	2141
-66.1677	169.867	2142
-70.9275	169.684	2143
-60.9597	168.185	2144
-62.8418	168.916	2145
-64.0786	158.523	2146
-89.2934	160.027	2147
-88.489	170.562	2148
-95.3548	169.894	2149
-76.2113	170.409	2150
-81.8971	170.158	2151
-82.8847	160.42	2152
-81.3526	189.41	2153
-81.4503	180.416	2154
-75.5802	179.935	2155
-82.0396	126.583	2156
-87.5655	127.538	2157
-89.459	116.693	2158
-84.2247	149.458	2159
-85.7938	139.073	2160
-80.2756	138.352	2161
-98.9328	139.368	2162
-92.1649	138.884	2163
-90.5982	150.065	2164
-123.822	176.696	2165
-116.515	177.846	2166
-116.86	186.44	2167
-117.494	158.901	2168
-116.715	168	2169
-123.993	167.034	2170
-102.466	169.878	2171
-109.464	169.204	2172
-110.329	159.06	2173
-146.201	153.73	2174
-145.974	162.397	2175
-153.347	160.896	2176
-131.258	166.167	2177
-138.587	164.598	2178
-139.032	154.95	2179
-138.978	182.23	2180
-138.724	173.08	2181
-131.226	174.801	2182
-134.627	127.4	2183
-141.372	126.985	2184
-142.372	116.93	2185
-139.635	146.055	2186
-140.392	136.101	2187
-133.581	137.659	2188
-154.698	132.946	2189
-147.439	135.134	2190
-146.786	143.999	2191
-179.83	158.237	2192
-173.686	161.464	2193
-174.573	169.368	2194
-173.086	144.086	2195
-173.193	152.426	2196
-179.11	150.099	2197
-160.487	158.057	2198
-167.014	155.811	2199
-167.037	146.47	2200
-192.445	132.566	2201
-193.236	142.018	2202
-196.359	140.539	2203
-184.52	146.512	2204
-189.193	143.605	2205
-188.394	135.211	2206
-191.113	160.783	2207
-190.003	152.742	2208
-185.195	155.633	2209
-183.107	110.906	2210
-187.035	107.309	2211
-186.614	98.4068	2212
-187.916	125.728	2213
-187.259	117.086	2214
-183.467	119.658	2215
-194.083	113.384	2216
-191.192	114.401	2217
-191.597	123.988	2218
46.1028	-230.588	2219
44.2781	-232.487	2220
45.9017	-224.254	2221
40.0876	-246.495	2222
42.4534	-239.392	2223
43.947	-238.554	2224
39.7523	-242.622	2225
41.1075	-240.241	2226
38.3909	-247.923	2227
46.225	-241.525	2228
48.7066	-234.294	2229
49.1781	-235.53	2230
45.8034	-236.784	2231
47.1515	-235.925	2232
45.0147	-242.328	2233
49.9325	-220.943	2234
48.9599	-228.16	2235
47.4229	-229.811	2236
31.4211	-260.229	2237
32.7216	-258.706	2238
27.3173	-261.827	2239
41.6238	-249.083	2240
38.0742	-254.013	2241
36.0004	-256.091	2242
39.0638	-253.805	2243
38.8722	-253.526	2244
43.2998	-247.401	2245
-72.4023	240.544	2246
-67.4233	240.04	2247
-67.0415	242.699	2248
-66.5231	229.882	2249
-66.8168	236.116	2250
-71.8803	235.659	2251
-60.3292	236.503	2252
-62.9129	235.762	2253
-62.4546	230.461	2254
-89.3769	228.612	2255
-89.9451	234.614	2256
-97.0015	233.466	2257
-77.417	235.844	2258
-83.4714	234.721	2259
-82.8036	229.461	2260
-84.474	241.854	2261
-84.3201	239.766	2262
-78.1185	239.807	2263
-75.5127	207.187	2264
-81.559	206.857	2265
-81.4388	198.853	2266
-82.4281	222.301	2267
-81.7527	215.348	2268
-75.8339	215.697	2269
-95.8601	214.281	2270
-88.4792	214.731	2271
-88.9457	222.427	2272
-126.741	232.648	2273
-119.443	234.367	2274
-120.984	236.754	2275
-117.997	224.494	2276
-118.626	229.837	2277
-125.989	228.302	2278
-103.869	232.801	2279
-110.577	231.739	2280
-110.103	225.844	2281
-148.937	216.702	2282
-149.225	222.266	2283
-157.082	219.29	2284
-133.531	226.77	2285
-141.622	224.199	2286
-141.072	219.223	2287
-144.347	230.46	2288
-142.332	228.595	2289
-134.807	230.689	2290
-132.274	200.275	2291
-139.596	198.662	2292
-139.431	190.146	2293
-140.625	212.916	2294
-139.996	205.724	2295
-132.363	208.316	2296
-155.541	201.211	2297
-147.547	203.963	2298
-148.288	210.44	2299
-184.587	212.012	2300
-178.694	214.748	2301
-179.414	215.982	2302
-177.518	206.021	2303
-178.251	210.671	2304
-184.612	207.841	2305
-164.615	216.663	2306
-171.503	214.18	2307
-171.015	208.678	2308
-199.092	194.888	2309
-199.804	199.703	2310
-202.603	198.384	2311
-190.169	205.236	2312
-195.247	202.36	2313
-194.952	196.693	2314
-195.031	206.229	2315
-195.609	206.448	2316
-190.795	208.616	2317
-187.611	179.571	2318
-192.457	177.123	2319
-192.02	168.856	2320
-194.019	191.115	2321
-193.264	183.986	2322
-188.15	187.419	2323
-201.128	180.439	2324
-197.576	182.365	2325
-198.565	188.416	2326
49.3729	-162.934	2327
49.7723	-164.874	2328
50.0957	-156.846	2329
49.2101	-182.117	2330
49.4189	-174.043	2331
49.4754	-171.222	2332
49.6891	-178.739	2333
49.5326	-176.196	2334
48.9349	-185.157	2335
50.7448	-173.903	2336
49.9661	-165.021	2337
50.4068	-166.472	2338
49.385	-168.673	2339
49.4128	-166.796	2340
50.1226	-175.959	2341
48.1666	-148.106	2342
48.7202	-157.036	2343
49.0071	-160.031	2344
49.986	-205.018	2345
50.9007	-203.79	2346
50.7029	-211.915	2347
50.652	-186.092	2348
50.899	-194.48	2349
50.0103	-196.128	2350
52.5518	-193.603	2351
51.6948	-192.853	2352
51.3192	-183.991	2353
-54.6445	201.957	2354
-49.3997	201.216	2355
-45.6523	193.01	2356
-55.3824	216.612	2357
-51.9778	208.983	2358
-58.3054	209.687	2359
-45.2891	209.292	2360
-47.617	208.356	2361
-50.8217	216.561	2362
-82.0112	216.982	2363
-79.1397	210.04	2364
-87.7083	210.434	2365
-64.4884	209.847	2366
-72.008	210.126	2367
-74.0022	216.743	2368
-65.0826	195.522	2369
-68.3504	202.67	2370
-61.8237	202.68	2371
-74.1439	235.047	2372
-81.3183	234.892	2373
-83.3699	239.271	2374
-77.0487	223.501	2375
-78.961	229.371	2376
-72.7329	229.759	2377
-94.3539	229.077	2378
-86.9063	229.353	2379
-84.0269	223.211	2380
-116.12	199.511	2381
-108.545	201.207	2382
-104.202	194.473	2383
-114.431	214.137	2384
-111.345	207.508	2385
-119.89	206.132	2386
-95.3113	209.872	2387
-103.778	209.038	2388
-105.87	215.388	2389
-144.53	204.508	2390
-141.096	198.17	2391
-147.46	195.234	2392
-126.981	203.767	2393
-134.617	201.156	2394
-136.894	207.367	2395
-127.021	188.501	2396
-130.53	194.57	2397
-124.075	197.611	2398
-135.847	226.52	2399
-144.027	223.801	2400
-144.25	228.218	2401
-139.991	213.409	2402
-142.04	218.803	2403
-135.127	221.557	2404
-156.119	213.205	2405
-149.782	216.076	2406
-146.632	210.471	2407
-164.427	173.549	2408
-160.475	177.7	2409
-155.272	170.692	2410
-168.518	190.713	2411
-164.433	184.001	2412
-169.494	180.439	2413
-154.257	191.874	2414
-159.599	188.465	2415
-162.999	194.49	2416
-183.55	177.301	2417
-179.537	171.052	2418
-181.914	169.904	2419
-172.868	176.633	2420
-175.993	172.963	2421
-180.801	179.886	2422
-165.853	159.309	2423
-171.549	166.532	2424
-168.501	169.974	2425
-186.907	201.644	2426
-190.72	197.83	2427
-193.319	202.989	2428
-184.244	186.205	2429
-188.097	192.534	2430
-183.865	195.496	2431
-193.798	188.671	2432
-190.879	189.976	2433
-187.915	183.907	2434
49.9149	-91.1303	2435
51.6948	-96.4602	2436
52.5906	-88.2738	2437
50.7634	-113.119	2438
51.0936	-104.024	2439
49.4965	-100.224	2440
53.7074	-111.412	2441
52.5469	-108.705	2442
52.0902	-116.415	2443
45.0118	-96.7091	2444
44.6421	-85.721	2445
43.5809	-82.8655	2446
47.7328	-95.6175	2447
46.1019	-90.2503	2448
46.2817	-100.484	2449
46.1551	-71.3567	2450
46.0511	-80.5177	2451
47.9302	-86.1343	2452
48.1784	-132.524	2453
47.2194	-129.247	2454
47.6659	-138.089	2455
46.529	-110.134	2456
46.8324	-119.127	2457
47.9451	-122.671	2458
45.2933	-116.209	2459
45.995	-116.76	2460
45.4606	-106.163	2461
-23.6038	132.088	2462
-18.3442	127.193	2463
-13.3687	117.253	2464
-27.1334	147.016	2465
-22.4592	136.65	2466
-28.2737	141.34	2467
-14.4415	129.098	2468
-18.1688	132.875	2469
-22.1927	143.276	2470
-52.4043	158.21	2471
-48.5805	151.309	2472
-56.3027	153.515	2473
-33.973	144.791	2474
-40.8046	148.081	2475
-45.5108	156.2	2476
-32.3603	133.28	2477
-36.8497	140.876	2478
-30.1132	137.051	2479
-50.8576	178.803	2480
-57.3608	179.847	2481
-61.1317	187.68	2482
-49.2781	163.795	2483
-53.9762	172.122	2484
-46.6756	170.212	2485
-69.3545	175.055	2486
-61.0577	173.413	2487
-57.0926	165.999	2488
-81.5885	147.6	2489
-73.9414	148.031	2490
-69.1212	142.314	2491
-83.4247	160.833	2492
-79.2329	154.603	2493
-86.2089	153.441	2494
-63.7088	154.51	2495
-71.7163	155.153	2496
-76.3138	161.813	2497
-109.931	152.341	2498
-105.164	146.417	2499
-110.461	143.086	2500
-93.3974	151.91	2501
-99.1645	148.934	2502
-104.454	155.476	2503
-88.8857	137.462	2504
-94.1603	143.263	2505
-87.8122	145.499	2506
-111.802	177.835	2507
-118.074	174.968	2508
-122.534	181.685	2509
-108.811	161.645	2510
-114.089	168.443	2511
-107.002	170.89	2512
-125.631	162.138	2513
-119.849	165.445	2514
-115.389	159.073	2515
-116.973	120.268	2516
-114.58	124.652	2517
-107.726	118.749	2518
-127.462	137.069	2519
-121.633	130.759	2520
-123.577	126.287	2521
-114.593	139.508	2522
-118.254	134.868	2523
-124.653	141.713	2524
-136.141	121.966	2525
-127.97	115.224	2526
-129.293	113.856	2527
-125.752	122.2	2528
-126.662	118.055	2529
-134.495	124.78	2530
-110.904	105.927	2531
-119.402	112.048	2532
-117.89	115.789	2533
-152.173	149.222	2534
-154.167	145.246	2535
-160.609	152.546	2536
-141.11	131.261	2537
-148.271	138.366	2538
-145.546	142.074	2539
-151.939	134.316	2540
-150.494	135.788	2541
-143.047	128.534	2542
74.1265	-38.4474	2543
76.1205	-43.5388	2544
81.4538	-38.667	2545
66.2946	-55.0271	2546
70.7787	-49.5576	2547
68.7828	-43.2285	2548
74.1851	-56.7289	2549
73.0452	-53.154	2550
68.3156	-59.8174	2551
56.1026	-26.4244	2552
61.1915	-22.1281	2553
58.4584	-13.1083	2554
66.4178	-37.2783	2555
63.8247	-29.6506	2556
58.8349	-35.4017	2557
75.4432	-19.6285	2558
69.3198	-25.1434	2559
71.8027	-31.6172	2560
50.9034	-61.0103	2561
48.0131	-53.9175	2562
46.6483	-61.478	2563
54.4449	-41.0838	2564
50.5729	-46.2739	2565
53.5143	-54.8615	2566
44.6277	-27.0786	2567
47.6509	-37.6314	2568
51.6716	-31.9773	2569
51.0927	27.0584	2570
54.6332	17.2968	2571
61.0993	20.654	2572
43.9255	10.5117	2573
49.0242	14.5092	2574
45.5369	23.6695	2575
55.5246	-3.8801	2576
52.4486	4.63281	2577
47.2673	1.18148	2578
27.3317	52.0412	2579
33.3181	52.1834	2580
28.6178	61.6347	2581
41.5946	33.7444	2582
37.0993	42.9102	2583
32.0734	41.5192	2584
50.2449	46.3706	2585
43.3279	44.8962	2586
47.5386	35.6345	2587
23.5524	28.0925	2588
18.9751	41.3352	2589
16.5866	42.3867	2590
26.8494	41.0957	2591
22.7245	40.4039	2592
27.2683	28.6968	2593
13.7594	63.1327	2594
18.0083	52.2888	2595
22.6613	51.3354	2596
13.6643	90.5377	2597
19.8535	83.9684	2598
26.2734	82.9249	2599
7.88187	87.6606	2600
13.8607	85.8361	2601
7.87193	92.0664	2602
24.1812	69.7822	2603
18.8217	78.3243	2604
13.4672	79.3281	2605
-16.6872	109.318	2606
-11.5686	105.45	2607
-18.9181	107.907	2608
1.60581	98.0156	2609
-5.07565	102.409	2610
-10.3961	106.03	2611
6.47089	96.7218	2612
0.938422	99.2538	2613
7.2021	95.5504	2614
-17.6225	114.999	2615
-23.9187	119.99	2616
-28.5007	126.86	2617
-15.1164	109.637	2618
-20.0961	114.711	2619
-13.151	108.783	2620
-33.2335	121.917	2621
-26.3794	118.755	2622
-22.0785	114.127	2623
-38.5234	103.213	2624
-32.3872	103.809	2625
-27.0272	99.4718	2626
-43.2754	114.162	2627
-38.1217	109.2	2628
-44.493	108.456	2629
-25.1194	108.835	2630
-32.0732	109.584	2631
-37.2776	114.594	2632
-65.7009	108.26	2633
-59.8754	103.167	2634
-63.7352	100.801	2635
-49.9847	107.083	2636
-55.6551	105.765	2637
-60.7259	110.337	2638
-44.447	95.9876	2639
-49.7197	100.868	2640
-44.9853	102.486	2641
-71.5841	128.167	2642
-77.7128	126.229	2643
-82.709	131.634	2644
-66.5986	115.749	2645
-71.7909	120.541	2646
-66.5413	123.012	2647
-81.0422	114.974	2648
-76.8303	118.222	2649
-70.9006	112.794	2650
-55.8292	80.702	2651
-58.0044	84.9491	2652
-51.5153	82.9722	2653
-72.4241	92.424	2654
-65.45	88.4761	2655
-63.0531	83.727	2656
-66.0638	97.5084	2657
-66.4232	92.9363	2658
-72.2775	96.8491	2659
-65.0594	76.4737	2660
-55.4253	72.7292	2661
-52.0303	70.6551	2662
-61.1008	79.6552	2663
-57.9644	75.525	2664
-67.7381	79.6992	2665
-39.1987	69.6569	2666
-49.1018	72.4676	2667
-52.1765	76.1957	2668
-94.2913	98.3875	2669
-94.4994	94.6885	2670
-102.572	100.082	2671
-76.3849	84.0349	2672
-85.7731	89.3295	2673
-86.5462	93.2292	2674
-84.1826	84.393	2675
-84.4075	86.0166	2676
-75.3686	81.1611	2677
129.53	-3.16859	2678
131.119	-7.97412	2679
139.302	-4.57874	2680
115.391	-15.1042	2681
123.63	-11.3088	2682
121.493	-7.11531	2683
125.985	-18.2239	2684
124.596	-15.1817	2685
117.556	-19.1659	2686
107.887	7.97462	2687
115.495	11.4153	2688
113.773	18.5203	2689
119.866	-1.25379	2690
117.807	4.90131	2691
109.649	0.853504	2692
133.445	11.0907	2693
124.989	8.16749	2694
127.768	1.80396	2695
90.6316	-17.5153	2696
88.2446	-10.6397	2697
81.7693	-15.5935	2698
102.454	-2.64689	2699
95.2233	-7.22627	2700
97.1314	-13.0135	2701
90.9472	7.22423	2702
93.0132	0.279732	2703
100.174	3.67568	2704
109.433	48.1214	2705
112.537	42.0914	2706
121.155	43.8152	2707
97.3125	36.7626	2708
105.004	39.4767	2709
101.092	46.5628	2710
111.013	25.2394	2711
108.523	32.8531	2712
100.225	29.484	2713
80.8358	62.9445	2714
88.5911	64.0877	2715
83.04	69.5802	2716
97.3338	52.4958	2717
92.6055	58.7926	2718
84.9622	57.4193	2719
108.205	61.0975	2720
100.786	59.9121	2721
104.815	54.5042	2722
67.2656	42.8594	2723
63.3232	49.9879	2724
56.4181	48.3156	2725
77.7132	54.9799	2726
70.3164	53.1335	2727
74.4089	45.0948	2728
61.2609	66.3451	2729
66.1192	59.6903	2730
72.8195	61.7889	2731
66.8096	78.5448	2732
73.1737	77.9627	2733
81.2744	76.0161	2734
58.2456	80.713	2735
65.8332	79.4479	2736
58.8084	80.893	2737
78.1694	73.5509	2738
71.5046	77.2514	2739
64.831	77.4455	2740
31.1853	82.5064	2741
38.3714	78.9921	2742
30.9592	77.0683	2743
52.4607	80.8704	2744
44.8564	80.3662	2745
39.0225	83.1707	2746
60.1764	73.7962	2747
52.829	77.1844	2748
59.202	78.2552	2749
25.723	89.4636	2750
19.3973	91.14	2751
13.2368	93.7327	2752
31.6356	86.0104	2753
25.3263	88.6884	2754
32.6372	87.4328	2755
11.6274	88.4998	2756
18.2271	89.0569	2757
25.048	85.6755	2758
10.2137	65.3427	2759
17.8214	66.9818	2760
26.1752	62.654	2761
2.77687	75.8055	2762
9.42691	71.5019	2763
2.31109	69.4934	2764
24.3892	75.3173	2765
17.5869	73.5711	2766
9.50122	77.7626	2767
-27.4726	71.7298	2768
-20.915	66.6779	2769
-30.3426	67.9077	2770
-5.6037	68.105	2771
-12.6498	66.7115	2772
-19.5106	71.7292	2773
3.66632	57.6248	2774
-5.21693	62.4429	2775
2.71979	63.224	2776
-29.4335	87.7187	2777
-35.2538	86.3281	2778
-40.1216	91.5221	2779
-24.9882	76.4107	2780
-30.9118	81.6207	2781
-23.7093	82.49	2782
-44.0461	81.4473	2783
-37.1116	80.9348	2784
-32.851	76.5052	2785
194.229	8.51234	2786
195.865	3.6041	2787
202.953	1.90755	2788
179.975	4.69436	2789
187.556	4.7562	2790
186.681	9.20789	2791
189.728	-2.19236	2792
189.419	0.573056	2793
180.872	1.10395	2794
172.587	25.0726	2795
181.648	24.7128	2796
179.636	30.1167	2797
185.183	14.4143	2798
183.564	18.9993	2799
175.241	19.3056	2800
199.335	16.4834	2801
191.035	18.5228	2802
193.012	13.0248	2803
152.048	10.0222	2804
150.026	15.7633	2805
141.286	13.2934	2806
166.624	19.184	2807
157.806	17.6374	2808
160.539	12.2987	2809
154.316	29.3556	2810
156.091	23.0011	2811
164.56	24.5249	2812
173.552	48.5866	2813
177.486	44.6647	2814
185.534	42.0388	2815
162.253	46.9045	2816
169.777	46.3006	2817
165.773	50.5634	2818
176.656	35.9377	2819
173.975	41.0269	2820
165.554	41.9226	2821
143.421	61.5343	2822
150.49	58.9762	2823
145.461	59.5954	2824
160.752	54.3809	2825
155.815	57.3545	2826
147.603	59.2887	2827
170.462	51.3521	2828
163.086	54.5474	2829
168.637	52.5703	2830
129.042	57.1124	2831
124.716	62.0848	2832
115.923	61.7267	2833
140.263	60.7205	2834
131.996	61.6276	2835
137.199	57.715	2836
121.784	67.7067	2837
127.428	65.0094	2838
134.751	63.8147	2839
128.084	47.9871	2840
134.305	50.7629	2841
142.247	45.4937	2842
120.026	59.9429	2843
126.771	55.1779	2844
121.185	52.865	2845
139.168	58.897	2846
133.319	57.455	2847
125.939	61.1823	2848
94.7544	49.3649	2849
102.331	43.8073	2850
97.0169	40.3123	2851
114.374	50.0757	2852
108.723	47.0921	2853
100.39	52.791	2854
124.445	35.4404	2855
116.196	41.5566	2856
122.599	44.691	2857
83.6635	68.3445	2858
77.2226	66.2757	2859
68.3087	70.2724	2860
92.9533	57.5827	2861
84.6334	62.2097	2862
91.1168	64.7788	2863
71.7418	56.1982	2864
78.773	59.37	2865
86.1472	54.8091	2866
81.763	23.3369	2867
86.9742	25.205	2868
95.7414	19.2172	2869
69.9253	37.5696	2870
78.4388	31.9069	2871
72.4461	29.1862	2872
90.4122	37.3614	2873
84.9816	34.6427	2874
75.8312	40.3404	2875
49.1907	29.5577	2876
58.9018	23.5233	2877
56.7118	22.0501	2878
67.1117	27.3963	2879
62.4281	25.402	2880
52.7894	31.6894	2881
80.4962	12.7079	2882
71.1403	19.5358	2883
76.0126	20.6258	2884
29.4608	49.2864	2885
23.3312	48.0271	2886
13.8599	52.5906	2887
42.7203	37.5764	2888
33.5256	42.6889	2889
39.3948	44.114	2890
24.7191	40.5933	2891
28.4761	41.2782	2892
39.6436	35.2229	2893
233.957	-29.3005	2894
233.466	-35.6555	2895
232.594	-41.4006	2896
230.684	-22.5155	2897
232.651	-28.649	2898
233.151	-23.7175	2899
232.246	-37.7271	2900
232.481	-33.4529	2901
230.564	-26.3526	2902
227.444	0.671556	2903
230.77	-4.5443	2904
229.312	0.641459	2905
232.639	-17.2221	2906
232.083	-11.359	2907
228.559	-4.88768	2908
234.226	-21.5597	2909
233.93	-16.3115	2910
234.366	-23.4014	2911
214.435	4.95334	2912
213.159	10.0391	2913
207.016	13.6575	2914
224.502	0.344954	2915
218.933	5.9515	2916
220.706	-0.0779034	2917
215.482	17.0207	2918
217.786	11.0016	2919
222.779	6.6632	2920
215.611	8.54339	2921
220.79	5.53349	2922
222.413	-1.50217	2923
214.493	19.3244	2924
217.747	13.1343	2925
213.245	15.2767	2926
226.214	6.07797	2927
222.566	9.55906	2928
218.631	16.307	2929
193.6	25.2868	2930
197.402	19.4523	2931
193.05	18.0453	2932
207.75	17.6765	2933
202.786	18.6781	2934
198.643	25.5538	2935
208.164	4.36856	2936
205.787	12.1942	2937
210.984	10.2259	2938
188.887	41.0396	2939
182.947	42.7915	2940
177.131	47.1353	2941
194.563	31.2312	2942
189.08	37.0899	2943
194.238	36.2648	2944
178.856	35.5417	2945
183.446	36.9659	2946
188.963	31.633	2947
181.155	-3.82536	2948
184.69	2.31039	2949
190.175	-4.06522	2950
173.675	15.2489	2951
179.445	8.05946	2952
175.519	3.23515	2953
188.174	15.6955	2954
183.944	12.8062	2955
178.826	18.5678	2956
156.5	-5.34032	2957
163.139	-13.1618	2958
159.126	-19.1597	2959
171.245	-2.46968	2960
167.54	-7.45593	2961
160.709	0.36956	2962
180.23	-22.1288	2963
173.844	-15.3468	2964
177.745	-8.99285	2965
144.625	26.4651	2966
139.628	22.4172	2967
131.616	29.2663	2968
154.083	7.76377	2969
146.384	15.6012	2970
152.04	19.693	2971
136.342	6.15909	2972
141.853	10.6591	2973
148.862	3.2941	2974
143.541	-38.6459	2975
148.51	-36.9923	2976
155.378	-46.4958	2977
134.76	-20.2474	2978
142.262	-28.6269	2979
136.938	-30.6462	2980
154.019	-23.4581	2981
147.817	-26.5213	2982
141.271	-17.8139	2983
117.928	-26.8393	2984
125.129	-34.8201	2985
123.194	-36.1564	2986
131.787	-31.4721	2987
127.629	-32.8374	2988
120.714	-24.9991	2989
141.189	-49.3946	2990
135.079	-41.5462	2991
138.556	-39.8374	2992
101.585	0.674146	2993
97.2178	-1.19107	2994
88.5518	6.21943	2995
112.857	-16.3962	2996
105.569	-8.94118	2997
109.592	-6.46464	2998
99.9356	-12.3052	2999
102.348	-11.0555	3000
109.907	-18.4806	3001
211.704	-54.9944	3002
217.886	-57.663	3003
216.896	-65.9518	3004
220.483	-41.1019	3005
218.94	-48.7337	3006
213.078	-47.1699	3007
229.277	-46.3815	3008
224.661	-49.3431	3009
225.877	-40.8951	3010
195.995	-27.5981	3011
193.655	-35.6231	3012
186.727	-29.5302	3013
206.574	-43.6438	3014
200.014	-40.2201	3015
202.316	-32.7203	3016
197.587	-58.009	3017
198.406	-48.3683	3018
205.374	-52.5564	3019
213.394	-12.8515	3020
207.934	-9.67954	3021
208.768	-2.24971	3022
204.566	-24.5489	3023
206.531	-17.5494	3024
212.018	-19.9627	3025
195.785	-8.90563	3026
200.941	-13.4291	3027
198.663	-20.8323	3028
210.31	-126.977	3029
214.164	-129.373	3030
214.715	-137.376	3031
214.125	-111.857	3032
213.819	-120.25	3033
210.015	-118.687	3034
220.804	-121.845	3035
217.834	-121.792	3036
218.047	-112.463	3037
195.634	-102.155	3038
196.892	-110.832	3039
193.002	-108.334	3040
205.51	-116.111	3041
201.014	-114.262	3042
200.132	-104.698	3043
202.93	-131.883	3044
201.915	-122.745	3045
206.274	-125.363	3046
204.179	-80.1762	3047
198.025	-77.0458	3048
197.549	-66.9058	3049
199.504	-95.9071	3050
198.629	-85.9855	3051
204.292	-88.9763	3052
187.38	-79.5972	3053
193.113	-83.015	3054
194.295	-92.2164	3055
181.249	-108.687	3056
183.786	-109.896	3057
186.662	-118.858	3058
177.894	-92.4616	3059
181.059	-101.79	3060
177.649	-99.8162	3061
188.861	-105.194	3062
184.932	-103.635	3063
182.095	-93.9577	3064
166.201	-92.2074	3065
170.779	-99.4586	3066
170.113	-100.84	3067
174.933	-99.175	3068
172.324	-98.6157	3069
167.885	-90.3222	3070
180.716	-113.823	3071
176.394	-105.722	3072
178.86	-107.204	3073
156.625	-65.5149	3074
152.778	-65.8228	3075
147.677	-58.1463	3076
163.153	-82.0969	3077
158.364	-74.3974	3078
161.451	-73.5903	3079
154.787	-77.329	3080
155.907	-75.7574	3081
161.331	-84.2526	3082
213.803	-182.878	3083
216.908	-184.504	3084
218.034	-187.418	3085
216.215	-174.545	3086
216.149	-179.711	3087
213.152	-178.651	3088
222.026	-180.775	3089
219.456	-180.822	3090
219.095	-175.086	3091
202.806	-167.075	3092
204.278	-172.079	3093
202.836	-169.022	3094
209.796	-176.718	3095
206.53	-175.1	3096
205.44	-169.228	3097
209.805	-182.668	3098
208.184	-179.423	3099
210.823	-181.606	3100
207.6	-150.056	3101
203.722	-148.434	3102
203.603	-139.825	3103
204.629	-163.234	3104
203.88	-155.743	3105
208.071	-158.103	3106
198.866	-150.134	3107
200.956	-153.561	3108
201.63	-160.266	3109
206.082	-161.503	3110
204.929	-164.292	3111
206.55	-167.333	3112
199.672	-154.971	3113
202.298	-159.716	3114
203.357	-157.84	3115
202.412	-166.394	3116
202.206	-163.2	3117
199.615	-157.394	3118
202.536	-145.277	3119
206.289	-149.737	3120
207.491	-149.022	3121
203.999	-154.393	3122
204.726	-151.733	3123
200.824	-145.982	3124
210.464	-158.484	3125
207.697	-155.385	3126
207.13	-159.206	3127
189.552	-130.029	3128
188.749	-128.013	3129
184.689	-120.6	3130
197.083	-140.657	3131
192.671	-133.981	3132
192.935	-136.388	3133
195.023	-134.523	3134
193.988	-134.047	3135
198.155	-139.349	3136
