-194.061	-125.205	1
-200.706	-86.7232	2
-135.911	-148.74	3
-143.931	-138.895	4
-118.818	-80.4321	5
-115.484	-128.569	6
-160.758	-52.0256	7
-172.238	43.2984	8
-88.0737	-209.054	9
-98.4317	-10.9021	10
-133.78	24.8102	11
-37.6543	-264.663	12
-82.1694	97.9161	13
-119.698	108.369	14
-170.64	107.522	15
21.796	-277.799	16
-67.7183	189.145	17
-109.954	190.144	18
-167.966	179.654	19
45.1178	-228.121	20
-51.7908	239.386	21
-98.7788	240.839	22
-159.451	229.228	23
52.2872	-159.843	24
-26.6021	185.286	25
-73.7209	197.11	26
-130.778	188.713	27
58.2939	-93.4039	28
38.4424	-34.126	29
4.1687	87.153	30
-41.353	141.743	31
-88.4002	137.291	32
92.0032	-44.0026	33
73.6335	1.92683	34
43.4265	67.5753	35
-4.01965	102.954	36
151.064	-13.4937	37
134.13	27.0866	38
103.334	70.956	39
52.4988	69.6545	40
214.097	-6.6224	41
199.419	31.1457	42
163.525	49.7433	43
121.264	22.761	44
237.862	-2.29	45
234.719	-61.9451	46
183.15	-48.4298	47
238.894	-134.198	48
210.331	-122.357	49
-152.184	-133.375	50
-163.648	-72.9856	51
-199.587	-91.9169	52
-166.223	-61.2117	53
-189.157	-14.4001	54
-210.511	-54.8526	55
-93.3529	-202.29	56
-86.7815	-158.532	57
-115.905	-132.205	58
-117.864	-129.347	59
-120.244	-86.3375	60
-155.595	-70.9049	61
-99.5277	-28.291	62
-130.663	11.6815	63
-153.544	-58.9658	64
-89.0549	-143.939	65
-98.8129	-44.3355	66
-117.304	-85.0066	67
-136.389	14.35	68
-170.513	38.2503	69
-187.231	-2.85864	70
-170.877	98.9986	71
-198.47	80.7504	72
-188.62	8.58717	73
-45.039	-258.593	74
-39.7249	-241.856	75
-81.9897	-173.072	76
-84.0649	84.9701	77
-114.676	96.6114	78
-127.921	21.4332	79
-121.019	97.1745	80
-165.276	99.7505	81
-169.144	44.138	82
15.1064	-280.584	83
20.7731	-269.092	84
-32.2313	-248.974	85
-69.1268	179.559	86
-103.926	180.948	87
-113.267	107.12	88
-111.073	181.181	89
-161.422	173.055	90
-164.764	109.331	91
-168.105	171.496	92
-203.184	156.45	93
-199.086	91.0664	94
43.7562	-235.663	95
52.258	-228.139	96
27.9519	-267.27	97
-56.3338	238.97	98
-93.9083	240.049	99
-103.197	190.832	100
-101.855	239.519	101
-155.138	229.754	102
-160.931	182.251	103
-162.146	227.06	104
-197.518	210.399	105
-203.715	164.427	106
51.7381	-167.865	107
48.7006	-153.398	108
52.9992	-219.103	109
-29.5265	195.082	110
-69.4699	203.141	111
-90.6654	241.073	112
-77.8668	204.353	113
-129.149	197.843	114
-152.886	231.354	115
-135.634	195.607	116
-162.402	176.382	117
-194.099	210.845	118
56.526	-101.635	119
42.8052	-64.3898	120
47.547	-142.672	121
-0.960122	103.673	122
-38.3956	145.055	123
-66.1982	196.262	124
-45.2055	147.732	125
-89.5459	145.825	126
-125.133	191.689	127
-94.3585	143.048	128
-107.733	118.975	129
-156.858	169.33	130
86.3173	-49.2831	131
69.634	-10.0415	132
41.6143	-49.159	133
67.3163	-1.88133	134
41.5195	59.0041	135
9.5165	70.0317	136
37.3519	66.8077	137
-3.3967	105.242	138
-33.8315	138.163	139
-9.5709	106.555	140
-48.3456	106.354	141
-83.7155	140.178	142
-49.6099	103.653	143
-25.6028	75.6835	144
-98.6811	112.147	145
143.012	-16.395	146
127.924	18.3733	147
76.3684	-5.6638	148
126.108	24.8759	149
100.054	67.1726	150
48.7861	60.0256	151
95.2411	71.6136	152
50.7567	76.0176	153
2.98748	101.566	154
44.1235	73.9565	155
-12.1283	70.658	156
-45.049	102.362	157
206.875	-4.73497	158
194.108	26.5954	159
136.622	20.5392	160
191.356	32.6446	161
161.977	54.9095	162
107.942	67.2579	163
156.894	54.1382	164
117.957	33.4102	165
59.3173	71.7258	166
112.997	29.8624	167
78.4819	16.5965	168
2.27779	63.7141	169
238.106	-41.6206	170
238.749	-0.114915	171
201.761	25.7724	172
236.127	3.5866	173
204.731	15.1334	174
169.589	50.725	175
201.613	13.1076	176
181.443	-30.2701	177
126.697	26.5745	178
176.245	-36.7143	179
142.555	-45.6061	180
87.0595	9.30485	181
236.099	-51.1052	182
190.737	-38.3973	183
205.473	9.56941	184
238.064	-126.734	185
211.515	-117.013	186
192.044	-50.467	187
207.874	-114.159	188
188.143	-107.335	189
149.539	-54.1505	190
245.787	-174.645	191
224.345	-166.209	192
213.655	-124.65	193
222.355	-163.707	194
222.234	-146.006	195
192.945	-113.73	196
-181.18	-125.543	197
-183.436	-112.087	198
-195.824	-113.559	199
-189.391	-78.8369	200
-194.917	-60.9613	201
-204.986	-69.9203	202
-116.719	-173.494	203
-110.074	-164.267	204
-124.726	-146.346	205
-128.696	-139.68	206
-136.815	-114.307	207
-153.414	-112.532	208
-110.777	-63.0558	209
-121.439	-44.2208	210
-130.22	-71.1693	211
-104.027	-131.548	212
-105.091	-104.85	213
-116.561	-110.007	214
-149.388	-23.8832	215
-164.589	-8.46149	216
-174.907	-31.0597	217
-172.053	64.6024	218
-183.746	55.1912	219
-179.952	29.5096	220
-70.8086	-231.209	221
-68.4548	-221.868	222
-84.8057	-197.158	223
-93.0564	32.2984	224
-100.242	42.4034	225
-106.943	7.41473	226
-127.262	54.8077	227
-144.788	60.704	228
-150.678	33.5777	229
-15.5346	-277.503	230
-11.9061	-272.297	231
-35.3633	-257.922	232
-76.0474	134.414	233
-85.4573	137.905	234
-90.9677	102.366	235
-115.594	140.044	236
-136.211	140.31	237
-139.304	110.261	238
-169.368	135.438	239
-185.981	128.589	240
-185.801	100.846	241
34.9698	-263.365	242
37.3902	-258.792	243
22.8406	-273.206	244
-64.2691	216.286	245
-75.4378	216.881	246
-78.7731	190.757	247
-107.406	216.114	248
-129.448	213.504	249
-131.965	188.009	250
-166.454	204.108	251
-186.084	196.4	252
-186.637	172.788	253
48.4522	-202.307	254
49.8628	-196.826	255
48.1426	-222.365	256
-41.8354	226.523	257
-54.739	226.832	258
-64.8278	239.812	259
-90.438	229.503	260
-115.041	228.149	261
-121.921	238.594	262
-150.998	219.393	263
-167.505	210.379	264
-178.066	220.501	265
53.4546	-133.54	266
49.778	-123.446	267
50.0215	-151.022	268
-15.8804	153.836	269
-27.4563	162.017	270
-38.185	188.94	271
-62.2474	175.907	272
-85.051	177.613	273
-97.3975	197.645	274
-116.63	168.943	275
-128.489	157.644	276
-145.4	179.235	277
66.8788	-72.6799	278
60.2284	-59.9943	279
52.2834	-80.7406	280
46.2773	-19.0272	281
36.1562	14.0086	282
26.8942	9.51555	283
15.6597	68.4265	284
1.17732	96.7488	285
-9.26718	115.974	286
-28.6571	124.403	287
-47.6335	128.6	288
-61.8061	146.043	289
-71.1252	120.474	290
-74.0228	107.711	291
-95.5753	124.552	292
112.649	-30.8096	293
105.97	-20.0832	294
86.0448	-32.8896	295
94.8636	12.9748	296
85.4108	36.2708	297
64.4128	27.1533	298
64.2015	70.4469	299
47.9024	85.0867	300
28.2827	86.9374	301
14.4876	90.8017	302
-7.04814	88.2237	303
-23.0561	102.969	304
175.535	-6.2802	305
169.018	4.21275	306
144.553	-2.53873	307
159.135	32.43	308
149.343	49.2747	309
124.993	46.4458	310
126.623	67.2829	311
108.367	66.5204	312
85.3333	77.1546	313
77.8569	54.5724	314
58.0063	48.0609	315
30.5751	64.289	316
231.582	-15.9195	317
228.627	-3.94217	318
208.754	4.40074	319
219.461	22.9612	320
208.277	34.2595	321
189.72	44.821	322
183.247	34.1598	323
168.338	23.5004	324
147.307	42.0806	325
145.075	-0.254393	326
128.534	-9.02388	327
103.677	15.2185	328
238.628	-21.0275	329
223.973	-21.5572	330
224.775	1.64524	331
234.718	-92.0325	332
222.576	-90.1291	333
220.346	-62.7466	334
196.132	-79.9851	335
180.625	-77.7741	336
163.856	-50.8888	337
242.196	-156	338
233.149	-154.375	339
229.478	-132.615	340
216.273	-144.235	341
208.953	-136.959	342
200.434	-117.129	343
-159.431	-111.84	344
-178.055	-111.081	345
-175.319	-126.131	346
-182.598	-82.7692	347
-178.964	-104.864	348
-160.895	-102.509	349
-196.586	-109	350
-184.586	-105.376	351
-187.977	-85.9789	352
-178.331	-39.0105	353
-190.669	-56.1786	354
-184.182	-76.1844	355
-198.431	-37.3598	356
-192.865	-50.8629	357
-181.844	-32.1297	358
-206.396	-65.0637	359
-197.152	-55.0426	360
-202.041	-43.7114	361
-89.6829	-189.387	362
-104.661	-170.246	363
-110.982	-180.546	364
-99.5192	-142.595	365
-102.734	-164.251	366
-88.0142	-183.941	367
-121.895	-143.465	368
-107.646	-159.944	369
-104.237	-139.407	370
-120.469	-112.024	371
-132.456	-113.931	372
-125.445	-137.474	373
-131.963	-79.9653	374
-132.957	-106.057	375
-120.655	-104.988	376
-154.501	-103.476	377
-137.816	-105.348	378
-136.97	-77.2658	379
-109.397	-3.97487	380
-118.155	-34.8535	381
-107.792	-55.6581	382
-140.118	-18.6965	383
-123.083	-30.4548	384
-114.136	0.549967	385
-135.244	-68.4092	386
-126.544	-40.0989	387
-143.821	-28.3434	388
-93.3832	-101.334	389
-101.304	-103.805	390
-99.8148	-133.375	391
-105.858	-64.4707	392
-102.163	-93.238	393
-94.6888	-88.0267	394
-116.787	-103.218	395
-105.64	-96.3717	396
-108.89	-70.8263	397
-152.932	24.7843	398
-161.401	-0.541771	399
-146.031	-14.0322	400
-177.613	22.7265	401
-166.179	4.41691	402
-158.125	27.5941	403
-178.882	-24.708	404
-169.19	-2.40247	405
-179.922	16.4022	406
-185.707	91.171	407
-184.34	64.1299	408
-171.938	72.3562	409
-194.901	50.6216	410
-187.568	60.2945	411
-189.442	88.4118	412
-182.314	24.7504	413
-186.745	50.5569	414
-193.236	40.9176	415
-43.0405	-251.174	416
-62.4345	-229.843	417
-64.4526	-238.899	418
-59.3882	-216.985	419
-61.7808	-225.801	420
-41.6573	-248.838	421
-83.1915	-192.441	422
-67.456	-218.036	423
-65.87	-206.629	424
-93.0403	90.8231	425
-98.2552	54.4272	426
-91.0851	45.8036	427
-119.233	63.5542	428
-102.522	57.639	429
-97.3326	92.2258	430
-111.557	11.9734	431
-104.511	45.5818	432
-121.368	53.3092	433
-140.308	99.7633	434
-143.552	70.7581	435
-125.512	65.7245	436
-166.49	73.7719	437
-149.243	71.6726	438
-146.545	100.744	439
-156.058	36.0252	440
-150.587	62.9679	441
-167.23	64.9455	442
16.7975	-275.765	443
-4.68624	-274.918	444
-7.75188	-280.076	445
-0.681498	-267.236	446
-3.28463	-272.564	447
17.9703	-273.367	448
-34.6973	-255.003	449
-11.5205	-269.592	450
-9.2006	-264.008	451
-79.6155	181.011	452
-83.7378	148.696	453
-74.042	146.187	454
-107.422	150.518	455
-88.6257	149.875	456
-84.9024	180.907	457
-95.7502	104.367	458
-90.3227	138.38	459
-109.002	140.296	460
-132.865	178.784	461
-135.284	150.3	462
-114.192	150.609	463
-162.578	146.308	464
-142.155	149.2	465
-139.819	178.133	466
-145.896	110.038	467
-143.025	139.909	468
-163.236	136.554	469
-186.698	163.864	470
-185.936	137.716	471
-169.169	144.191	472
-201.641	128.941	473
-190.873	134.658	474
-191.705	161.777	475
-190.014	97.37	476
-190.605	125.964	477
-201.119	120.121	478
47.0248	-230.605	479
40.4653	-252.94	480
37.5348	-257.684	481
46.8093	-248.802	482
42.6192	-250.056	483
48.4113	-228.657	484
23.8697	-271.309	485
38.9277	-257.016	486
43.1321	-255.454	487
-68.4474	240.106	488
-74.2539	224.059	489
-63.0133	223.837	490
-99.3654	224.097	491
-79.7297	224.55	492
-73.8401	240.006	493
-84.1615	191.093	494
-80.896	216.846	495
-100.282	216.327	496
-124.37	236.938	497
-128.693	220.752	498
-106.313	223.475	499
-158.192	213.459	500
-136.267	218.679	501
-132.381	235.304	502
-139.204	186.74	503
-136.972	212.086	504
-159.644	205.99	505
-181.052	219.164	506
-185.452	203.482	507
-165.765	210.889	508
-203.111	194.654	509
-191.051	200.41	510
-186.728	216.069	511
-192.034	169.776	512
-191.551	193.989	513
-203.44	188.327	514
50.0541	-160.801	515
50.0218	-187.341	516
49.2451	-194.368	517
52.1737	-183.345	518
50.4061	-184.643	519
49.4174	-157.623	520
49.459	-220.483	521
50.5275	-194.25	522
52.8862	-192.288	523
-41.726	197.222	524
-51.3045	220.145	525
-38.954	219.677	526
-80.2258	223.608	527
-57.9045	221.01	528
-48.1772	199.082	529
-70.5949	240.671	530
-60.4463	227.161	531
-82.471	229.124	532
-101.275	204.15	533
-112.099	222.732	534
-87.7903	223.787	535
-141.401	216.367	536
-119.388	221.564	537
-109.293	203.56	538
-129.712	237.317	539
-122.283	226.879	540
-144.583	221.774	541
-150.441	186.066	542
-163.318	204.731	543
-147.379	213.834	544
-177.047	195.777	545
-167.901	201.735	546
-153.856	182.612	547
-183.202	217.63	548
-171.27	207.115	549
-180.966	200.975	550
51.1472	-87.9911	551
49.834	-114.822	552
53.8553	-125.194	553
44.4683	-100.285	554
48.1599	-110.129	555
48.8334	-83.0998	556
49.074	-147.805	557
48.2944	-120.265	558
45.1173	-111.966	559
-12.5472	124.468	560
-24.0084	152.98	561
-12.359	142.199	562
-50.3703	166.326	563
-29.2598	156.198	564
-18.3478	130.838	565
-44.1595	190.69	566
-33.3908	165.337	567
-53.9434	173.435	568
-66.5835	152.116	569
-80.3781	170.794	570
-57.9927	168.748	571
-106.001	164.883	572
-87.8115	170.293	573
-72.7922	151.359	574
-105.02	197.011	575
-91.7153	176.565	576
-111.189	171.78	577
-102.539	130.818	578
-122.414	150.629	579
-111.495	162.365	580
-131.304	139.765	581
-125.035	146.841	582
-104.546	126.991	583
-148.55	175.73	584
-131.741	154.27	585
-137.971	146.669	586
79.8876	-37.9935	587
64.3809	-54.2277	588
70.6609	-66.6227	589
53.56	-23.8012	590
61.7076	-48.3336	591
76.9689	-32.0141	592
49.7389	-74.4614	593
57.5083	-53.5656	594
49.0896	-28.5048	595
57.7666	24.6215	596
40.8876	16.0007	597
50.6095	-13.7961	598
24.5807	57.6727	599
36.8745	27.1033	600
54.3005	32.9898	601
22.6115	24.6684	602
32.226	25.3241	603
19.6518	58.6682	604
21.6975	88.217	605
5.7394	93.1647	606
19.9963	67.6914	607
-18.0192	116.294	608
-0.0807793	100.852	609
16.4656	93.6133	610
-14.3391	122.572	611
-3.8655	104.197	612
-22.4745	121.318	613
-28.5991	108.288	614
-42.8017	123.144	615
-24.8379	119.893	616
-62.4282	118.883	617
-48.3386	122.847	618
-33.7521	107.561	619
-68.162	145.799	620
-53.626	128.518	621
-67.3108	123.398	622
-43.6984	91.4043	623
-66.5625	102.707	624
-65.3847	114.957	625
-60.6736	89.7902	626
-65.1747	98.1741	627
-40.8373	87.2292	628
-96.6252	120.429	629
-73.6311	103.398	630
-70.3217	94.8204	631
137.035	-5.76899	632
113.698	-16.3254	633
120.463	-26.7989	634
104.375	8.96782	635
111.325	-10.7798	636
134.23	-0.915423	637
83.54	-27.0571	638
103.793	-15.0156	639
97.3458	5.97084	640
116.12	44.9116	641
92.9764	38.224	642
102.381	16.2425	643
76.4958	65.4433	644
89.1919	45.7275	645
113.167	50.9396	646
61.0499	35.889	647
81.7592	42.6639	648
69.3419	63.8994	649
77.4359	78.9533	650
54.601	84.3734	651
72.0307	70.8291	652
28.3449	87.8009	653
48.7632	86.5778	654
70.6115	79.8012	655
22.0543	92.4539	656
41.7395	88.3579	657
21.4103	91.3507	658
21.3376	69.3489	659
-0.928968	83.3824	660
21.7933	86.6248	661
-31.9883	84.6522	662
-9.10209	83.0161	663
14.1695	68.098	664
-29.3946	103.038	665
-14.468	87.7274	666
-36.6025	89.5442	667
201.324	5.82928	668
177.103	5.83313	669
183.783	-5.12225	670
168.745	26.9959	671
175.056	10.3288	672
199.108	11.0795	673
142.511	2.43246	674
166.272	9.0587	675
161.075	26.1512	676
181.738	47.1237	677
157.924	49.1974	678
167.552	32.857	679
139.82	63.7526	680
153.264	54.232	681
177.593	50.2668	682
121.116	52.0426	683
145.93	54.1757	684
131.645	65.5453	685
139.921	47.0981	686
116.29	62.2224	687
133.795	65.1605	688
92.4969	51.6708	689
110.959	60.2082	690
134.313	44.5242	691
78.5705	76.8608	692
102.533	64.8611	693
84.6115	57.1169	694
94.7868	22.4941	695
67.4976	42.133	696
86.4267	48.8717	697
48.3706	37.6074	698
60.8705	40.7891	699
89.5557	20.7841	700
22.7133	63.3883	701
51.5046	46.7701	702
37.1996	44.4925	703
240.228	-23.8073	704
234.004	-9.21319	705
235.527	-21.6106	706
227.964	13.598	707
232.494	-3.236	708
240.676	-17.8317	709
206.671	9.79129	710
227.494	1.07157	711
222.256	18.1851	712
223.309	9.37674	713
213.101	29.5474	714
225.452	18.5258	715
193.294	31.0964	716
208.619	31.1641	717
218.685	10.7573	718
184.447	48.0805	719
203.695	36.6636	720
188.451	36.2956	721
193.13	-2.14404	722
174.606	16.7949	723
188.875	28.7108	724
158.297	-4.10009	725
170.612	12.0177	726
189.916	-7.8676	727
142.147	38.3071	728
163.402	19.091	729
150.163	4.50036	730
158.345	-42.4778	731
136.733	-16.7373	732
152.814	-8.62653	733
120.792	-21.2166	734
131.524	-18.3686	735
152.775	-43.2121	736
98.0172	13.8151	737
123.409	-9.85167	738
113.155	-13.5175	739
220.377	-54.0489	740
222.79	-29.6939	741
237.908	-28.6017	742
196.618	-14.4138	743
216.301	-26.952	744
214.263	-51.9506	745
219.716	3.59067	746
218.08	-19.8662	747
199.116	-7.18847	748
227.959	-124.094	749
223.72	-99.0693	750
235.428	-101.158	751
204.24	-90.3499	752
218.941	-97.2586	753
223.885	-122.964	754
214.28	-60.8846	755
217.32	-87.8302	756
201.526	-81.3873	757
196.994	-109.311	758
185.204	-85.9727	759
199.139	-88.7488	760
173.009	-85.8442	761
181.168	-85.5223	762
193.793	-108.344	763
159.256	-51.9391	764
175.868	-76.7879	765
167.16	-77.6124	766
237.398	-173.452	767
234.094	-160.195	768
243.315	-161.933	769
220.885	-153.403	770
230.501	-159.404	771
234.076	-171.844	772
225.485	-131.09	773
229.234	-152.822	774
219.373	-146.774	775
219.431	-154.157	776
212.046	-142.9	777
217.93	-150.495	778
212.342	-135.605	779
211.28	-140.053	780
219.239	-151.204	781
197.561	-115.405	782
207.531	-134.096	783
208.115	-131.07	784
-191.067	-125.2	785
-191.136	-122.034	786
-194.325	-122.713	787
-197.935	-84.4202	788
-199.165	-79.1021	789
-202.086	-81.1615	790
-129.522	-157.123	791
-126.086	-157.457	792
-132.105	-149.05	793
-137.57	-141.154	794
-142.043	-131.913	795
-148.415	-130.364	796
-116.494	-75.551	797
-119.311	-69.9545	798
-121.789	-77.316	799
-112.148	-128.837	800
-112.047	-122.766	801
-115.847	-123.08	802
-156.797	-42.3282	803
-161.657	-35.9803	804
-165.708	-45.0667	805
-172.618	49.3613	806
-175.86	46.0072	807
-174.81	39.644	808
-82.449	-216.415	809
-81.3837	-214.024	810
-86.7953	-206.779	811
-96.9079	4.42038	812
-97.7178	9.10814	813
-99.8878	-3.9851	814
-131.3	34.8371	815
-136.944	37.0232	816
-139.514	27.8342	817
-30.3395	-269.843	818
-29.1977	-268.378	819
-37.0662	-262.703	820
-80.2893	110.391	821
-81.2967	111.639	822
-83.4611	99.7538	823
-118.426	119.085	824
-124.837	119.208	825
-126.153	109.183	826
-170.323	116.681	827
-175.636	115.14	828
-176.121	105.561	829
26.6853	-274.421	830
27.0785	-272.927	831
21.9647	-276.477	832
-66.6462	198.617	833
-68.9304	199.563	834
-69.9887	189.703	835
-109.249	199.238	836
-116.295	199.117	837
-117.127	189.692	838
-167.696	188.01	839
-174.145	186.036	840
-174.624	177.307	841
46.3826	-219.755	842
46.9124	-218.026	843
45.9343	-225.379	844
-48.5479	236.923	845
-50.9089	236.342	846
-55.1218	239.685	847
-95.1352	238.568	848
-103.504	238.29	849
-106.165	240.375	850
-157.317	227.159	851
-163.054	224.497	852
-166.089	226.483	853
52.7302	-151.111	854
52.0428	-147.802	855
51.7834	-157.183	856
-23.2614	175.493	857
-25.8832	176.451	858
-28.8768	185.551	859
-69.774	190.045	860
-77.5429	190.661	861
-81.843	198.012	862
-126.219	182.09	863
-131.596	179.119	864
-135.984	185.583	865
60.7409	-86.0487	866
58.7762	-83.2937	867
56.6626	-91.003	868
39.4209	-28.104	869
36.0117	-14.9043	870
34.657	-18.7844	871
7.63379	78.1061	872
3.68005	89.0627	873
0.128778	98.5776	874
-37.3252	135.705	875
-43.8678	137.704	876
-48.3756	144.095	877
-82.7386	131.622	878
-85.4226	127.238	879
-91.1884	133.057	880
98.8826	-39.1866	881
96.9236	-36.5346	882
90.3297	-41.8583	883
80.2365	6.15615	884
77.358	13.6348	885
70.9509	10.6765	886
50.0577	68.3885	887
45.3899	74.9543	888
38.4693	74.705	889
1.88399	98.7742	890
-4.7902	98.5779	891
-10.7875	103.434	892
159.232	-10.5208	893
156.876	-7.97208	894
149.485	-10.5293	895
142.405	29.5243	896
139.802	35.5824	897
131.45	34.1475	898
110.92	70.2662	899
105.777	72.5442	900
97.4368	74.2792	901
61.131	64.6378	902
53.6321	62.5521	903
45.7937	67.202	904
221.098	-8.534	905
218.479	-5.94026	906
211.821	-3.7763	907
206.705	29.1034	908
203.385	34.0538	909
196.611	35.8808	910
170.512	45.221	911
164.962	42.5458	912
158.312	47.5052	913
129.488	15.8326	914
123.799	12.1736	915
115.057	19.9381	916
238.685	-8.40312	917
235.103	-8.86383	918
234.078	-1.30225	919
234.334	-72.3035	920
230.88	-74.1127	921
231.18	-64.3425	922
188.052	-59.2929	923
181.875	-58.8815	924
176.27	-49.1779	925
240.104	-141.848	926
237.169	-142.089	927
236.305	-134.811	928
212.661	-130.329	929
209.267	-128.241	930
206.516	-120.206	931
-155.11	-127.476	932
-162.704	-124.626	933
-160.655	-129.911	934
-170.614	-76.2219	935
-169.143	-85.8591	936
-162.771	-83.4195	937
-198.514	-97.5124	938
-195.485	-96.702	939
-196.722	-90.37	940
-170.284	-52.9562	941
-175.379	-58.9858	942
-172.508	-67.7456	943
-191.997	-23.4984	944
-190.176	-27.9204	945
-187.374	-19.4894	946
-209.22	-57.6795	947
-207.222	-54.4541	948
-208.001	-51.8059	949
-92.4883	-198.991	950
-97.5195	-192.369	951
-98.9953	-195.283	952
-90.8732	-150.255	953
-90.4831	-160.958	954
-86.3173	-168.735	955
-117.27	-136.764	956
-113.531	-140.579	957
-112.583	-134.707	958
-119.228	-123.686	959
-121.99	-126.161	960
-120.176	-131.489	961
-123.67	-84.0224	962
-124.316	-91.6616	963
-120.549	-92.4334	964
-155.308	-82.3571	965
-149.283	-83.1682	966
-148.499	-72.9696	967
-101.922	-17.3915	968
-104.182	-29.4414	969
-101.791	-39.5512	970
-133.716	1.58762	971
-127.745	-1.53361	972
-124.833	8.3321	973
-146.888	-61.6971	974
-144.173	-51.982	975
-150.702	-47.8421	976
-90.7747	-129.744	977
-93.0608	-126.218	978
-91.7816	-138.891	979
-100.326	-51.3652	980
-98.8924	-64.4032	981
-97.5648	-59.2805	982
-117.117	-91.0241	983
-113.637	-87.462	984
-114.818	-80.6308	985
-142.099	18.3493	986
-144.771	8.41833	987
-139.417	4.54231	988
-172.794	33.561	989
-169.327	28.1743	990
-167.175	35.235	991
-185.081	-11.5395	992
-182.403	-3.50968	993
-185.023	4.64333	994
-176.31	96.446	995
-176.258	88.0055	996
-171.345	90.1242	997
-197.538	70.8312	998
-194.987	73.1089	999
-196.11	82.4783	1000
-186.84	13.6151	1001
-188.474	23.9228	1002
-190.301	19.6565	1003
-44.1	-256.973	1004
-51.3635	-250.1	1005
-51.8023	-252.382	1006
-46.6298	-234.29	1007
-47.3873	-235.876	1008
-40.133	-243.718	1009
-81.718	-179.67	1010
-77.1875	-189.699	1011
-77.0245	-185.367	1012
-85.7799	86.8074	1013
-87.7998	74.6929	1014
-86.7062	72.5261	1015
-116.233	85.667	1016
-109.948	84.4565	1017
-108.492	95.1757	1018
-122.218	19.2772	1019
-119.635	29.3592	1020
-125.649	31.8674	1021
-127.524	98.1905	1022
-128.652	88.1979	1023
-122.424	86.4241	1024
-165.881	90.7789	1025
-159.741	91.6898	1026
-159.223	100.356	1027
-165.488	41.4538	1028
-163.907	49.2607	1029
-168.765	50.4972	1030
15.9886	-279.378	1031
8.91847	-280.842	1032
8.27344	-281.855	1033
13.726	-269.604	1034
13.5949	-270.831	1035
20.056	-270.158	1036
-32.7033	-250.53	1037
-25.3471	-256.022	1038
-24.8114	-254.854	1039
-71.4347	180.171	1040
-72.5222	169.3	1041
-70.7792	168.969	1042
-104.924	171.114	1043
-98.1434	171.658	1044
-97.2024	181.147	1045
-107.23	106.782	1046
-105.431	117.502	1047
-111.966	118.104	1048
-118.271	180.767	1049
-118.907	170.732	1050
-112.118	171.34	1051
-161.988	164.088	1052
-154.867	165.681	1053
-154.319	175.176	1054
-158.601	110.115	1055
-158.078	119.004	1056
-164.436	118.537	1057
-174.841	168.644	1058
-174.781	160.387	1059
-168.582	162.659	1060
-202.838	147.711	1061
-199.679	148.785	1062
-200.4	157.139	1063
-196.878	92.1977	1064
-197.38	102.381	1065
-200.166	100.48	1066
44.6038	-233.099	1067
42.7701	-241.245	1068
42.0508	-243.277	1069
50.9612	-235.768	1070
50.1235	-234.694	1071
51.4371	-226.063	1072
27.2468	-267.824	1073
32.6999	-264.798	1074
34.1676	-264.15	1075
-59.2109	239.952	1076
-62.054	235.871	1077
-59.3876	235.445	1078
-96.034	236.137	1079
-89.4112	236.257	1080
-86.82	240.384	1081
-96.3766	191.127	1082
-95.5182	199.981	1083
-102.286	200.108	1084
-109.267	238.794	1085
-110.41	234.803	1086
-103.503	235.37	1087
-155.893	225.724	1088
-148.94	227.225	1089
-147.648	232.026	1090
-153.836	183.531	1091
-153.255	192.511	1092
-160.682	190.596	1093
-169.043	224.681	1094
-170.129	220.592	1095
-163.376	222.916	1096
-200.309	206.539	1097
-197.335	207.732	1098
-195.265	211.365	1099
-200.7	165.708	1100
-200.607	174.348	1101
-203.905	172.675	1102
51.4126	-166.064	1103
50.7866	-175.044	1104
51.0468	-176.551	1105
49.9003	-163.048	1106
49.503	-163.192	1107
48.5609	-153.978	1108
52.1589	-218.414	1109
52.4992	-209.313	1110
53.3934	-211.31	1111
-32.4755	194.574	1112
-35.3356	203.531	1113
-32.3095	203.76	1114
-73.2523	210.109	1115
-65.8711	209.283	1116
-61.6759	201.795	1117
-84.0221	241.061	1118
-80.1166	238.319	1119
-87.9916	238.682	1120
-85.7395	204.823	1121
-89.1942	211.171	1122
-81.6681	211.13	1123
-133.606	204.251	1124
-127.397	206.623	1125
-122.657	200.026	1126
-145.333	233.674	1127
-142.332	231.673	1128
-150.355	229.592	1129
-141.092	192.675	1130
-145.243	198.821	1131
-140.116	202.05	1132
-167.202	183	1133
-165.459	184.407	1134
-160.261	177.745	1135
-190.849	212.572	1136
-187.016	210.794	1137
-189.656	209.349	1138
55.0575	-98.5841	1139
53.9517	-105.773	1140
55.3386	-109.356	1141
43.4775	-77.3663	1142
44.6866	-81.297	1143
44.5226	-70.7276	1144
47.6711	-143.793	1145
46.9933	-134.549	1146
46.6025	-132.26	1147
-3.75403	110.394	1148
-7.92201	122.761	1149
-5.11611	117.766	1150
-42.4406	151.951	1151
-34.9311	147.991	1152
-30.7317	140.698	1153
-58.4669	194.751	1154
-54.3433	186.698	1155
-62.2993	188.957	1156
-52.5714	150.299	1157
-56.7878	156.349	1158
-49.8436	154.919	1159
-95.4679	152.444	1160
-90.2387	154.743	1161
-84.3969	148.404	1162
-118.804	193.897	1163
-114.114	186.787	1164
-120.66	185.113	1165
-97.5191	139.059	1166
-104.038	145.545	1167
-99.8627	148.982	1168
-115.913	125.806	1169
-114.837	127.338	1170
-106.476	120.369	1171
-154.254	170.431	1172
-149.023	163.161	1173
-150.976	162.035	1174
84.5311	-46.5283	1175
78.5837	-52.2769	1176
80.7632	-54.671	1177
63.9862	-13.9938	1178
66.6182	-22.6159	1179
72.6845	-17.4835	1180
44.4505	-59.8078	1181
45.4389	-50.1422	1182
42.4848	-40.199	1183
64.4369	6.6655	1184
58.3889	3.13335	1185
61.2429	-5.24367	1186
35.8408	57.8622	1187
39.9828	49.6667	1188
46.2639	50.8665	1189
14.2647	54.124	1190
16.5945	50.6713	1191
12.1529	64.6057	1192
32.0295	74.7715	1193
26.286	74.5473	1194
30.9602	66.8562	1195
-8.41437	108.455	1196
-2.23084	105.62	1197
3.96116	102.389	1198
-27.2246	134.184	1199
-23.3061	127.42	1200
-30.4486	132.39	1201
-16.2984	107.737	1202
-21.2806	111.894	1203
-15.3574	110.988	1204
-52.1983	109.424	1205
-48.4417	111.089	1206
-44.3512	107.052	1207
-79.5988	142.533	1208
-74.0714	137.034	1209
-78.2291	134.429	1210
-48.7281	100.328	1211
-54.1862	102.811	1212
-54.4605	106.988	1213
-37.982	80.3751	1214
-42.4273	83.0655	1215
-31.3478	78.9905	1216
-98.6371	114.225	1217
-89.5559	107.899	1218
-89.928	106.504	1219
141.558	-13.5341	1220
133.142	-17.0548	1221
135.018	-19.6366	1222
120.199	15.3136	1223
122.126	8.67175	1224
129.558	11.2008	1225
78.7097	-13.5543	1226
85.5341	-9.08801	1227
83.1868	-1.92192	1228
123.1	31.8591	1229
115.329	29.3955	1230
117.873	22.813	1231
92.4083	67.0693	1232
96.4618	61.536	1233
104.963	62.2248	1234
52.9688	51.7871	1235
59.9071	53.6701	1236
55.1561	61.4992	1237
90.1797	75.0043	1238
81.5127	76.2452	1239
87.1585	71.9086	1240
43.3774	80.055	1241
49.5705	81.7301	1242
57.879	77.8814	1243
9.34571	99.9084	1244
15.8041	96.976	1245
8.60568	98.3934	1246
37.2371	72.5572	1247
28.9189	76.693	1248
35.8504	78.2705	1249
-20.9196	75.7746	1250
-11.3191	73.6645	1251
-1.83545	68.2853	1252
-40.4965	102.436	1253
-36.725	97.4394	1254
-42.9811	98.6436	1255
204.066	-2.24496	1256
196.911	-2.00842	1257
199.268	-3.96081	1258
186.087	27.6877	1259
187.784	21.9326	1260
195.425	21.0142	1261
137.958	14.1628	1262
145.695	16.4801	1263
144.081	22.9104	1264
188.754	37.6693	1265
180.482	38.8169	1266
183.722	33.0603	1267
154.693	58.5121	1268
160.257	57.4592	1269
167.1	54.6427	1270
112.409	62.9778	1271
120.74	63.1618	1272
116.306	67.2449	1273
150.673	52.8887	1274
143.549	57.226	1275
149.04	58.3168	1276
109.906	39.9495	1277
115.497	43.3569	1278
123.355	37.2031	1279
66.32	73.8722	1280
74.647	69.7424	1281
67.9161	67.573	1282
106.521	27.1089	1283
98.1254	33.5422	1284
104.329	36.485	1285
68.3873	24.1051	1286
70.5824	25.6962	1287
80.4148	18.4502	1288
8.91983	62.6848	1289
19.3186	57.1356	1290
14.7702	57.1842	1291
238.693	-36.3882	1292
239.197	-30.2127	1293
239.098	-33.8346	1294
236.143	4.71905	1295
237.921	-0.83286	1296
240.178	-5.44262	1297
203.026	20.4248	1298
210.831	18.3008	1299
209.177	23.8766	1300
232.468	5.6141	1301
229.669	12.0961	1302
233.743	8.53737	1303
202.147	20.0602	1304
206.706	20.135	1305
208.968	14.2884	1306
174.403	51.0836	1307
181.674	46.7556	1308
176.337	46.1546	1309
199.005	8.78951	1310
194.088	14.2684	1311
197.571	18.0498	1312
173.73	-21.0922	1313
176.867	-14.7614	1314
184.068	-21.9017	1315
131.579	30.767	1316
139.774	23.7108	1317
134.864	19.112	1318
169.503	-39.5324	1319
162.864	-30.1716	1320
168.714	-27.1883	1321
136.012	-37.8464	1322
138.157	-36.8472	1323
144.815	-44.83	1324
89.2087	11.5448	1325
98.5593	3.6506	1326
95.9384	2.18258	1327
231.883	-54.9688	1328
232.534	-46.6341	1329
236.519	-43.0458	1330
192.022	-29.5207	1331
199.494	-34.8957	1332
199.21	-43.9819	1333
209.85	7.66913	1334
209.198	0.651874	1335
203.776	4.91924	1336
235.311	-126.309	1337
234.043	-118.532	1338
236.978	-118.051	1339
209.334	-108.633	1340
213.263	-110.714	1341
215.348	-118.824	1342
200.206	-54.4018	1343
202.228	-63.828	1344
195.067	-61.0371	1345
203.964	-112.572	1346
200.679	-103.982	1347
205.046	-106.227	1348
182.955	-100.007	1349
184.4	-99.9913	1350
189.246	-107.292	1351
151.684	-53.3643	1352
157.542	-61.0679	1353
155.854	-62.1532	1354
243.643	-174.774	1355
242.35	-171.528	1356
245.105	-171.941	1357
223.5	-162.704	1358
226.383	-165.623	1359
227.311	-168.273	1360
217.406	-127.489	1361
219.103	-134.903	1362
215.779	-132.488	1363
220.33	-160.457	1364
218.999	-157.662	1365
221.35	-160.575	1366
219.818	-143.92	1367
218.614	-144.112	1368
221.338	-147.253	1369
193.536	-113.546	1370
198.401	-120.311	1371
197.947	-120.027	1372
-181.783	-121.696	1373
-186.94	-122.26	1374
-186.781	-125.08	1375
-188.429	-112.904	1376
-187.562	-117.525	1377
-182.53	-117.661	1378
-195.102	-118.296	1379
-191.767	-118.489	1380
-192.795	-113.112	1381
-191.113	-72.8564	1382
-195.441	-75.8556	1383
-194.044	-82.5578	1384
-199.006	-64.3952	1385
-197.02	-70.4007	1386
-192.973	-66.166	1387
-203.523	-75.5958	1388
-200.768	-72.8227	1389
-202.44	-68.1043	1390
-114.721	-171.564	1391
-120.232	-164.93	1392
-122.954	-165.783	1393
-115.161	-158.682	1394
-117.433	-162.591	1395
-112.288	-168.478	1396
-128.017	-148.856	1397
-123.038	-155.476	1398
-119.973	-153.199	1399
-132.383	-131.313	1400
-136.624	-132.628	1401
-132.957	-140.54	1402
-141.707	-114.622	1403
-139.664	-123.335	1404
-134.852	-123.553	1405
-151.3	-121.631	1406
-145.046	-123.459	1407
-147.346	-113.588	1408
-113.513	-55.475	1409
-116.398	-63.5143	1410
-113.907	-69.2119	1411
-124.699	-53.6855	1412
-120.052	-57.5748	1413
-116.909	-49.7849	1414
-125.83	-73.4041	1415
-123.047	-66.0004	1416
-127.79	-61.9454	1417
-104.372	-122.629	1418
-108.339	-122.102	1419
-108.206	-130.185	1420
-108.965	-106.496	1421
-108.437	-114.873	1422
-104.584	-114.38	1423
-116.252	-117.035	1424
-112.518	-115.389	1425
-112.699	-108.824	1426
-154.589	-18.3633	1427
-158.288	-27.6417	1428
-153.077	-33.2181	1429
-167.947	-15.7758	1430
-162.953	-21.4891	1431
-159.569	-13.7131	1432
-170.43	-37.6731	1433
-166.643	-30.0806	1434
-171.34	-23.9704	1435
-176.534	61.7416	1436
-176.339	54.151	1437
-172.851	56.6697	1438
-183.077	45.99	1439
-179.752	49.9933	1440
-180.215	58.9512	1441
-177.454	34.4658	1442
-178.885	42.4173	1443
-181.778	38.0554	1444
-69.9842	-229.016	1445
-76.089	-221.088	1446
-76.6348	-223.921	1447
-74.4648	-213.232	1448
-74.8747	-217.858	1449
-69.4602	-225.236	1450
-85.5723	-202.77	1451
-80.5638	-209.789	1452
-79.5121	-205.636	1453
-93.8183	35.6576	1454
-96.0156	22.9235	1455
-95.2129	18.8616	1456
-102.492	30.8939	1457
-98.2791	26.7582	1458
-96.4129	39.7283	1459
-102.826	1.84064	1460
-100.549	14.7469	1461
-104.647	18.5788	1462
-133.193	56.8697	1463
-135.034	47.3144	1464
-129.37	44.4888	1465
-146.586	51.7564	1466
-140.67	49.1969	1467
-139.132	59.3658	1468
-145.312	30.4317	1469
-142.787	40.2317	1470
-148.548	42.0699	1471
-13.9512	-276.533	1472
-21.197	-273.174	1473
-22.8086	-274.238	1474
-20.3966	-267.858	1475
-20.2178	-271.039	1476
-12.7617	-274.628	1477
-35.7319	-260.798	1478
-28.4638	-265.975	1479
-27.7371	-263.557	1480
-77.7873	135.598	1481
-79.7695	124.138	1482
-78.3879	122.727	1483
-87.1444	126.425	1484
-82.6087	125.033	1485
-81.093	137.101	1486
-86.7374	101.016	1487
-84.6172	113.563	1488
-88.9559	114.275	1489
-122.453	140.625	1490
-123.515	129.706	1491
-117.184	129.793	1492
-137.208	129.86	1493
-130.172	130.369	1494
-129.207	140.129	1495
-132.825	109.845	1496
-131.401	119.652	1497
-138.178	120.297	1498
-175.364	133.463	1499
-175.69	123.846	1500
-170.072	125.83	1501
-186.07	118.93	1502
-180.777	121.882	1503
-180.978	130.574	1504
-181.241	103.532	1505
-181.013	112.2	1506
-185.828	110.108	1507
35.2768	-261.885	1508
31.8106	-267.534	1509
31.4421	-269.086	1510
33.4785	-264.463	1511
32.5686	-265.814	1512
36.0133	-260.196	1513
22.1438	-275.096	1514
27.3439	-271.477	1515
28.0497	-269.88	1516
-66.9044	216.137	1517
-67.8269	208.413	1518
-65.5745	207.504	1519
-76.4161	209.053	1520
-71.565	208.275	1521
-70.6767	216.894	1522
-74.0213	190.187	1523
-72.658	199.98	1524
-77.5535	199.761	1525
-114.969	215.368	1526
-115.563	207.409	1527
-108.413	207.625	1528
-130.431	205.138	1529
-122.747	206.692	1530
-122.095	214.103	1531
-124.648	189.285	1532
-123.665	197.771	1533
-131.165	197.152	1534
-173.431	201.675	1535
-174.172	193.601	1536
-167.598	196.068	1537
-186.566	188.435	1538
-180.412	191.313	1539
-180.28	198.32	1540
-180.899	175.183	1541
-180.699	182.923	1542
-186.494	180.974	1543
48.7675	-200.334	1544
47.8807	-209.573	1545
47.4621	-211.311	1546
49.5368	-205.383	1547
48.5872	-207.162	1548
49.2396	-198.211	1549
46.8047	-223.863	1550
47.8788	-215.01	1551
49.0439	-213.439	1552
-44.516	225.993	1553
-48.1534	231.883	1554
-45.1877	232.801	1555
-57.4903	232.432	1556
-52.2067	232.392	1557
-49.5108	226.312	1558
-59.3199	239.968	1559
-55.2978	236.695	1560
-61.2347	237.295	1561
-98.9197	229.56	1562
-100.796	234.245	1563
-93.4592	234.62	1564
-117.011	232.777	1565
-109.368	233.68	1566
-106.36	228.791	1567
-114.648	239.809	1568
-110.904	237.633	1569
-119.484	236.674	1570
-156.614	216.206	1571
-160.096	220.955	1572
-154.145	223.735	1573
-171.099	215.073	1574
-165.604	217.808	1575
-162.578	213.611	1576
-172.07	223.64	1577
-169.256	221.693	1578
-173.996	218.757	1579
52.4928	-130.519	1580
52.3058	-139.718	1581
53.1228	-142.61	1582
49.8277	-132.815	1583
51.0827	-136.196	1584
51.2216	-127.841	1585
50.9665	-154.08	1586
51.0296	-145.699	1587
49.9366	-142.494	1588
-18.925	156.318	1589
-22.0193	166.216	1590
-19.7761	165.281	1591
-31.092	171.061	1592
-26.5324	168.96	1593
-22.6877	158.905	1594
-33.4946	187.425	1595
-29.7994	177.956	1596
-35.0775	180.64	1597
-69.5124	176.824	1598
-74.1637	184.117	1599
-65.9142	182.89	1600
-89.2683	184.214	1601
-81.4229	184.028	1602
-77.6429	177.679	1603
-89.0334	197.877	1604
-85.6843	191.125	1605
-92.9154	190.719	1606
-120.899	164.926	1607
-126.604	172.243	1608
-121.308	175.421	1609
-134.71	165.219	1610
-130.563	168.232	1611
-125.203	161.667	1612
-140.569	182.314	1613
-136.122	175.582	1614
-139.737	172.023	1615
64.7387	-69.8058	1616
61.7462	-76.6407	1617
63.4894	-78.7822	1618
56.7422	-66.533	1619
59.1538	-71.8843	1620
62.893	-65.9942	1621
54.5656	-86.1634	1622
56.4887	-79.3976	1623
54.1264	-72.7244	1624
43.1447	-7.96874	1625
39.037	-11.6165	1626
42.0632	-22.3018	1627
32.0867	11.9283	1628
35.5553	0.456906	1629
39.9793	2.34113	1630
30.9816	-4.89953	1631
32.6437	-2.51937	1632
28.7176	11.0574	1633
11.2505	78.1992	1634
7.06085	82.6666	1635
11.5873	71.5791	1636
-2.39319	101.419	1637
2.85976	91.9967	1638
6.27907	87.9415	1639
-4.09063	107.668	1640
-1.01891	99.4079	1641
-5.51089	107.682	1642
-35.2364	126.761	1643
-40.039	132.497	1644
-32.845	129.796	1645
-52.7982	134.488	1646
-46.1447	133.458	1647
-41.8898	128.373	1648
-54.6835	145.153	1649
-50.8435	139.486	1650
-56.9665	139.91	1651
-72.6878	116.372	1652
-78.726	121.138	1653
-76.8187	125.983	1654
-81.011	112.861	1655
-80.6671	117.3	1656
-73.3817	111.766	1657
-94.1264	129.13	1658
-87.0837	122.724	1659
-88.7418	118.93	1660
110.603	-28.4602	1661
103.992	-32.2876	1662
105.501	-34.9655	1663
99.2377	-24.0764	1664
101.012	-29.2465	1665
108.544	-24.6727	1666
87.5735	-38.2129	1667
94.5172	-33.4014	1668
92.1452	-28.6674	1669
92.0299	21.1952	1670
84.5946	17.2206	1671
87.3276	9.90671	1672
78.0852	33.0213	1673
81.0307	25.4364	1674
88.894	28.2687	1675
67.4857	18.6323	1676
74.4929	21.9379	1677
70.7247	30.453	1678
59.4343	75.8376	1679
52.0654	75.7611	1680
57.4935	68.7092	1681
41.1596	85.7695	1682
46.7573	80.9016	1683
53.8327	81.2735	1684
33.8248	81.0667	1685
39.6648	81.1403	1686
34.6544	86.341	1687
7.80323	89.8822	1688
0.751065	94.3727	1689
8.16699	94.9449	1690
-13.2179	93.3387	1691
-5.85556	93.5828	1692
-0.116584	89.1801	1693
-16.7649	103.118	1694
-11.8968	98.556	1695
-18.0029	97.9363	1696
173.483	-3.82104	1697
165.256	-5.71529	1698
167.717	-8.0081	1699
161.102	1.91293	1700
162.321	-2.23353	1701
170.879	-0.312871	1702
146.85	-7.19389	1703
155.106	-4.36429	1704
152.691	0.139319	1705
156.102	38.1982	1706
147.87	37.5424	1707
150.622	30.6643	1708
140.676	48.9344	1709
144.566	43.0963	1710
152.702	44.1144	1711
128.087	39.9779	1712
136.154	42.1855	1713
133.072	47.8393	1714
120.51	67.9755	1715
113.759	70.2307	1716
119.173	69.0022	1717
101.033	70.3593	1718
106.695	71.0424	1719
114.899	67.6544	1720
91.907	75.9477	1721
99.6419	73.6816	1722
92.7148	74.1519	1723
71.2348	51.8868	1724
62.7697	57.1542	1725
69.1769	59.9016	1726
48.1234	54.0983	1727
55.4599	55.3658	1728
64.9323	50.1028	1729
38.1105	65.6733	1730
46.2982	60.7602	1731
39.4587	59.185	1732
230.738	-13.2437	1733
224.84	-8.74113	1734
227.009	-11.3016	1735
222.512	-0.0917594	1736
224.136	-5.22471	1737
229.588	-8.85975	1738
210.608	-0.0502529	1739
217.221	-1.84774	1740
216.294	2.46062	1741
216.686	27.138	1742
210.169	31.1955	1743
213.549	26.3507	1744
202.74	38.9535	1745
206.671	34.986	1746
212.325	31.4211	1747
193.5	40.7872	1748
199.834	38.5859	1749
196.464	41.9982	1750
177.551	31.2549	1751
171.735	36.9346	1752
176.588	39.7938	1753
161.076	30.0879	1754
166.463	33.8416	1755
172.961	27.9668	1756
152.549	45.3109	1757
159.309	39.8933	1758
154.571	36.14	1759
139.877	-3.90162	1760
131.647	4.79318	1761
137.777	8.24794	1762
120.241	-0.344592	1763
126.314	1.64679	1764
133.752	-6.21609	1765
109.722	17.0421	1766
117.695	9.82206	1767
112.523	7.52247	1768
234.528	-22.9775	1769
234.981	-16.2172	1770
238.923	-14.3065	1771
224.683	-13.9799	1772
230.202	-15.9293	1773
229.297	-22.9946	1774
229.887	-0.717667	1775
230.207	-7.84198	1776
225.319	-6.64566	1777
231.466	-91.8876	1778
231.038	-83.3365	1779
234.437	-82.0978	1780
221.562	-80.6072	1781
226.574	-82.7591	1782
227.349	-91.2524	1783
226.56	-64.3096	1784
226.153	-73.2921	1785
220.964	-72.1073	1786
190.392	-78.1393	1787
186.273	-68.3239	1788
192.285	-69.5366	1789
175.172	-68.6467	1790
180.633	-68.7018	1791
185.035	-77.1157	1792
170.038	-50.267	1793
175.58	-58.9727	1794
170.375	-59.7868	1795
239.641	-155.786	1796
238.71	-149.537	1797
241.294	-148.978	1798
232.086	-147.58	1799
235.113	-148.603	1800
236.532	-155.582	1801
233.066	-133.672	1802
234.234	-141.771	1803
230.927	-140.279	1804
213.277	-141.511	1805
211.47	-135.479	1806
214.817	-137.603	1807
205.96	-130.398	1808
208.513	-133.003	1809
210.549	-139.37	1810
203.419	-118.76	1811
205.978	-125.528	1812
203.329	-124.13	1813
-165.959	-110.754	1814
-164.275	-118.826	1815
-157.674	-120.001	1816
-177.016	-117.761	1817
-170.697	-117.484	1818
-171.939	-111.272	1819
-168.568	-127.689	1820
-169.537	-123.441	1821
-176.026	-122.132	1822
-181.31	-90.559	1823
-175.478	-87.8057	1824
-176.839	-80.397	1825
-173.282	-103.43	1826
-174.227	-96.2315	1827
-180.213	-97.2877	1828
-161.976	-93.6612	1829
-168.298	-94.2314	1830
-167.068	-103.172	1831
-193.605	-107.682	1832
-194.368	-102.488	1833
-197.558	-103.07	1834
-185.53	-99.3706	1835
-190.344	-100.481	1836
-189.387	-107.089	1837
-192.878	-88.1694	1838
-191.427	-94.8332	1839
-186.752	-92.176	1840
-182.155	-45.2737	1841
-178.759	-52.1682	1842
-174.535	-44.9974	1843
-188.411	-62.7084	1844
-183.411	-57.4253	1845
-186.296	-51.6952	1846
-178.631	-72.0214	1847
-180.809	-64.9697	1848
-186.259	-68.7171	1849
-196.935	-41.0361	1850
-193.431	-34.5537	1851
-195.174	-31.3164	1852
-188.926	-45.1479	1853
-191.211	-39.9049	1854
-195.224	-45.0918	1855
-185.03	-26.0867	1856
-187.896	-32.8381	1857
-185.252	-39.5352	1858
-204.037	-63.1674	1859
-205.369	-58.0314	1860
-207.9	-61.0578	1861
-198.72	-50.6762	1862
-202.291	-54.8616	1863
-200.77	-59.079	1864
-205.549	-48.4136	1865
-203.904	-51.2113	1866
-200.778	-46.0082	1867
-94.427	-182.591	1868
-96.0154	-187.715	1869
-90.6472	-195.428	1870
-106.705	-174.884	1871
-101.006	-181.522	1872
-99.7071	-175.578	1873
-104.782	-188.213	1874
-102.895	-185.687	1875
-108.851	-178.509	1876
-100.005	-150.546	1877
-95.0097	-155.013	1878
-95.1991	-145.185	1879
-97.6024	-170.012	1880
-96.0858	-162.632	1881
-100.818	-158.466	1882
-87.0147	-176.751	1883
-91.2465	-169.354	1884
-93.0067	-175.925	1885
-117.486	-149.316	1886
-115.223	-145.354	1887
-119.369	-140.143	1888
-105.975	-153.711	1889
-110.655	-149.85	1890
-112.559	-155.199	1891
-108.55	-137.185	1892
-109.418	-143.316	1893
-104.619	-147.505	1894
-124.331	-112.548	1895
-123.276	-119.758	1896
-120.004	-118.327	1897
-130.835	-121.998	1898
-126.783	-121.291	1899
-128.136	-113.318	1900
-122.489	-134.911	1901
-125.107	-127.841	1902
-128.414	-130.208	1903
-132.893	-88.6792	1904
-128.509	-89.6576	1905
-127.541	-82.1296	1906
-128.882	-105.729	1907
-128.748	-98.2219	1908
-133.305	-96.9856	1909
-120.736	-98.547	1910
-124.924	-98.3484	1911
-124.557	-106.009	1912
-148.686	-103.71	1913
-149.167	-94.2322	1914
-155.39	-92.9757	1915
-138.422	-96.0312	1916
-143.405	-94.7043	1917
-142.9	-104.975	1918
-142.557	-74.8156	1919
-143.219	-85.1804	1920
-138.217	-86.7237	1921
-111.87	-14.8749	1922
-107.543	-21.6465	1923
-105.21	-9.89768	1924
-113.814	-40.7228	1925
-110.509	-31.8772	1926
-114.895	-25.6716	1927
-104.531	-48.4884	1928
-107.125	-38.9574	1929
-110.323	-48.1417	1930
-134.215	-21.6969	1931
-130.875	-12.3253	1932
-136.889	-8.4379	1933
-119.934	-20.01	1934
-125.123	-15.4085	1935
-128.34	-25.9842	1936
-119.512	5.36913	1937
-122.107	-5.56793	1938
-116.78	-10.1286	1939
-132.868	-58.5348	1940
-138.231	-55.5919	1941
-140.899	-64.7905	1942
-131.872	-35.2984	1943
-135.205	-45.6482	1944
-129.79	-49.5426	1945
-147.325	-38.2251	1946
-141.157	-41.567	1947
-137.636	-32.1	1948
-95.0216	-101.764	1949
-94.085	-113.767	1950
-92.1498	-115.81	1951
-100.903	-113.402	1952
-96.9534	-113.664	1953
-98.0045	-102.015	1954
-95.5713	-135.552	1955
-96.3335	-124.215	1956
-100.186	-123.714	1957
-104.241	-73.6876	1958
-101.146	-69.2995	1959
-102.778	-58.1373	1960
-98.8256	-91.3586	1961
-100.003	-79.7337	1962
-103.055	-83.8612	1963
-96.249	-74.1183	1964
-97.5342	-76.8908	1965
-96.3485	-88.8235	1966
-112.972	-101.61	1967
-113.298	-93.8941	1968
-117.118	-97.3661	1969
-106.481	-86.9948	1970
-109.682	-91.0471	1971
-109.374	-98.4971	1972
-111.982	-76.3457	1973
-110.565	-82.9841	1974
-107.314	-78.9222	1975
-155.518	15.6566	1976
-150.197	12.6912	1977
-147.714	21.2717	1978
-156.475	-4.77459	1979
-153.037	3.27809	1980
-158.29	7.85493	1981
-142.588	-5.15427	1982
-147.921	-0.485042	1983
-151.335	-9.94164	1984
-174.525	15.6509	1985
-171.81	21.798	1986
-175.164	28.2783	1987
-163.126	11.8109	1988
-167.664	17.0701	1989
-170.599	10.2913	1990
-162.991	31.7019	1991
-165.102	23.7158	1992
-160.498	19.9998	1993
-175.599	-17.2047	1994
-179.283	-11.1472	1995
-182.338	-18.0622	1996
-173.369	2.9698	1997
-176.145	-3.59635	1998
-172.434	-10.3568	1999
-182.482	10.8754	2000
-179.704	2.70113	2001
-176.993	9.83924	2002
-185.276	82.4645	2003
-181.021	84.8268	2004
-181.254	94.3323	2005
-180.825	67.1608	2006
-180.706	76.4389	2007
-184.905	72.8181	2008
-171.709	81.4019	2009
-176.556	78.8327	2010
-176.711	70.6988	2011
-192.742	53.3399	2012
-194.181	62.7928	2013
-196.385	60.7091	2014
-188.285	69.6357	2015
-191.249	66.0629	2016
-190.334	55.9769	2017
-193.114	85.4089	2018
-192.339	75.2083	2019
-189.127	78.5713	2020
-184.392	32.7815	2021
-186.264	28.3842	2022
-184.671	18.8808	2023
-189.084	46.9597	2024
-187.789	37.1096	2025
-185.745	42.0667	2026
-191.982	30.2159	2027
-189.93	33.7206	2028
-191.445	42.9931	2029
-49.6584	-244.759	2030
-50.0334	-248.016	2031
-43.5767	-254.134	2032
-63.2289	-233.323	2033
-57.0872	-240.414	2034
-56.5226	-237.095	2035
-58.4756	-245.556	2036
-57.7896	-243.518	2037
-64.3759	-235.986	2038
-60.0325	-219.361	2039
-54.0066	-227.677	2040
-53.3203	-225.837	2041
-55.3186	-234.223	2042
-54.4609	-230.95	2043
-61.0874	-222.064	2044
-40.9673	-245.91	2045
-47.7193	-238.969	2046
-49.1018	-241.206	2047
-78.5415	-200.578	2048
-77.86	-195.003	2049
-82.403	-186.188	2050
-66.7913	-213.867	2051
-72.5979	-204.376	2052
-73.0978	-209.566	2053
-71.584	-196.632	2054
-71.9038	-199.923	2055
-65.9701	-210.186	2056
-94.8289	78.3755	2057
-90.7107	76.5198	2058
-89.0771	89.1977	2059
-94.6062	51.6705	2060
-92.5912	64.6045	2061
-96.626	66.8481	2062
-89.1063	58.995	2063
-90.0726	61.4658	2064
-92.1891	49.072	2065
-113.305	62.3182	2066
-111.624	72.8214	2067
-117.809	74.7759	2068
-100.895	68.755	2069
-105.792	71.5665	2070
-107.567	59.8116	2071
-102.804	94.4244	2072
-104.213	82.5145	2073
-99.2619	80.9016	2074
-109.204	22.6069	2075
-114.22	26.8299	2076
-116.913	15.4634	2077
-109.605	49.04	2078
-111.698	37.3644	2079
-106.936	34.4594	2080
-123.458	42.8608	2081
-117.596	40.4725	2082
-115.264	50.9243	2083
-141.268	90.2863	2084
-134.95	88.9289	2085
-134.021	99.6096	2086
-137.671	69.2269	2087
-136.202	79.2523	2088
-142.338	79.9695	2089
-123.961	75.7804	2090
-129.988	77.8502	2091
-131.551	67.1063	2092
-160.903	73.3508	2093
-160.233	82.6615	2094
-166.333	81.9138	2095
-148.317	81.5249	2096
-154.191	81.8463	2097
-155.112	73.2864	2098
-153.158	100.506	2099
-153.565	91.5732	2100
-147.471	90.5869	2101
-154.115	45.1065	2102
-159.079	47.0096	2103
-161.025	39.5382	2104
-156.21	63.9256	2105
-157.435	55.7593	2106
-152.304	53.4067	2107
-168.075	57.7409	2108
-162.999	56.6559	2109
-161.764	65.2358	2110
9.67512	-276.895	2111
9.69243	-279.344	2112
16.061	-277.678	2113
-4.64314	-277.453	2114
2.33708	-278.925	2115
3.25219	-276.473	2116
0.169013	-281.648	2117
2.08258	-280.854	2118
-5.91707	-279.32	2119
-1.20565	-268.686	2120
6.75003	-270.428	2121
6.35499	-268.961	2122
3.64019	-274.209	2123
5.14477	-272.202	2124
-1.84741	-270.579	2125
19.0633	-271.752	2126
12.8342	-272.606	2127
11.2631	-274.481	2128
-27.1231	-260.501	2129
-25.7175	-258.717	2130
-33.5656	-252.633	2131
-10.1964	-267.496	2132
-17.5897	-263.51	2133
-19.3081	-265.623	2134
-17.0176	-259.952	2135
-17.1861	-261.455	2136
-8.55217	-265.898	2137
-80.935	170.393	2138
-76.1629	170.431	2139
-75.1129	180.32	2140
-79.3328	148.533	2141
-77.4951	159.243	2142
-82.2445	160.094	2143
-72.687	157.962	2144
-74.3637	158.847	2145
-75.9071	147.187	2146
-100.748	150.824	2147
-99.4649	160.934	2148
-106.12	160.967	2149
-87.3853	160.222	2150
-92.9765	161.156	2151
-94.3672	150.056	2152
-91.116	181.117	2153
-91.9428	171.102	2154
-86.1771	171.184	2155
-94.0884	115.472	2156
-99.4901	117.196	2157
-101.232	105.394	2158
-95.9924	139.6	2159
-97.6093	128.024	2160
-92.3108	127.404	2161
-110.696	129.477	2162
-104.042	129.018	2163
-102.271	139.596	2164
-133.394	169.327	2165
-126.11	170.53	2166
-125.661	179.692	2167
-128.28	150.767	2168
-126.971	160.29	2169
-134.204	160.136	2170
-113.202	161.28	2171
-119.916	160.743	2172
-121.258	151.002	2173
-156.069	147.166	2174
-155.528	156.969	2175
-162.463	155.051	2176
-141.527	159.342	2177
-148.555	157.744	2178
-149.276	148.723	2179
-147.269	176.245	2180
-147.815	167.557	2181
-140.739	168.381	2182
-145.049	120.318	2183
-151.651	119.597	2184
-152.565	110.016	2185
-149.942	138.734	2186
-150.587	129.641	2187
-144.093	129.656	2188
-163.961	127.796	2189
-157.316	128.409	2190
-156.774	138.268	2191
-186.414	155.622	2192
-180.868	157.441	2193
-181.003	166.609	2194
-180.85	139.649	2195
-180.603	149.106	2196
-186.28	146.281	2197
-169.058	153.749	2198
-175.083	151.092	2199
-175.165	142.53	2200
-198.641	130.632	2201
-199.351	139.416	2202
-202.302	138.742	2203
-191.116	143.648	2204
-195.249	141.726	2205
-195.04	132.203	2206
-196.396	159.416	2207
-195.939	150.14	2208
-191.349	153.002	2209
-190.315	107.418	2210
-194.176	104.101	2211
-193.742	94.9865	2212
-194.745	123.528	2213
-194.491	114.129	2214
-190.668	116.317	2215
-200.828	110.643	2216
-197.94	111.866	2217
-198.371	120.823	2218
45.3366	-238.457	2219
44.0389	-238.788	2220
45.5299	-231.731	2221
39.3055	-253.141	2222
41.7888	-246.593	2223
43.3681	-245.5	2224
40.0492	-250.416	2225
40.7184	-248.468	2226
38.3662	-254.979	2227
45.7875	-248.405	2228
48.1971	-241.942	2229
49.1578	-243.029	2230
44.9783	-243.728	2231
46.8855	-241.504	2232
44.0527	-249.065	2233
49.9857	-226.356	2234
48.5833	-234.636	2235
47.2287	-235.81	2236
29.9284	-267.284	2237
31.0748	-266.012	2238
25.6677	-269.281	2239
40.9038	-255.126	2240
36.2306	-261.503	2241
34.6735	-262.685	2242
38.8374	-260.702	2243
38.0885	-260.305	2244
42.0952	-255.205	2245
-70.6458	236.574	2246
-66.0579	236.384	2247
-63.4219	239.927	2248
-69.5521	224.515	2249
-67.9574	230.496	2250
-72.8875	230.689	2251
-61.5033	230.51	2252
-64.2227	230.836	2253
-65.6527	223.742	2254
-92.3506	224.14	2255
-91.1828	231.144	2256
-97.6178	230.396	2257
-78.1175	231.257	2258
-84.3791	230.881	2259
-85.6618	224.752	2260
-79.8811	240.57	2261
-82.5737	236.765	2262
-76.5405	236.266	2263
-82.9955	200.403	2264
-88.9015	200.018	2265
-90.1676	191.174	2266
-86.8534	216.833	2267
-87.7467	209.193	2268
-81.9124	208.669	2269
-101.415	208.806	2270
-94.3847	208.578	2271
-93.3515	217.111	2272
-126.067	232.542	2273
-118.065	233.985	2274
-116.665	238.092	2275
-121.259	221.879	2276
-119.941	227.995	2277
-127.135	227.301	2278
-105.291	229.926	2279
-112.143	229.263	2280
-114.166	222.196	2281
-151.228	214.996	2282
-150.389	222.037	2283
-157.373	219.892	2284
-135.041	225.284	2285
-142.721	224.066	2286
-143.683	217.42	2287
-140.106	234.045	2288
-141.205	229.372	2289
-133.268	231.443	2290
-138.631	195.951	2291
-145.954	193.819	2292
-146.627	185.62	2293
-144.613	209.802	2294
-145.164	202.54	2295
-137.92	203.816	2296
-160.427	198.171	2297
-153.007	200.248	2298
-152.055	208.344	2299
-183.194	214.891	2300
-176.756	217.968	2301
-174.818	221.76	2302
-179.325	206.014	2303
-178.565	211.995	2304
-184.492	209.905	2305
-165.103	217.352	2306
-171.94	214.689	2307
-172.771	208.649	2308
-199.716	196.254	2309
-199.085	202.027	2310
-202.142	200.871	2311
-190.015	206.71	2312
-194.583	204.597	2313
-195.775	197.938	2314
-191.177	213.822	2315
-193.641	209.413	2316
-188.529	212.521	2317
-191.926	178.654	2318
-196.775	175.662	2319
-196.695	167.878	2320
-196.21	191.612	2321
-196.534	184.098	2322
-192.006	186.098	2323
-203.971	180.527	2324
-200.601	182.055	2325
-200.486	188.926	2326
50.0277	-169.382	2327
50.2866	-172.489	2328
50.7489	-163.195	2329
49.6701	-189.582	2330
49.9377	-181.417	2331
50.0459	-178.922	2332
50.1887	-185.362	2333
50.2002	-183.144	2334
49.43	-192.296	2335
51.4615	-182.373	2336
50.5091	-172.518	2337
51.1849	-173.579	2338
50.0511	-175.27	2339
50.0612	-173.185	2340
50.6972	-183.03	2341
48.8391	-154.904	2342
49.4182	-164.576	2343
49.7275	-166.656	2344
50.104	-211.983	2345
51.2495	-209.633	2346
50.735	-218.736	2347
51.1088	-191.74	2348
51.2922	-201.423	2349
50.4621	-203.205	2350
53.2701	-201.718	2351
52.5116	-201.053	2352
52.0516	-191.143	2353
-44.9796	205.24	2354
-40.4111	204.627	2355
-36.84	196.04	2356
-46.1523	219.733	2357
-42.835	212.085	2358
-48.7108	213.252	2359
-35.7142	212.17	2360
-38.843	211.82	2361
-41.2047	219.231	2362
-72.3536	222.704	2363
-68.9499	215.99	2364
-77.2888	217.216	2365
-54.4689	213.91	2366
-61.7921	215.104	2367
-64.2978	221.466	2368
-54.4072	200.412	2369
-57.9181	207.855	2370
-51.5067	206.778	2371
-66.6005	237.769	2372
-73.5452	238.188	2373
-77.1168	240.896	2374
-67.7365	228.009	2375
-70.1341	233.355	2376
-64.1778	233.078	2377
-84.8472	234.365	2378
-77.8205	234.043	2379
-74.6928	228.451	2380
-105.707	210.836	2381
-97.1872	210.943	2382
-93.6149	204.856	2383
-103.566	223.169	2384
-101.012	217.47	2385
-108.679	216.71	2386
-84.7759	217.623	2387
-92.7182	217.329	2388
-96.0559	224.145	2389
-134.664	218.484	2390
-131.388	212.66	2391
-137.547	210.455	2392
-116.913	215.921	2393
-123.855	214.203	2394
-127.018	220.056	2395
-115.774	201.929	2396
-120.492	208.322	2397
-112.903	209.647	2398
-126.785	235.391	2399
-135.107	233.778	2400
-137.412	235.65	2401
-130.19	225.511	2402
-132.39	229.846	2403
-125.272	231.799	2404
-147.468	226.159	2405
-140.057	228.182	2406
-137.009	223.425	2407
-154.886	192.462	2408
-150.531	195.776	2409
-145.381	189.028	2410
-158.802	208.059	2411
-154.393	201.803	2412
-159.662	199.032	2413
-144.213	208.218	2414
-149.376	205.05	2415
-153.177	211.031	2416
-174.724	197.014	2417
-169.916	190.737	2418
-172.499	189.846	2419
-163.343	195.614	2420
-167.155	192.818	2421
-170.905	198.649	2422
-157.315	179.894	2423
-162.002	186.199	2424
-159.219	189.651	2425
-178.986	215.835	2426
-183.641	213.022	2427
-187.978	214.657	2428
-175.35	204.447	2429
-179.078	209.073	2430
-175.832	212.263	2431
-185.125	205.491	2432
-182.428	207.027	2433
-178.759	202.52	2434
50.4245	-96.8975	2435
52.2803	-101.221	2436
53.2158	-93.9938	2437
51.3933	-118.845	2438
51.6858	-110.168	2439
50.0336	-105.161	2440
54.4796	-117.281	2441
53.2295	-113.733	2442
52.8079	-121.965	2443
45.3208	-103.783	2444
44.9596	-92.3697	2445
44.02	-89.4484	2446
48.2112	-101.224	2447
46.4144	-96.5061	2448
46.5994	-107.167	2449
46.6244	-76.8824	2450
46.3936	-87.1004	2451
48.4368	-91.4161	2452
48.825	-138.998	2453
47.7653	-135.844	2454
48.3202	-146.125	2455
46.9173	-116.477	2456
47.3162	-126.628	2457
48.5416	-129.078	2458
45.845	-122.613	2459
46.3322	-124.483	2460
45.7586	-113.741	2461
-16.614	134.157	2462
-11.4614	127.995	2463
-7.99772	118.212	2464
-18.8181	148.6	2465
-15.4665	138.728	2466
-19.9439	143.146	2467
-8.96124	130.735	2468
-11.3953	133.919	2469
-15.2333	145.443	2470
-42.5438	163.047	2471
-39.3029	155.864	2472
-46.1477	158.911	2473
-25.9915	147.955	2474
-31.9352	151.578	2475
-35.9988	160.05	2476
-24.0632	135.949	2477
-28.3818	143.991	2478
-21.8194	138.963	2479
-41.0476	182.773	2480
-47.1673	184.494	2481
-51.2159	192.984	2482
-39.4063	167.94	2483
-43.8291	176.562	2484
-36.9321	173.84	2485
-58.3852	181.466	2486
-50.4959	178.755	2487
-46.8465	171.159	2488
-71.0038	158.023	2489
-64.2766	158.027	2490
-59.8053	151.687	2491
-73.213	170.924	2492
-68.5865	163.96	2493
-76.2594	164.674	2494
-53.8824	161.691	2495
-61.4338	163.4	2496
-65.1767	169.862	2497
-100.436	167.187	2498
-95.0717	160.732	2499
-100.537	158.349	2500
-82.7642	163.767	2501
-89.5502	162.652	2502
-93.8161	168.662	2503
-78.7915	150.531	2504
-83.9962	156.243	2505
-78.2004	157.901	2506
-100.395	190.107	2507
-107.745	188.828	2508
-111.461	195.332	2509
-98.841	175.459	2510
-103.029	181.822	2511
-96.6014	183.661	2512
-115.911	178.414	2513
-109.874	180.445	2514
-104.784	173.477	2515
-109.472	137.119	2516
-107.255	141.466	2517
-100.257	135.055	2518
-119.491	154.81	2519
-113.173	147.655	2520
-116.479	144.139	2521
-105.781	155.805	2522
-110.021	151.978	2523
-115.287	158.239	2524
-129.265	140.831	2525
-122.444	134.121	2526
-123.785	132.694	2527
-118.369	139.897	2528
-120.332	136.387	2529
-127.61	143.633	2530
-105.375	123.229	2531
-113.46	129.965	2532
-111.826	133.467	2533
-143.443	168.912	2534
-145.89	165.15	2535
-151.835	172.843	2536
-133.714	150.76	2537
-140.405	158.047	2538
-137.361	161.267	2539
-144.771	154.636	2540
-142.533	155.512	2541
-136.498	148.326	2542
74.184	-42.8308	2543
76.1029	-48.6248	2544
82.1501	-43.0657	2545
66.6559	-60.2146	2546
71.2961	-53.8481	2547
68.9087	-48.7688	2548
75.4715	-60.4203	2549
73.5576	-58.0854	2550
69.1262	-63.5949	2551
56.2793	-32.5814	2552
61.1942	-26.9146	2553
58.4916	-19.0246	2554
66.4462	-41.9098	2555
63.7692	-35.4765	2556
58.999	-40.2982	2557
75.1232	-24.6589	2558
69.2543	-29.7444	2559
71.494	-37.2099	2560
51.3319	-67.0192	2561
48.431	-58.8308	2562
47.1651	-67.3731	2563
54.708	-46.1642	2564
51.0177	-52.6295	2565
53.9409	-59.7682	2566
45.1965	-33.9223	2567
48.0405	-43.3947	2568
51.9296	-38.3368	2569
51.8066	21.4504	2570
54.6555	12.4892	2571
61.2775	15.7301	2572
44.3402	6.07522	2573
49.5464	8.89299	2574
45.8199	19.2337	2575
55.7761	-9.87699	2576
52.638	-0.151304	2577
47.7783	-4.55974	2578
28.7081	48.1444	2579
34.3053	48.1267	2580
29.8553	57.8025	2581
42.3004	28.6443	2582
38.2472	39.043	2583
33.0341	37.274	2584
50.7226	42.238	2585
44.1367	39.9839	2586
47.9588	31.2335	2587
24.713	24.3013	2588
20.7896	37.0876	2589
18.6242	38.9681	2590
28.087	36.7139	2591
24.1233	36.0693	2592
28.0117	24.5958	2593
15.9265	59.7764	2594
19.7753	48.4565	2595
24.1277	47.3872	2596
16.1885	89.0667	2597
20.9528	82.6599	2598
27.3895	81.6042	2599
10.4818	85.6795	2600
15.6462	83.468	2601
10.2732	91.3169	2602
25.6266	66.3112	2603
20.4119	75.5987	2604
15.6188	76.6276	2605
-11.9447	112.44	2606
-7.00188	108.469	2607
-13.7852	112.655	2608
5.14093	97.6709	2609
-1.20108	103.978	2610
-5.50783	106.793	2611
10.5147	98.5214	2612
4.74171	100.804	2613
10.2926	95.6726	2614
-11.2655	115.869	2615
-16.893	121.983	2616
-20.7223	129.135	2617
-9.97221	111.312	2618
-13.3426	116.023	2619
-7.395	109.187	2620
-26.1591	126.385	2621
-20.0226	122.064	2622
-15.6824	116.446	2623
-33.2085	112.976	2624
-27.687	112.873	2625
-21.9365	107.814	2626
-37.2404	123.012	2627
-32.3008	117.525	2628
-38.5379	118.341	2629
-19.85	115.075	2630
-26.6033	117.028	2631
-30.7015	121.576	2632
-58.1235	120.579	2633
-53.4911	116.164	2634
-57.3663	113.918	2635
-43.4817	117.6	2636
-48.555	116.769	2637
-53.8756	122.191	2638
-38.9768	107.172	2639
-44.0394	112.176	2640
-39.0125	112.906	2641
-63.2907	139.913	2642
-68.4453	138.502	2643
-74.2281	144.941	2644
-58.4447	127.173	2645
-63.9621	132.975	2646
-58.0751	133.889	2647
-72.7316	128.801	2648
-68.3957	131.171	2649
-63.6483	125.967	2650
-51.2622	94.2724	2651
-53.5895	99.0058	2652
-46.3667	95.93	2653
-66.6083	106.835	2654
-60.2502	102.727	2655
-59.2093	98.284	2656
-59.7179	110.833	2657
-60.2101	106.557	2658
-66.6045	111.396	2659
-62.1041	91.3994	2660
-52.709	87.1131	2661
-49.3953	84.9666	2662
-57.0947	93.8149	2663
-55.0031	89.9821	2664
-64.3729	94.6769	2665
-36.4083	82.8831	2666
-46.2807	86.4001	2667
-49.2897	90.3196	2668
-89.4187	114.641	2669
-89.3225	110.708	2670
-97.8639	117.261	2671
-72.5808	99.4023	2672
-81.48	105.065	2673
-81.053	108.646	2674
-79.9971	100.521	2675
-80.6645	102.007	2676
-72.0136	96.6902	2677
129.483	-8.5466	2678
131.198	-13.7611	2679
138.775	-10.1139	2680
115.795	-21.1874	2681
123.516	-16.9384	2682
121.31	-12.5674	2683
127.401	-23.2095	2684
125.271	-20.9701	2685
118.25	-24.3656	2686
106.841	2.08351	2687
114.463	4.79653	2688
112.391	11.8052	2689
118.996	-7.53261	2690
116.543	-1.38167	2691
108.418	-4.84027	2692
132.257	5.10196	2693
124.264	1.54676	2694
126.626	-3.47578	2695
90.1333	-22.8285	2696
87.7454	-16.345	2697
81.1423	-21.0579	2698
101.598	-8.40445	2699
94.3974	-12.7011	2700
96.366	-18.7938	2701
90.2667	2.05973	2702
92.3165	-5.16627	2703
99.4738	-1.67414	2704
108.455	43.0337	2705
111.537	36.4528	2706
120.195	38.4737	2707
96.6645	31.3443	2708
104.062	33.9344	2709
100.185	41.42	2710
110.005	19.2577	2711
107.356	27.0861	2712
99.5135	23.4577	2713
81.0903	59.0287	2714
89.1885	60.1785	2715
84.0736	66.3767	2716
96.921	47.7518	2717
92.8711	54.306	2718
85.6849	52.2335	2719
109.44	56.8962	2720
101.147	55.5675	2721
104.653	49.9381	2722
67.3641	38.1371	2723
64.1535	46.271	2724
57.1966	43.8047	2725
77.9652	50.5908	2726
70.5377	48.2711	2727
74.9283	40.7814	2728
62.2301	62.9418	2729
66.807	55.6413	2730
74.279	57.1394	2731
69.4147	81.2192	2732
76.1324	79.0354	2733
83.7105	77.2929	2734
61.1422	80.4037	2735
68.3114	80.4819	2736
62.436	82.7887	2737
79.8081	71.723	2738
74.2532	76.1724	2739
66.7952	76.4844	2740
35.1255	88.304	2741
42.1455	85.0319	2742
35.9024	83.8913	2743
55.2916	84.8216	2744
49.2334	85.2817	2745
42.4572	87.8974	2746
64.4787	79.2588	2747
56.1194	82.538	2748
63.3083	82.2633	2749
28.6775	90.9322	2750
21.9294	94.9033	2751
16.4418	96.4892	2752
34.8839	90.5832	2753
28.6745	92.6965	2754
34.643	89.9246	2755
15.0053	94.9756	2756
21.6949	94.528	2757
28.7697	91.4072	2758
13.5155	73.9741	2759
20.9681	75.2974	2760
29.7335	70.5454	2761
6.39667	84.5067	2762
13.8473	79.6552	2763
5.36526	78.8856	2764
28.3639	82.5455	2765
21.3968	81.1216	2766
14.3725	85.5196	2767
-24.3439	83.414	2768
-18.1722	78.3959	2769
-27.4143	80.4826	2770
-1.99788	77.9275	2771
-10.3843	77.8969	2772
-16.1093	82.5194	2773
6.10121	67.8921	2774
-2.24666	72.6852	2775
5.17564	73.2405	2776
-24.4977	97.7698	2777
-31.0018	97.5702	2778
-34.4573	102.263	2779
-21.9942	87.7226	2780
-26.4869	92.3614	2781
-20.21	93.0528	2782
-39.7648	94.051	2783
-33.6081	93.0928	2784
-28.7761	87.938	2785
193.146	6.68061	2786
194.414	1.44376	2787
202.745	1.4273	2788
178.653	1.1332	2789
186.941	1.50225	2790
185.456	6.03034	2791
191.291	-4.06896	2792
189.014	-2.10076	2793
180.78	-2.67232	2794
171.118	21.1796	2795
179.272	21.7781	2796
177.6	28.1335	2797
182.985	11.3256	2798
181.04	16.2408	2799
172.282	15.4334	2800
197.592	15.9932	2801
188.776	16.5616	2802
191.539	11.2059	2803
150.109	5.00793	2804
148.113	10.4745	2805
139.818	7.52878	2806
164.564	14.3939	2807
155.698	12.6471	2808
158.755	7.1563	2809
152.912	24.8527	2810
154.443	18.4316	2811
162.222	20.2753	2812
173.696	48.3573	2813
177.551	44.06	2814
185.608	42.6137	2815
161.164	44.6869	2816
169.614	44.4819	2817
166.144	48.9469	2818
176.084	33.5598	2819
172.352	38.9637	2820
164.684	38.7739	2821
145.077	61.3482	2822
152.727	59.7717	2823
147.12	61.4442	2824
161.882	53.3774	2825
157.691	57.2124	2826
149.238	58.1095	2827
172.026	53.2091	2828
165.242	55.2629	2829
169.326	52.4387	2830
129.291	53.3115	2831
125.713	58.621	2832
116.948	57.9185	2833
141.749	58.5971	2834
133.261	58.9655	2835
137.92	54.1931	2836
123.816	66.8438	2837
129.128	63.1693	2838
136.615	62.7245	2839
132.211	52.499	2840
137.615	54.8567	2841
145.31	50.5225	2842
122.545	63.9171	2843
130.008	60.0736	2844
124.67	57.3353	2845
141.928	61.8555	2846
136.32	61.0263	2847
128.171	64.9729	2848
98.6719	54.7477	2849
106.594	49.1931	2850
101.186	45.987	2851
118.861	55.3922	2852
112.881	52.3824	2853
104.202	58.0797	2854
128.721	40.812	2855
121.26	46.857	2856
126.204	49.4781	2857
86.8633	73.2506	2858
80.31	72.3612	2859
72.4671	75.7609	2860
96.379	62.7565	2861
88.3889	67.4043	2862
94.7782	69.802	2863
76.1911	62.3338	2864
82.5209	65.0665	2865
89.9499	60.0382	2866
85.6907	29.3792	2867
92.0919	31.1767	2868
100.385	24.6144	2869
73.6535	44.2067	2870
83.076	37.668	2871
76.8035	35.8245	2872
95.5508	42.7279	2873
88.8507	40.4416	2874
80.4622	46.054	2875
50.9271	38.6999	2876
61.35	32.0667	2877
58.8398	30.8312	2878
70.5528	34.4864	2879
65.2795	33.3083	2880
55.8842	39.429	2881
84.4636	19.6191	2882
75.3952	26.1786	2883
80.3851	27.6841	2884
32.3444	58.0708	2885
25.2262	57.4797	2886
16.0587	62.6154	2887
45.4093	45.8607	2888
35.6967	51.5762	2889
41.3238	52.8514	2890
26.1187	51.032	2891
30.0577	51.1618	2892
41.0917	44.7235	2893
240.246	-19.4046	2894
239.643	-24.5575	2895
239.591	-30.3053	2896
234.376	-13.656	2897
238.114	-19.5607	2898
237.636	-13.8582	2899
238.28	-26.8963	2900
237.895	-23.4249	2901
235.11	-18.3583	2902
229.612	8.47854	2903
234.646	3.38596	2904
232.72	9.05071	2905
237.241	-8.53815	2906
235.71	-2.18318	2907
231.426	2.25936	2908
240.566	-11.3698	2909
239.533	-7.01212	2910
239.811	-12.9062	2911
214.589	7.49191	2912
212.125	13.2795	2913
205.209	14.7541	2914
225.529	7.13591	2915
219.541	10.2423	2916
221.103	5.1595	2917
215.884	21.2645	2918
217.771	15.9486	2919
224.329	12.2698	2920
220.688	16.7925	2921
225.665	14.0574	2922
227.968	7.50073	2923
218.074	26.1641	2924
221.878	21.0051	2925
217.608	23.143	2926
229.815	14.2009	2927
226.473	17.5666	2928
221.763	23.1044	2929
198.52	31.9798	2930
202.708	26.5979	2931
198.336	25.4682	2932
212.557	25.5361	2933
207.957	26.1987	2934
203.98	32.4813	2935
213.867	12.4289	2936
211.186	20.0121	2937
216.129	18.2296	2938
191.778	44.7394	2939
186.31	46.651	2940
179.94	50.0379	2941
198.365	37.6864	2942
193.064	42.1489	2943
197.7	41.3111	2944
182.723	41.2797	2945
187.554	42.6946	2946
193.598	37.4884	2947
187.12	4.18862	2948
190.709	9.21435	2949
196.098	4.33166	2950
179.437	21.5781	2951
184.791	15.6397	2952
181.142	10.0682	2953
193.709	23.215	2954
189.069	19.9441	2955
183.744	25.3069	2956
161.878	1.96965	2957
169.63	-6.48413	2958
165.795	-12.3027	2959
177.216	5.35218	2960
173.223	-0.462775	2961
166.261	7.54685	2962
187.068	-14.889	2963
179.919	-7.32649	2964
183.635	-2.03194	2965
149.082	32.1151	2966
144.679	28.0035	2967
136.59	34.7492	2968
159.316	14.2019	2969
151.612	21.4377	2970
156.787	25.7295	2971
142.43	12.1176	2972
147.724	16.8747	2973
154.964	9.19158	2974
151.21	-33.7086	2975
156.994	-32.4698	2976
163.35	-40.9857	2977
141.639	-14.7778	2978
149.602	-23.5977	2979
144.358	-25.7354	2980
160.809	-17.2607	2981
154.799	-21.1547	2982
147.744	-12.3996	2983
123.225	-20.194	2984
130.612	-28.1301	2985
128.43	-29.3036	2986
138.868	-26.3271	2987
134.163	-27.0532	2988
126.918	-19.2923	2989
148.264	-43.537	2990
141.576	-35.7359	2991
146.29	-35.0649	2992
106.631	6.36773	2993
102.542	4.73092	2994
93.1963	12.4611	2995
118.749	-10.6189	2996
110.804	-3.13072	2997
115.462	-1.7907	2998
104.465	-5.32653	2999
107.109	-4.01494	3000
114.924	-11.5561	3001
220.988	-45.9739	3002
226.893	-46.9134	3003
226.909	-55.6489	3004
228.548	-30.6647	3005
227.581	-39.077	3006
221.651	-37.1842	3007
237.489	-35.2058	3008
233.325	-38.6141	3009
234.038	-30.7808	3010
203.208	-19.4088	3011
201.261	-27.1719	3012
193.741	-21.1542	3013
215.216	-35.2806	3014
208.116	-31.2484	3015
210.016	-24.2696	3016
207.012	-48.7972	3017
207.205	-39.5083	3018
214.255	-42.9055	3019
220.019	-4.45239	3020
214.435	-2.0352	3021
215.241	4.97553	3022
211.664	-16.4729	3023
213.262	-9.59217	3024
219.058	-11.5663	3025
201.815	-1.2267	3026
207.317	-5.31352	3027
205.573	-12.8485	3028
226.551	-116.213	3029
230.341	-117.345	3030
232.191	-125.962	3031
228.164	-100.137	3032
229.148	-109.294	3033
224.93	-107.274	3034
236.275	-109.959	3035
233.051	-109.488	3036
232.411	-101.207	3037
208.987	-92.8749	3038
211.409	-101.526	3039
206.706	-99.4019	3040
220.516	-106.056	3041
215.896	-104.033	3042
213.804	-94.7134	3043
219.692	-120.735	3044
217.82	-112.694	3045
222.1	-114.124	3046
215.025	-69.478	3047
208.771	-67.3949	3048
207.467	-57.5888	3049
212.062	-86.0723	3050
210.134	-76.2832	3051
216.299	-79.1218	3052
198.079	-71.3213	3053
204.557	-73.9798	3054
206.641	-83.0974	3055
193.504	-102.193	3056
197.058	-103.128	3057
200.285	-110.718	3058
189.613	-86.3639	3059
193.305	-94.2879	3060
189.271	-93.6368	3061
202.379	-97.8116	3062
197.87	-96.1229	3063
194.1	-86.9555	3064
174.82	-85.5672	3065
179.532	-92.7273	3066
178.247	-93.2574	3067
185.832	-93.5734	3068
182.257	-92.876	3069
177.243	-84.7568	3070
191.198	-107.379	3071
186.548	-99.7789	3072
190.189	-101.313	3073
165.15	-59.9253	3074
161.029	-60.6218	3075
154.726	-51.8986	3076
172.495	-77.2432	3077
166.577	-68.5248	3078
170.929	-68.8354	3079
161.844	-70.1288	3080
163.535	-69.2287	3081
169.582	-77.822	3082
236.158	-169.986	3083
239.629	-171.302	3084
241.144	-174.041	3085
237.577	-161.662	3086
238.257	-166.694	3087
235.278	-165.927	3088
244.25	-167.066	3089
241.635	-167.434	3090
240.595	-161.819	3091
223.687	-155.843	3092
225.087	-160.549	3093
222.412	-158.472	3094
231.608	-164.345	3095
228.142	-163.284	3096
226.796	-157.534	3097
231.048	-170.575	3098
229.437	-167.23	3099
232.867	-169.117	3100
227.04	-138.418	3101
222.93	-137.294	3102
221.444	-128.995	3103
225.595	-151.665	3104
224.157	-144.371	3105
228.333	-146.202	3106
218.002	-139.817	3107
221.168	-142.595	3108
222.173	-149.265	3109
217.438	-151.786	3110
217.677	-154.089	3111
219.798	-157.454	3112
213.353	-144.91	3113
215.813	-150.41	3114
214.857	-147.792	3115
219.86	-156.239	3116
217.301	-153.014	3117
215.533	-148.393	3118
211.192	-136.046	3119
215.562	-140.89	3120
216.19	-139.967	3121
214.285	-144.41	3122
214.672	-142.369	3123
210.505	-137.259	3124
220.095	-149.065	3125
217.525	-145.787	3126
217.349	-148.865	3127
200.946	-121.993	3128
199.229	-120.592	3129
195.065	-113.688	3130
206.86	-132.393	3131
202.675	-126.213	3132
204.575	-128.815	3133
202.896	-125.577	3134
202.862	-126.17	3135
207.401	-131.501	3136
