3369.396	3893.7705
2846.2012	4194.0166
3762.5398	2816.3054
3615.5056	3059.938
2794.6672	3012.4573
3572.1145	2574.48
2272.138	3840.3276
534.222	4255.0635
4411.675	1506.3589
1414.2921	3178.6133
845.5088	3754.0881
4583.2314	434.0828
-790.1057	3290.9119
-803.7849	3597.532
-725.45105	4023.463
3943.6772	-86.10875
-2590.4678	2815.7944
-2386.7456	2922.42
-1968.429	3007.465
2848.1938	-87.246796
-3586.6545	1444.3219
-3264.6096	1460.4987
-2698.259	1477.6696
1418.0732	-135.95052
-3707.1343	-356.848
-3435.4546	-346.28232
-2903.4058	-282.6211
-128.40115	-762.42633
-913.81	-1366.1953
-2559.8035	-2029.0076
-2946.9033	-2189.401
-2572.3567	-2136.2957
-633.23987	-1610.9176
-989.30804	-2122.6887
-1459.6205	-2986.5085
-1764.631	-3561.168
-195.25926	-2198.4482
-225.20143	-2725.0847
-161.8248	-3510.6057
-125.46269	-4011.914
518.3056	-2189.612
697.8414	-2651.1414
1030.8158	-3168.8538
1318.643	-3282.4456
1179.4679	-2169.1714
858.43445	-1239.6129
1238.2052	-1381.246
37.385063	-19.409061
281.44077	99.53005
3517.5962	3286.032
2666.9297	3771.7764
2936.4846	4143.379
2449.1538	3892.9321
1649.029	4368.8965
2424.9712	4444.2275
4351.407	1655.9878
3950.573	1865.7416
3622.1985	2559.4548
3578.023	2611.4165
2866.9116	2997.8584
2645.0293	3637.8574
1837.0846	3072.8735
1098.6787	3677.2947
2397.1692	3682.6814
3735.404	2066.3567
2227.1255	2923.5808
2854.2722	2965.0256
1033.7157	3764.2
602.8895	4237.386
1346.384	4373.379
-547.39166	4085.7615
-440.3651	4260.678
1021.55695	4404.301
4607.759	548.90906
4493.628	545.54816
4127.0303	1629.2949
-545.8382	3311.3757
-587.2688	3576.5642
900.5127	3672.2195
-591.7414	3634.3237
-560.8048	4038.26
526.6062	4224.4717
4053.786	-59.353306
4061.4382	-178.83826
4481.3716	426.29056
-2398.7378	2924.2703
-2263.5708	3045.753
-805.3557	3543.682
-2225.2048	3066.0925
-1890.2329	3172.508
-742.2862	3979.0496
-1842.4541	3181.3457
-1616.0359	3194.4468
-615.9649	4181.7573
3004.192	-98.703354
2999.2974	-235.10182
3953.828	-214.46793
-3512.7053	1652.1246
-3256.6628	1666.8765
-2431.071	2910.1035
-3193.751	1669.184
-2701.0603	1682.3668
-2019.7856	3002.2488
-2633.8	1683.8438
-2340.059	1677.4708
-1728.3777	3012.2476
1612.1259	-102.35245
1592.7798	-222.23068
2842.9011	-222.67328
-3742.1528	-127.5266
-3509.5347	-117.41784
-3326.4714	1458.6298
-3451.6936	-111.5814
-2973.24	-60.721684
-2765.3489	1476.8083
-2906.636	-52.570843
-2608.2502	-21.996887
-2401.4368	1475.1793
26.77409	-662.9523
-265.36163	-920.67957
1390.5618	-250.03552
-2845.8953	-1842.7534
-3064.6465	-1963.6276
-3490.7031	-351.02814
-3042.6729	-1973.194
-2701.2742	-1919.5459
-2968.0886	-290.30142
-2642.3223	-1907.6392
-2355.4768	-1862.6757
-2606.8423	-246.87502
-633.0975	-1509.2238
-967.24536	-1914.8699
-599.54584	-1139.8402
-1038.3235	-2018.849
-1541.0555	-2780.302
-2276.4956	-2077.7332
-1603.4137	-2876.523
-1920.6887	-3392.0754
-2961.435	-2172.9158
-1945.6493	-3432.383
-1984.0258	-3390.0015
-2629.7156	-2146.8113
-1949.5522	-3386.6284
-1203.4302	-3552.2212
-2277.7915	-2095.8499
-277.84662	-2151.9756
-337.69574	-2585.2954
-927.5631	-2019.7328
-342.74753	-2683.3071
-336.00897	-3395.7146
-1406.7662	-2887.0715
-330.31625	-3490.0056
-329.46942	-3979.2688
-1736.9017	-3519.1968
-342.9974	-4012.838
-851.50696	-3741.2021
-1909.2194	-3452.8284
434.36383	-2227.4783
564.0066	-2615.383
-224.85104	-2629.687
594.8881	-2696.1763
869.6045	-3203.8225
-172.58475	-3420.6077
909.89075	-3255.827
1161.0111	-3439.4307
-118.09529	-3978.006
1188.1643	-3445.863
1254.002	-3364.9949
-444.00397	-3850.2207
931.9151	-1646.3807
1145.9615	-2183.1328
663.12634	-2572.881
1169.0327	-2220.051
1441.6046	-2462.6094
987.0085	-3124.399
1463.2668	-2457.9348
1413.8345	-1826.7942
1290.12	-3284.16
1389.2379	-1700.4232
1459.2051	-1507.6045
1392.0519	-3181.647
933.4268	-1469.8104
1301.4893	-1609.2571
1455.4	-2401.6533
129.13309	-125.47248
337.35678	-41.01983
1181.2474	-1341.9252
379.94785	-24.052248
591.15533	56.459248
1367.1104	-1274.9697
-334.58936	411.07275
-146.47147	566.9559
240.26315	81.06159
-105.179985	592.03076
116.89479	702.49615
496.42978	191.32068
3387.808	3764.3713
3245.1985	3843.2449
3253.307	3964.4204
2760.6667	4114.4004
2474.1384	4286.05
2603.252	4337.7144
4070.6743	2275.7441
4000.0554	2251.0862
3759.7122	2661.0708
3662.3489	2786.0142
3318.6995	3074.8035
3284.8525	3368.6155
2505.077	3001.901
2177.041	3282.8162
2637.2573	3241.2114
3620.1829	2366.757
3232.9373	2577.2483
3288.45	2734.3445
1744.4287	3800.187
1452.4797	4085.0938
1901.37	4147.0493
135.04214	4235.07
212.8852	4357.007
709.00946	4342.538
4554.979	1069.8354
4497.5444	1075.3059
4332.9033	1524.7113
484.28558	3309.973
412.7094	3404.0007
1162.3016	3356.2437
247.10489	3722.1123
168.6329	3936.0469
687.4823	3991.777
4424.361	151.76929
4424.1284	113.967186
4550.4927	415.16202
-1505.7399	3189.162
-1497.8807	3252.7446
-798.6151	3362.0269
-1441.4071	3444.631
-1383.5981	3575.0188
-790.1924	3767.9155
-1253.6519	3763.831
-1175.8773	3823.8262
-676.63293	4128.2173
3572.4714	-121.79027
3577.801	-181.00293
3952.1653	-143.89226
-3073.2134	2393.2793
-3019.4246	2412.124
-2552.2937	2856.0652
-2801.3801	2436.7244
-2618.9421	2450.4634
-2239.0693	2962.3188
-2299.762	2464.4724
-2141.8552	2462.156
-1831.266	3015.8433
2346.4114	-67.50907
2346.8496	-117.31255
2846.322	-144.1762
-3732.9797	788.2722
-3667.6328	792.0126
-3521.7212	1451.3759
-3409.3125	806.94727
-3199.2349	819.30237
-3055.1196	1467.8186
-2837.4946	840.2241
-2663.7017	847.60736
-2525.4302	1479.4906
808.75824	-311.08405
777.16595	-350.12717
1406.3135	-180.21281
-3487.9258	-1020.8954
-3478.3677	-1050.8542
-3652.9614	-361.84915
-3324.4934	-1050.6876
-3159.9465	-1029.2899
-3244.8972	-324.20898
-2841.4573	-977.4037
-2677.7844	-951.20233
-2733.3523	-260.4738
-462.26657	-1086.1044
-569.7645	-1159.2056
-211.38286	-830.7311
-1074.1685	-1605.5476
-1483.9634	-1973.7158
-1529.0034	-1819.7146
-2130.5017	-2404.0334
-2415.671	-2580.329
-2864.885	-2070.337
-2587.573	-2786.9724
-2539.6382	-2826.863
-2843.6492	-2191.0466
-2310.976	-2777.8442
-2127.8208	-2769.1216
-2407.7297	-2110.4546
-544.73315	-1884.2316
-602.95746	-1988.6293
-715.723	-1703.451
-764.5118	-2408.4058
-861.43146	-2734.2883
-1174.8589	-2455.0046
-995.4845	-3268.9314
-1062.7977	-3544.5369
-1596.1841	-3254.9907
-1185.9249	-3851.9705
-1297.6554	-3862.2534
-1833.8402	-3604.949
73.21906	-2273.8586
80.400345	-2385.2163
-210.18538	-2310.4136
137.9443	-2781.9126
201.13017	-3060.0996
-210.9164	-3027.766
332.81677	-3487.135
411.63342	-3684.0754
-130.47038	-3750.3284
504.19974	-3893.8513
505.2649	-3908.668
-204.09587	-4019.113
743.0299	-2025.272
794.974	-2133.8198
557.6877	-2295.301
957.36597	-2475.2031
1086.9945	-2666.3538
813.8915	-2879.8628
1309.4111	-2861.3875
1424.3427	-2849.5386
1153.0048	-3257.0435
1551.8916	-2679.7239
1599.8315	-2586.9023
1382.734	-3248.1416
1118.828	-1923.2429
1275.7633	-1910.3282
1309.1206	-2226.6836
560.4259	-691.6772
633.4958	-680.4336
950.4535	-1192.0557
849.8611	-690.5759
956.47595	-668.4187
1316.0994	-1330.1587
-187.48633	235.21649
-135.15303	279.01068
94.162704	12.535128
47.537205	393.71313
164.18889	460.3397
397.7702	153.83241
3268.342	3479.2976
3245.6685	3770.4905
3400.3655	3682.6077
2824.5583	3999.8137
3155.7917	3820.178
3146.5872	3546.6392
3185.1702	4001.075
3167.243	3893.285
2866.3406	4053.7395
2045.167	4172.3076
2392.9592	4257.6978
2705.8276	4066.899
2165.056	4401.206
2310.2932	4311.2334
1935.2195	4241.593
2537.5925	4376.731
2399.0815	4332.8335
2267.3213	4416.5083
4268.026	1674.7426
4067.7983	2111.7004
4150.129	2115.734
3763.0183	2221.034
4015.8276	2119.279
4215.529	1693.263
3737.7556	2620.1309
3952.081	2251.123
3726.7998	2316.2495
3301.985	2791.7651
3322.311	2993.1018
3647.5635	2729.4236
2783.3862	3212.2327
3195.8608	3062.4443
3189.9614	2852.2607
3152.629	3442.4182
3188.0337	3146.6882
2744.0737	3305.434
1402.3942	3334.6355
2006.3547	3291.7551
2382.776	3001.5498
1655.5117	3691.1648
1911.6259	3389.6091
1313.8291	3418.4775
2584.834	3336.5508
2087.5503	3382.329
1834.4934	3694.324
3173.9275	2453.1487
3212.6218	2533.12
3644.3022	2286.4822
2543.7183	2904.1677
3052.9966	2622.3208
2974.7195	2565.1501
3173.736	2796.6116
3086.4336	2657.4097
2641.7004	2911.831
847.7926	4009.5342
1302.5309	4066.0603
1571.6339	3791.3052
853.85565	4310.7305
1204.7948	4143.2905
785.9229	4081.2668
1784.557	4222.854
1343.8593	4163.729
950.53845	4333.784
-499.1598	4199.5547
35.82322	4335.616
-26.075296	4212.251
120.273254	4405.071
60.831955	4364.7524
-483.40802	4223.413
787.1482	4366.56
245.48161	4385.038
322.0656	4425.1826
4565.3667	534.76324
4532.5566	933.28973
4587.1235	931.04694
4445.193	950.2492
4507.496	936.86005
4544.557	535.095
4288.5864	1539.6785
4468.343	1080.477
4399.188	1099.6207
-561.7239	3383.6199
164.05191	3409.5022
215.72726	3323.1802
63.331978	3639.7708
139.7958	3457.789
-568.8748	3425.367
1089.892	3430.7478
378.3437	3457.7043
278.23813	3650.8806
-592.5203	3815.038
-16.324461	3913.801
40.45657	3706.912
-37.100063	4160.03
-28.340254	3980.4507
-588.9696	3874.4702
639.0828	4062.178
148.05095	4004.6387
125.55772	4185.0557
4065.5964	-113.29746
4352.3574	39.007553
4346.667	81.92463
4318.3384	12.446518
4347.625	24.119001
4067.1846	-135.6525
4530.7397	413.47897
4413.917	102.17818
4376.995	104.16764
-2368.0784	2969.6035
-1729.126	3202.9255
-1740.316	3138.4785
-1672.1196	3336.6973
-1719.0437	3233.6572
-2347.4753	2988.3093
-801.2742	3400.2659
-1489.7988	3284.2207
-1456.0171	3401.1467
-2092.3245	3118.5579
-1577.9695	3489.5454
-1653.074	3375.4153
-1451.2042	3621.2922
-1549.5981	3527.4583
-2042.6119	3136.131
-780.535	3824.1836
-1360.0411	3619.2402
-1282.4886	3733.8806
-1714.7687	3194.556
-1324.8757	3688.7744
-1418.1106	3642.8164
-1237.0327	3700.72
-1295.5431	3696.051
-1680.2687	3196.393
-659.3028	4150.7617
-1151.5336	3836.535
-1094.7294	3846.623
3001.1619	-154.6952
3440.9321	-180.80583
3436.954	-120.44627
3445.448	-259.32373
3443.6624	-204.51123
3001.8286	-179.593
3953.7317	-165.94681
3579.7954	-206.36612
3582.4197	-259.46982
-3447.6875	1659.5841
-3145.9678	2238.4412
-3204.9263	2223.8828
-2973.7454	2252.6917
-3112.2722	2242.18
-3409.2046	1661.6993
-2530.2463	2869.3464
-2986.2356	2417.8333
-2856.7925	2431.7192
-2988.4153	1675.4965
-2725.198	2266.379
-2917.2065	2255.9565
-2457.2175	2274.944
-2658.4531	2269.1035
-2914.9392	1678.0269
-2185.0652	2973.4724
-2553.3826	2454.7517
-2361.1511	2462.9856
-2463.082	1682.168
-2232.5337	2272.6033
-2394.7812	2275.1006
-2115.8936	2265.2124
-2190.3018	2270.227
-2421.2336	1682.1681
-1796.4712	3015.0955
-2102.0571	2460.579
-2028.2828	2455.4243
1605.9558	-148.78377
2168.4927	-116.29047
2169.3975	-66.231514
2159.0874	-194.48871
2166.7021	-137.93536
1602.5988	-169.96672
2846.4907	-167.4909
2345.2898	-141.20923
2339.453	-196.87122
-3682.619	-129.30093
-3689.8313	565.0362
-3755.86	560.9132
-3498.0876	576.8535
-3653.466	566.7141
-3648.936	-127.34998
-3483.1152	1452.3015
-3628.547	794.4946
-3472.7935	802.7587
-3255.0325	-91.94098
-3226.958	595.9066
-3436.6736	580.97797
-2935.0352	616.5563
-3153.765	600.9257
-3183.797	-83.74995
-2982.7058	1470.0221
-3124.5098	823.9591
-2906.1306	836.2771
-2736.4514	-33.648586
-2693.0405	632.0652
-2868.2925	620.7493
-2565.4724	635.8362
-2647.7622	633.8185
-2690.468	-28.372078
-2481.8132	1478.2266
-2617.7112	849.65436
-2535.8223	849.7946
-44.058327	-726.84937
558.85645	-434.39935
598.61053	-391.8294
499.60965	-512.88135
542.26605	-453.9119
-84.14919	-767.22736
1403.006	-199.77586
764.87476	-368.80347
734.6399	-419.97476
-3014.1772	-1879.0215
-3391.4424	-1267.263
-3372.2378	-1235.5487
-3306.9868	-1287.9937
-3383.613	-1279.2156
-3049.193	-1899.2932
-3621.8806	-361.176
-3462.1504	-1054.8131
-3368.3313	-1055.3615
-2924.804	-1965.4653
-3113.6594	-1263.6906
-3267.6653	-1285.8151
-2866.7644	-1221.6827
-3053.911	-1255.0621
-2872.418	-1954.7032
-3176.0972	-316.49066
-3097.2905	-1019.2597
-2904.6973	-988.57324
-2480.365	-1880.2449
-2641.6523	-1182.323
-2804.7854	-1211.3727
-2522.193	-1163.3951
-2598.462	-1176.5038
-2436.362	-1873.1265
-2689.0469	-255.19148
-2633.8872	-943.5416
-2559.0308	-932.2362
-724.8668	-1599.9546
-639.4396	-1270.4421
-533.32275	-1193.5466
-979.6569	-1591.5746
-705.74426	-1328.4675
-774.7779	-1659.5516
-264.20044	-880.4461
-637.4113	-1215.3737
-942.4998	-1485.0027
-1260.7521	-2353.7778
-1446.2007	-2059.303
-1093.5793	-1704.5499
-1900.0798	-2447.164
-1563.5034	-2168.1956
-1333.2902	-2465.9211
-1701.1487	-1926.2957
-1616.7013	-2083.3345
-2008.3442	-2338.335
-1769.6617	-3137.3872
-2259.3252	-2730.2888
-2005.2422	-2524.5852
-2429.337	-2932.7458
-2319.8303	-2792.8547
-1814.8224	-3213.9802
-2913.6606	-2096.9878
-2475.6978	-2632.701
-2579.0552	-2756.7036
-1993.9172	-3487.7988
-2417.2769	-3015.9395
-2444.773	-2967.5151
-2270.7178	-2973.7236
-2391.0176	-3011.0364
-2000.3215	-3469.8586
-2795.9492	-2182.691
-2507.4194	-2820.7566
-2369.874	-2787.3503
-1672.1649	-3457.6262
-2017.9862	-2965.353
-2214.8315	-2966.4932
-1818.2814	-2978.3596
-1951.3584	-2969.2773
-1554.5571	-3482.4492
-2361.7896	-2105.1248
-2071.3792	-2767.5508
-1959.3292	-2769.6704
-302.28125	-2264.7935
-539.7359	-2069.3303
-490.45917	-1963.204
-642.8732	-2390.1836
-564.5474	-2134.2507
-312.3367	-2329.8328
-761.13696	-1765.0061
-631.21783	-2051.302
-731.26746	-2307.564
-348.97177	-2990.9863
-740.3739	-2813.6433
-669.92444	-2490.641
-816.67535	-3243.1438
-762.3115	-2923.5854
-346.8188	-3095.494
-1236.5455	-2566.8997
-890.52875	-2845.2476
-972.4184	-3167.802
-318.5709	-3739.9558
-879.2506	-3615.293
-833.40247	-3343.2585
-955.70917	-3877.665
-896.88293	-3693.8306
-316.45093	-3810.3496
-1637.4651	-3334.9424
-1084.8545	-3624.0718
-1158.2904	-3812.603
-440.51514	-4015.1099
-1099.8312	-3918.1262
-983.19275	-3917.0728
-1426.6292	-3616.2644
-1154.9591	-3877.929
-495.83276	-3978.772
-1852.3179	-3583.9949
-1347.3884	-3823.0947
-1570.9852	-3581.4033
467.97324	-2333.0112
180.50323	-2388.9102
165.2495	-2277.517
236.83772	-2688.8992
190.30583	-2451.7263
486.34567	-2393.756
-216.94858	-2376.3445
86.96104	-2450.4053
121.51236	-2691.0625
704.96436	-2935.4912
333.99844	-3046.3704
257.6185	-2776.2053
456.8671	-3377.8896
363.7074	-3133.7393
744.111	-3010.2432
-203.98439	-3128.5618
225.14485	-3152.4072
305.37094	-3408.9875
1029.0013	-3371.6526
580.6308	-3630.1086
489.13522	-3449.4917
673.8357	-3790.3586
608.18243	-3676.6755
1064.9823	-3396.008
-124.10575	-3817.468
435.5898	-3737.795
492.0104	-3862.893
1252.2249	-3429.927
724.28577	-3827.949
689.87427	-3816.2427
679.6162	-3764.1438
717.98486	-3809.0354
1261.6007	-3413.8818
-247.50067	-3990.606
488.36777	-3893.4148
437.673	-3842.3904
1032.5696	-1876.326
862.75	-2069.015
806.1802	-1951.5889
989.19763	-2342.4912
891.094	-2132.8132
1066.6984	-1961.4987
578.6626	-2354.326
821.19336	-2195.0657
920.4704	-2405.2166
1292.4297	-2321.306
1155.4913	-2585.3652
1027.5461	-2408.9392
1332.0897	-2737.7883
1201.0946	-2633.72
1334.4325	-2361.472
857.1777	-2948.8586
1131.6813	-2720.011
1267.4445	-2841.0413
1498.9894	-2278.8235
1474.1866	-2702.4172
1373.7286	-2750.131
1554.235	-2503.2605
1500.7034	-2660.3616
1493.7761	-2187.843
1190.8252	-3271.0105
1455.2452	-2824.9978
1531.0249	-2717.0747
1421.236	-1574.3032
1605.0481	-2335.5652
1567.3647	-2450.446
1621.7888	-2256.3257
1614.2241	-2308.2039
1436.0322	-1549.328
1393.8757	-3233.3076
1610.9865	-2561.45
1617.6	-2506.4602
1039.6907	-1359.0936
1235.3926	-1789.1685
1081.919	-1825.1644
1451.5387	-2057.6624
1290.8429	-1820.2979
1093.1211	-1378.9889
1354.5463	-2264.5823
1327.1815	-1944.1199
1468.4614	-2165.2476
189.40253	-97.59028
518.7864	-518.5089
448.85773	-531.2271
681.9041	-504.19604
556.71564	-515.2822
222.6629	-85.65873
1001.6341	-1207.144
674.9685	-681.6887
804.80975	-689.71985
494.22128	22.417177
836.33435	-473.65643
724.0763	-499.621
919.6231	-442.42892
864.67303	-462.2327
527.5112	36.683426
1333.976	-1311.0627
984.9041	-657.38403
1035.7256	-636.5704
-285.33627	465.99057
-191.53827	348.6781
-245.02327	298.87332
-50.68022	444.3878
-161.65579	370.78134
-254.74974	490.23398
125.53541	26.953636
-104.035965	300.91605
6.4662247	371.32327
17.75299	656.12964
108.11318	535.0827
-10.726377	467.8208
213.70618	581.4165
142.94662	552.02454
48.259415	676.0983
430.58765	168.2588
199.26335	478.01764
267.9847	505.0822
3373.8088	3871.025
3350.6409	3884.6536
3348.0452	3909.2056
2830.994	4179.0493
2741.2659	4231.3423
2760.2651	4244.8413
3880.3662	2619.0833
3880.288	2592.5215
3772.179	2766.3423
3654.2053	2939.4697
3539.1602	3072.0476
3509.746	3191.7
2710.6665	3011.0088
2631.8337	3086.6934
2741.4888	3077.5974
3583.2812	2514.5571
3492.1938	2560.2217
3492.7004	2618.5002
2092.539	3820.7039
1981.186	3934.154
2142.2883	3959.9702
421.50378	4257.4844
453.15695	4295.5483
577.60297	4285.0737
4466.7227	1359.1869
4452.696	1360.9868
4395.1294	1508.9592
1070.7562	3243.3909
1030.2426	3271.8213
1331.4541	3225.3027
650.0921	3744.7632
605.2221	3822.8545
790.87	3836.6218
4545.2344	329.39737
4543.3833	318.06113
4578.81	424.6178
-1031.1289	3264.6147
-1032.1729	3279.3196
-792.7432	3307.482
-1016.6047	3554.6287
-1008.12524	3606.3496
-801.0044	3653.2876
-903.5987	3949.7778
-885.185	3985.713
-709.132	4064.0696
3824.5444	-105.97174
3827.0986	-119.41632
3947.9495	-100.1005
-2766.2778	2690.7148
-2758.847	2701.3813
-2583.8203	2829.4626
-2536.548	2770.656
-2485.407	2779.736
-2339.2222	2936.6138
-2086.37	2830.586
-2034.3137	2832.2024
-1918.6527	3011.1511
2685.8994	-77.91432
2685.8652	-90.22541
2847.9849	-101.63609
-3648.8079	1230.3104
-3634.7861	1232.9867
-3574.0073	1447.2799
-3322.6887	1246.7076
-3256.2927	1249.1106
-3196.9546	1463.0983
-2753.2393	1268.9406
-2689.6655	1269.8274
-2634.6282	1479.0634
1219.0765	-182.07495
1213.5198	-190.89641
1413.5343	-147.77567
-3654.462	-581.7589
-3645.626	-589.1764
-3696.6953	-359.668
-3408.2297	-580.40485
-3351.564	-574.19934
-3375.715	-339.13397
-2890.3098	-512.6767
-2829.6382	-504.5732
-2841.0493	-274.24677
-261.45538	-864.91003
-281.8377	-877.80396
-145.39299	-773.46484
-977.69714	-1429.4777
-1174.3998	-1583.8212
-1149.5348	-1544.1401
-2391.8684	-2162.7893
-2534.2393	-2186.3257
-2703.2566	-2028.8505
-2839.8606	-2397.4453
-2819.9329	-2411.2024
-2920.4568	-2196.44
-2492.807	-2358.4478
-2434.0347	-2352.0664
-2513.7463	-2126.155
-617.0951	-1706.6597
-632.47644	-1724.3094
-649.1454	-1626.138
-925.6271	-2223.208
-978.0014	-2330.415
-1050.7715	-2231.0466
-1308.7048	-3089.1797
-1348.7269	-3185.6296
-1507.1893	-3080.5725
-1576.996	-3673.966
-1605.5923	-3703.3599
-1789.4342	-3591.3696
-107.423355	-2232.8735
-110.85445	-2254.6582
-198.93935	-2219.5264
-104.52661	-2756.1484
-96.45036	-2853.2195
-222.12593	-2825.105
6.848238	-3517.4539
23.038136	-3598.371
-150.1195	-3595.886
90.8202	-3990.7168
80.51028	-4013.6685
-142.91927	-4032.4233
597.8022	-2143.6562
606.74805	-2162.992
526.00635	-2210.7583
791.96606	-2598.3088
831.3269	-2672.765
733.55096	-2729.677
1137.6865	-3072.5166
1181.1553	-3100.3232
1072.7354	-3205.9197
1423.253	-3098.653
1448.3862	-3083.3687
1342.828	-3274.9932
1169.992	-2096.8828
1216.6365	-2093.7178
1220.579	-2176.591
767.95557	-1043.0183
784.76886	-1029.4355
875.9457	-1212.5759
1104.8298	-1123.1558
1143.4264	-1122.8046
1271.8611	-1370.9751
-44.50066	73.882744
-34.502098	82.95063
48.14784	-10.652782
193.70204	210.13963
233.52089	230.77051
322.31378	118.65186
3459.3462	3344.5505
3419.978	3482.7605
3459.165	3451.0068
2721.0261	3863.4412
2875.375	3783.5625
2849.3853	3688.084
3023.573	4093.2344
3015.3918	4078.8118
2923.1697	4126.8726
2293.6775	3998.164
2414.3442	4042.5735
2556.8308	3953.8643
1866.6757	4374.8994
1914.3765	4355.28
1732.1127	4343.4746
2445.274	4432.973
2419.7412	4426.3184
2396.381	4439.3765
4335.573	1658.368
4272.165	1810.2052
4289.264	1807.6128
3862.0728	2006.1136
3983.8752	1924.6191
4067.934	1774.8188
3666.5854	2567.073
3720.6023	2479.643
3658.4316	2488.041
3501.0273	2668.5806
3518.2012	2716.4941
3600.4648	2644.0952
2849.6182	3056.1086
2962.724	3019.804
2965.903	2959.5342
2838.91	3576.892
2851.4685	3466.1223
2669.1963	3517.4753
1639.3455	3168.646
1880.1727	3131.7534
2071.8022	3028.3838
1289.124	3682.6978
1363.9381	3590.0713
1164.8215	3590.3372
2471.1826	3554.5837
2281.2358	3574.5725
2197.7144	3693.643
3546.7979	2213.6433
3534.585	2248.7556
3703.3557	2128.5461
2325.5132	2909.9343
2568.7249	2793.6548
2517.5576	2795.9326
2949.3286	2914.8696
2908.7595	2877.6968
2801.514	2943.817
971.53314	3849.4316
1145.7405	3862.8633
1217.7035	3773.1477
681.24	4259.688
770.13873	4220.066
664.6198	4197.7695
1526.0226	4335.8296
1360.3108	4323.4717
1179.3295	4366.6255
-531.1483	4128.7163
-355.5017	4181.851
-369.6569	4137.3
-260.12933	4323.3765
-271.7462	4317.5503
-453.13306	4254.663
950.75806	4398.559
723.9676	4418.839
762.8026	4423.9062
4597.751	539.9324
4604.149	664.7359
4614.24	669.46716
4493.616	673.28723
4507.176	670.0275
4507.579	540.1593
4179.5747	1593.2788
4275.7764	1416.9762
4246.6455	1432.7756
-549.8199	3326.4744
-303.88284	3339.7273
-297.5161	3323.0085
-370.23663	3603.617
-358.59998	3544.658
-582.09534	3522.1746
960.01324	3589.62
747.8417	3589.2446
698.3806	3666.3225
-593.57684	3693.4045
-388.3824	3727.0403
-379.66824	3663.5017
-382.5111	4087.6328
-390.91766	4034.114
-572.91455	3986.9841
553.76324	4180.5957
424.98865	4165.647
413.3364	4215.7183
4060.4463	-73.13103
4164.8286	-37.4322
4159.6846	-23.76754
4158.52	-131.46834
4167.1562	-124.75368
4066.6252	-169.1304
4492.014	418.944
4468.328	305.04913
4455.9053	312.66333
-2394.589	2936.5007
-2187.079	3024.1262
-2190.11	3011.0505
-2080.1423	3163.3271
-2107.6255	3138.2634
-2295.778	3027.6052
-804.9308	3491.9336
-1026.9697	3456.1436
-1022.21094	3503.417
-2185.8064	3085.1672
-2013.5947	3215.974
-2048.8088	3188.9646
-1754.8542	3337.9016
-1799.8278	3321.8835
-1940.0825	3161.0566
-756.45953	3929.9844
-942.21814	3863.364
-923.0026	3908.1042
-1799.175	3187.779
-1669.1957	3358.9214
-1711.7178	3349.1553
-1497.5265	3373.0488
-1514.2417	3375.4568
-1630.0587	3195.6682
-627.5337	4177.4624
-797.5502	4083.728
-783.7802	4087.0732
3002.6587	-111.65503
3152.8901	-122.014534
3154.232	-106.917725
3152.9348	-247.26833
3153.3762	-233.21666
3000.3306	-222.60565
3955.8574	-202.38634
3837.0413	-226.22176
3838.482	-236.3408
-3498.7837	1655.5807
-3410.2466	1856.7795
-3423.655	1852.5547
-3173.127	1868.7719
-3229.9985	1866.8857
-3312.8975	1665.2566
-2469.859	2896.7822
-2627.4502	2752.653
-2586.4585	2760.9287
-3128.7024	1671.1934
-3047.835	1873.3203
-3113.2996	1870.7118
-2627.4011	1884.1207
-2696.877	1883.1064
-2770.5586	1681.5992
-2074.016	2993.9622
-2198.5925	2821.6301
-2141.6458	2826.4348
-2571.92	1683.2245
-2500.278	1884.7037
-2562.5735	1884.3988
-2272.2144	1876.5731
-2288.476	1877.8762
-2357.9846	1679.0232
-1743.6632	3013.5383
-1850.3538	2830.457
-1834.1315	2828.4268
1610.7545	-112.6648
1801.8186	-93.165596
1802.1996	-80.5359
1786.8221	-205.94505
1789.8615	-191.3109
1595.7972	-209.25899
2844.496	-208.88997
2682.8699	-199.65927
2680.7998	-212.83932
-3729.305	-129.18483
-3746.688	102.13956
-3760.6104	101.943306
-3516.2512	116.21038
-3572.1018	111.43164
-3562.0422	-121.23313
-3385.4348	1456.1229
-3445.087	1242.0328
-3387.046	1244.0178
-3389.588	-106.018524
-3392.489	126.98174
-3457.6516	120.7508
-2968.9585	167.15968
-3039.3757	160.22089
-3041.848	-68.11313
-2836.3308	1474.7592
-2891.7058	1264.5677
-2821.3076	1266.5168
-2845.0515	-45.88461
-2839.0928	180.00922
-2902.4377	173.43349
-2600.9739	199.66418
-2618.8608	198.95395
-2624.3022	-22.653353
-2418.584	1476.1088
-2469.7537	1270.6609
-2453.6697	1268.8485
10.607656	-674.14984
187.17273	-579.9014
200.45247	-569.839
9.362823	-757.30334
38.189438	-729.23364
-202.18388	-869.90076
1397.0886	-237.21895
1186.5048	-277.0332
1181.332	-289.42636
-2906.4321	-1847.9902
-3090.1719	-1653.9786
-3060.7632	-1648.3041
-3157.1252	-1744.2097
-3175.3606	-1734.936
-3075.3186	-1944.7512
-3540.6658	-355.94104
-3507.6973	-589.74585
-3460.725	-586.51843
-3009.672	-1976.1952
-3089.5652	-1747.6646
-3126.5427	-1749.0398
-2764.3948	-1688.162
-2825.0828	-1699.9525
-2760.006	-1931.1462
-3037.1555	-299.45483
-3022.0686	-531.4058
-2955.7642	-522.4149
-2585.1477	-1897.7188
-2647.5225	-1665.8488
-2705.1501	-1677.204
-2420.4875	-1628.8512
-2438.047	-1631.4027
-2373.2415	-1864.4526
-2624.5522	-248.49681
-2616.4148	-475.06064
-2602.0842	-473.95255
-651.8793	-1525.1425
-635.7601	-1419.7783
-617.18054	-1405.8175
-989.4693	-1807.4792
-911.64764	-1710.0729
-898.2208	-1818.2402
-442.04376	-1021.505
-617.7316	-1149.8379
-772.44684	-1270.2164
-1112.9237	-2128.376
-1159.7715	-2024.7539
-1074.2339	-1913.4412
-1667.0872	-2670.4146
-1588.5792	-2573.191
-1474.1289	-2679.6748
-2061.7942	-2064.0898
-2020.5537	-2108.052
-2203.3923	-2146.3145
-1663.3993	-2968.399
-1813.1201	-2848.9236
-1743.1664	-2761.9717
-2100.2725	-3249.7327
-2069.341	-3203.6382
-1890.4072	-3341.6118
-2961.2405	-2149.589
-2836.4785	-2346.775
-2845.8376	-2375.4414
-1967.1	-3464.5735
-2141.3376	-3318.0405
-2124.886	-3289.0535
-2071.4138	-3281.7407
-2100.665	-3298.7222
-1996.2855	-3415.123
-2688.2344	-2159.581
-2607.4946	-2381.3196
-2551.0115	-2369.843
-1873.6299	-3406.528
-1957.416	-3283.6953
-2023.9458	-3277.573
-1457.4547	-3368.5432
-1513.2238	-3359.5657
-1309.2355	-3532.509
-2297.8608	-2098.083
-2206.1987	-2327.1594
-2187.9436	-2326.0068
-284.04852	-2173.6838
-362.6615	-2117.1743
-355.03763	-2097.1467
-444.6463	-2530.098
-432.5342	-2436.9033
-329.91446	-2492.542
-869.2055	-1924.7258
-823.41473	-2026.2725
-874.73804	-2121.088
-347.3494	-2783.6401
-466.9928	-2731.4023
-457.30618	-2629.1472
-497.81482	-3358.0188
-496.37338	-3257.502
-340.14923	-3298.5208
-1352.7355	-2783.4436
-1222.9636	-2883.6802
-1267.5311	-2988.5342
-326.02396	-3577.89
-500.94754	-3545.9976
-500.11526	-3454.493
-539.69574	-3961.3953
-526.5998	-3913.2988
-321.67322	-3930.9788
-1707.4115	-3468.4531
-1518.9263	-3579.673
-1548.6807	-3633.9717
-367.44498	-4033.62
-588.21686	-4016.77
-560.1846	-3998.055
-1086.2952	-3687.2192
-926.88696	-3804.967
-679.8508	-3848.2124
-1885.9849	-3506.4482
-1763.5668	-3577.165
-1815.7582	-3500.9973
440.97247	-2247.4094
352.3892	-2275.4497
346.94354	-2253.75
459.0551	-2650.236
433.60168	-2568.4844
535.2	-2536.7827
-224.0939	-2537.5713
-114.62339	-2571.8386
-111.32606	-2661.7822
629.74493	-2777.4648
518.20013	-2817.5957
487.84207	-2732.3755
739.8523	-3273.4788
701.6445	-3208.382
827.05927	-3145.4949
-184.39429	-3325.523
-27.364077	-3340.2773
-10.826069	-3430.5984
951.6487	-3301.601
817.25665	-3386.0525
779.6059	-3333.0186
1013.8244	-3577.41
986.4835	-3557.0366
1132.2246	-3429.876
-117.70937	-3934.0984
86.59907	-3915.953
91.1116	-3959.2534
1214.5032	-3447.723
1061.4686	-3598.66
1037.6715	-3591.1438
1087.6051	-3522.7815
1096.8319	-3536.6838
1261.6785	-3376.1445
-375.2945	-3898.369
-77.956795	-3918.3416
-111.50931	-3892.8076
959.71204	-1710.462
921.81793	-1807.4497
904.5238	-1771.384
1102.665	-2225.8052
1073.7742	-2161.211
1122.9408	-2119.7551
632.3033	-2495.13
722.7673	-2447.228
756.8626	-2522.4187
1206.6648	-2252.1726
1173.5186	-2324.884
1136.0673	-2278.8398
1418.7235	-2543.0867
1383.6642	-2523.43
1409.9938	-2436.3154
943.8811	-3072.4263
1048.4688	-2990.282
1094.1526	-3035.5266
1482.5527	-2417.2231
1477.7173	-2516.5862
1451.4148	-2541.8857
1495.8031	-2052.0618
1508.1493	-2151.1738
1449.8162	-1959.154
1259.402	-3283.534
1365.4144	-3121.7366
1396.4882	-3109.9912
1393.7789	-1641.5155
1490.6466	-1901.972
1487.003	-1964.3704
1536.4454	-1749.26
1535.178	-1761.9592
1455.2389	-1517.6426
1397.8246	-3194.751
1505.8837	-2988.554
1500.3157	-2973.3062
956.51294	-1395.2517
1023.9743	-1545.6215
989.41754	-1608.016
1372.3828	-1789.1458
1301.2715	-1670.2726
1221.2175	-1493.9032
1429.6957	-2353.3853
1439.3569	-2269.1035
1468.0999	-2336.4827
141.06694	-116.01633
242.73015	-237.8998
230.9655	-245.1469
444.8174	-177.09235
403.82968	-189.98984
297.84143	-56.114674
1118.3212	-1284.971
1003.2227	-1077.1241
1055.9553	-1105.6223
419.46704	-8.611233
527.559	-150.6988
485.86798	-164.13248
694.26337	-93.55514
679.4959	-95.282166
576.71277	53.557705
1358.874	-1284.3602
1253.0939	-1059.4415
1262.8259	-1053.2909
-326.82443	425.0307
-311.10962	403.79358
-321.3744	389.00366
-129.16472	545.3901
-168.68948	519.3149
-184.72235	541.7846
199.92796	61.358097
113.00586	168.048
152.09851	189.1587
-65.60368	615.929
-47.75024	593.4311
-89.67127	570.0385
135.45592	681.0875
120.12467	677.0926
99.8707	700.42535
481.51126	187.87567
395.1244	307.07462
409.8157	310.09274
3361.5627	3779.1396
3355.1345	3840.5513
3379.144	3827.9587
3249.5376	3901.016
3309.0813	3866.1992
3313.7615	3807.2864
3307.6125	3931.876
3308.697	3909.4834
3251.6187	3941.0813
2657.2937	4174.81
2707.879	4208.072
2801.5247	4151.8584
2537.0679	4309.8447
2617.6414	4261.1
2561.597	4232.221
2676.9695	4292.282
2656.8047	4281.582
2579.408	4327.6987
4058.732	2266.9656
3974.2537	2426.7393
3982.1008	2441.7356
3926.8809	2389.994
3957.2554	2407.608
4035.4612	2258.265
3772.9707	2711.014
3869.571	2559.9443
3848.6338	2527.4897
3555.3015	2896.3806
3554.1965	2975.5586
3664.9114	2854.1455
3311.932	3164.0017
3436.6218	3078.001
3442.419	2991.3132
3401.7048	3288.0376
3424.1133	3175.819
3299.285	3262.9753
2383.3633	3093.4617
2512.312	3090.9148
2614.6343	3005.6985
2336.2644	3273.8228
2421.0054	3179.5361
2273.5457	3186.8665
2690.57	3153.9873
2558.3257	3170.169
2489.7832	3260.8057
3501.594	2428.561
3494.8552	2495.4172
3601.3477	2443.2969
3252.5996	2625.9065
3379.252	2557.332
3371.0562	2500.4692
3396.9043	2674.9163
3386.8848	2616.5774
3272.6304	2680.1187
1651.1167	3901.606
1815.5587	3916.3455
1918.0507	3809.1987
1601.1377	4104.6367
1711.1002	4015.3047
1552.942	3997.3054
2020.0605	4060.9868
1866.5292	4035.6765
1752.7236	4126.1157
155.40312	4281.62
309.8104	4293.2646
286.20926	4250.4194
384.79654	4365.625
345.10873	4332.561
181.82895	4321.6826
639.6296	4314.977
497.8906	4330.277
552.0764	4361.3325
4542.5874	1069.5881
4500.4604	1213.7288
4515.439	1212.803
4450.602	1221.7982
4479.9746	1216.3716
4522.898	1071.5775
4369.534	1514.8262
4427.351	1365.7523
4395.723	1373.098
468.5536	3328.1748
742.2521	3306.2249
767.2651	3284.0803
662.49457	3393.2197
705.7062	3343.5837
442.44968	3361.2922
1244.0176	3286.7668
973.3365	3318.6174
914.394	3376.5208
218.50389	3793.6814
413.7459	3809.428
451.5182	3733.7688
347.07544	3955.92
379.56384	3883.6272
191.39017	3866.3667
739.0972	3915.4846
561.3729	3899.9792
521.5643	3973.6726
4430.0205	141.17467
4493.3477	224.10509
4491.992	233.89557
4480.0835	202.587
4489.121	211.97209
4428.911	126.6941
4564.437	417.54355
4533.2812	307.64438
4522.1997	303.72232
-1504.9971	3203.5286
-1269.5864	3245.9434
-1269.5138	3229.824
-1266.4602	3296.571
-1268.915	3266.963
-1502.428	3225.2952
-795.4793	3330.525
-1032.7003	3302.7769
-1033.0656	3331.8662
-1424.6915	3486.2239
-1216.7152	3551.901
-1229.3612	3502.9822
-1185.63	3648.796
-1202.2295	3599.024
-1404.8416	3529.9048
-795.79626	3710.4895
-998.7916	3659.2712
-986.9111	3713.4473
-1228.7313	3789.7764
-1058.0463	3894.7688
-1080.2058	3863.202
-1015.46326	3941.833
-1037.0492	3919.9407
-1203.5248	3808.772
-691.74927	4099.5366
-867.158	4018.2383
-850.31635	4044.042
3573.6096	-135.55438
3704.3137	-131.7507
3702.4238	-116.19882
3707.9065	-176.69513
3705.7327	-152.15987
3575.3423	-157.96173
3951.2	-120.639595
3829.7776	-141.36557
3832.0037	-164.51591
-3062.8362	2400.0776
-2917.6238	2558.3738
-2927.9197	2548.74
-2877.5986	2574.2349
-2901.4407	2566.2856
-3042.6912	2407.0063
-2572.4314	2841.39
-2742.9258	2712.93
-2723.9717	2722.2017
-2743.5278	2440.906
-2619.5667	2615.369
-2675.8032	2608.0303
-2501.5583	2628.3052
-2562.9897	2621.6575
-2682.265	2446.3015
-2290.522	2949.6086
-2431.0103	2789.2622
-2375.869	2798.3599
-2242.9556	2464.18
-2141.7698	2650.5356
-2197.4216	2649.004
-2045.7413	2649.5735
-2091.758	2650.0007
-2190.3535	2464.2136
-1874.4941	3014.0881
-1986.1322	2833.8865
-1941.613	2833.2395
2347.8555	-79.32123
2519.7249	-84.73166
2518.3792	-70.725876
2517.4583	-123.9142
2518.7756	-101.01339
2348.0789	-96.84803
2846.8174	-120.27803
2685.6936	-110.3327
2684.2498	-132.1095
-3719.9426	789.2489
-3683.4932	1013.7833
-3697.4844	1011.3283
-3630.7295	1016.39056
-3661.1619	1014.7368
-3696.2688	790.8797
-3550.9336	1449.3873
-3613.1086	1235.4526
-3582.795	1235.9095
-3342.0833	810.49567
-3303.5044	1032.2406
-3372.0906	1028.607
-3160.2651	1039.6105
-3233.8572	1035.3593
-3270.821	815.0707
-3127.8748	1464.8135
-3185.0347	1252.3799
-3113.3936	1255.4001
-2773.8643	842.93823
-2735.358	1058.5599
-2800.1677	1055.7781
-2625.0479	1061.6741
-2677.9902	1059.6615
-2715.632	845.9511
-2576.6042	1478.6154
-2631.3228	1271.567
-2579.2651	1271.1764
799.88025	-319.0128
1008.1659	-249.116
1016.33704	-239.59407
992.146	-278.9474
1000.58484	-261.04767
788.1733	-333.584
1409.6245	-161.07588
1207.1917	-206.55159
1202.6653	-221.71646
-3493.056	-1031.706
-3579.5376	-813.0551
-3581.7395	-803.9799
-3552.36	-823.8411
-3569.0369	-821.15485
-3490.6929	-1041.9028
-3677.6108	-361.89447
-3631.0864	-592.46423
-3609.9995	-594.29175
-3274.282	-1045.3114
-3317.8052	-809.1586
-3371.01	-816.47644
-3197.317	-793.0271
-3258.98	-802.2301
-3218.9648	-1037.0958
-3311.9438	-332.51624
-3289.9854	-565.9807
-3225.9685	-558.8608
-2782.8198	-968.2219
-2809.949	-735.2908
-2870.3264	-745.0737
-2704.505	-719.2234
-2754.35	-727.3196
-2726.7954	-958.46045
-2785.3093	-267.63846
-2773.369	-496.14856
-2722.9077	-489.6815
-482.51495	-1096.692
-391.45697	-986.37665
-373.09174	-974.72705
-475.12146	-1048.0569
-426.27448	-1011.3726
-517.26373	-1121.3367
-173.66678	-796.61066
-312.21228	-901.77527
-358.10535	-937.87103
-1211.9143	-1731.135
-1198.3022	-1650.1082
-1035.9694	-1511.9705
-1509.0293	-1903.0378
-1357.1058	-1781.4406
-1348.962	-1856.1394
-1348.5668	-1692.5461
-1354.4932	-1725.464
-1523.7585	-1848.7943
-2242.029	-2465.4307
-2384.2659	-2327.6377
-2258.321	-2282.5356
-2565.0278	-2420.035
-2486.2349	-2375.808
-2336.3342	-2523.221
-2797.579	-2046.4568
-2637.2222	-2217.0063
-2715.4788	-2251.3486
-2583.4055	-2811.3372
-2708.5105	-2615.7688
-2719.656	-2598.0464
-2652.8435	-2624.0999
-2683.9753	-2624.9475
-2567.5105	-2823.523
-2885.9583	-2197.159
-2790.657	-2414.729
-2752.8706	-2412.2412
-2250.7305	-2774.839
-2345.805	-2568.8308
-2404.098	-2575.2
-2230.5625	-2558.6663
-2287.0686	-2564.0476
-2188.7886	-2770.6826
-2459.256	-2118.7952
-2376.802	-2345.3938
-2324.4146	-2339.1826
-557.50946	-1904.0314
-601.0091	-1817.1318
-587.9149	-1799.3889
-652.61536	-1899.1692
-623.54346	-1851.9803
-576.7051	-1938.6383
-678.2907	-1658.2579
-657.5245	-1757.0544
-691.5487	-1804.3497
-798.7055	-2514.1355
-892.26794	-2425.4075
-850.68427	-2318.829
-974.2708	-2646.7
-934.4568	-2534.9036
-829.56305	-2623.1606
-1113.6802	-2342.0872
-1028.2843	-2440.9856
-1079.7191	-2553.1404
-1019.1672	-3366.2283
-1184.9425	-3280.858
-1154.9778	-3184.0696
-1242.7399	-3460.2168
-1215.0132	-3373.359
-1040.6093	-3458.1345
-1553.4769	-3170.7246
-1384.7924	-3276.379
-1420.6653	-3363.4133
-1218.8076	-3876.422
-1415.9186	-3798.1296
-1383.6621	-3772.5134
-1486.3007	-3791.2185
-1450.4863	-3805.98
-1256.4857	-3879.1157
-1813.1514	-3608.3865
-1635.6112	-3714.234
-1665.1207	-3706.3242
73.97544	-2294.8005
-18.774122	-2280.4495
-17.78963	-2258.2122
-18.016825	-2371.6277
-19.393953	-2318.3
76.261345	-2333.8003
-205.18045	-2257.6665
-113.02731	-2293.1873
-116.1294	-2346.4956
156.89728	-2874.101
30.365345	-2870.5518
16.283978	-2774.321
64.476135	-3062.48
46.228027	-2965.7336
177.9645	-2967.6982
-217.92671	-2926.0022
-85.50173	-2952.9692
-73.47621	-3050.8098
359.98633	-3558.7493
194.19273	-3586.4329
171.30324	-3509.1965
236.3052	-3722.4192
215.40608	-3657.2905
386.80984	-3624.8625
-140.22984	-3675.7285
40.061337	-3674.9395
54.187668	-3744.1755
510.0034	-3916.8599
301.17822	-3974.7334
301.6598	-3951.7134
272.26617	-3969.3083
291.50946	-3981.2136
513.666	-3923.4885
-169.5832	-4035.088
61.78058	-4017.5784
35.43865	-4005.6895
753.9954	-2045.7971
682.9171	-2109.3464
673.70886	-2088.42
720.46985	-2194.409
699.59216	-2144.9326
770.94904	-2083.1987
539.7614	-2245.7822
621.6971	-2200.0781
641.97614	-2248.2927
999.0048	-2542.5767
918.8439	-2609.8616
879.27216	-2539.6394
1005.8205	-2743.4343
962.1466	-2678.479
1041.3284	-2606.1714
773.31885	-2806.2148
871.6803	-2745.5828
915.4364	-2815.5107
1351.2437	-2869.4246
1273.8617	-2987.092
1231.6501	-2968.9495
1351.8857	-2992.7922
1314.7748	-2994.2544
1388.6576	-2865.136
1114.4316	-3235.0232
1222.0396	-3119.5754
1261.6893	-3130.517
1570.915	-2644.447
1524.5444	-2873.9844
1502.6741	-2897.052
1559.2266	-2825.1936
1543.6456	-2848.4534
1587.9576	-2615.2327
1364.8246	-3264.3455
1468.2692	-3065.3425
1485.7029	-3046.3992
1170.4662	-1900.4529
1199.9412	-2003.7274
1148.1631	-2014.7524
1301.1227	-2023.8452
1250.8073	-2004.2336
1222.7983	-1896.9098
1265.6887	-2197.3281
1265.3937	-2104.4016
1313.4515	-2128.172
576.12555	-686.66364
683.6138	-854.96387
667.4723	-861.6222
744.96985	-848.4934
710.7406	-848.7047
601.35767	-683.6018
909.01685	-1193.9005
812.6829	-1020.6995
852.46216	-1020.439
888.9064	-686.88354
1016.54083	-895.64813
975.37683	-896.79346
1079.7397	-876.42377
1049.1656	-887.9677
926.4486	-678.85114
1294.4286	-1351.8712
1174.005	-1112.1034
1199.5371	-1097.4996
-177.85818	246.28052
-109.7179	170.05357
-120.88655	159.07332
-66.71344	199.90738
-92.73849	182.49261
-158.94803	261.9533
67.06288	-0.60285115
-15.3282995	95.027374
8.824017	109.8965
87.46464	416.2616
155.55844	331.2585
115.09952	308.08212
231.83119	373.00876
194.52052	352.85516
127.26931	439.45825
361.40634	136.66588
273.85226	251.94273
309.6551	269.5339
3256.317	3585.618
3348.8616	3530.746
3374.354	3410.9753
3319.7136	3729.7622
3331.7258	3637.1917
3248.2395	3684.2449
3423.4128	3578.6443
3391.0151	3600.9043
3373.3474	3699.7356
2942.2302	3935.8276
2909.3599	3865.9136
2775.0742	3936.2551
3148.7039	3738.346
3033.7805	3799.9602
3054.6055	3877.233
3006.4956	3615.3816
3017.8083	3712.2148
3144.7522	3646.8328
3181.3235	3980.739
3102.1873	4027.1238
3107.4463	4044.942
3073.1523	3941.1462
3088.9739	3991.4792
3174.055	3942.2131
2900.5107	4098.134
2997.0796	4043.1843
2972.319	3995.8936
2177.3223	4198.897
2288.8333	4125.558
2163.045	4089.9993
2486.5771	4197.811
2397.1626	4161.0386
2293.2524	4228.2695
2639.2551	4012.6243
2511.8	4089.2776
2593.084	4133.775
2192.3142	4386.1143
2068.7688	4369.5693
2033.5781	4387.2764
2202.876	4286.916
2126.4006	4335.7437
2243.1687	4354.2456
1829.9534	4300.2563
1988.7533	4316.4897
2076.5547	4263.9297
2513.8186	4368.9976
2458.6445	4402.2295
2485.4739	4409.4575
2336.28	4372.6826
2409.7046	4389.282
2466.7085	4352.669
2344.7847	4429.293
2367.4106	4415.9087
2292.3179	4401.261
4201.0293	1824.2908
4244.1025	1815.0095
4306.661	1664.7133
4108.932	2110.8074
4177.012	1963.593
4135.7656	1969.6516
4222.7627	1961.358
4207.378	1960.9053
4135.3276	2114.0486
3865.308	2171.291
3918.0017	2054.5488
3806.5552	2118.5774
4078.8926	1983.181
4008.6575	2010.0427
3948.3574	2138.348
4151.5835	1723.5459
4074.5017	1873.5343
4145.9795	1841.3381
3815.8823	2502.2197
3773.4653	2484.9805
3704.8103	2587.9631
3892.3176	2260.242
3834.1848	2375.6182
3886.7764	2378.3257
3691.8362	2406.4998
3769.9504	2383.9338
3816.2168	2281.5137
3313.7195	2852.9597
3421.2273	2786.6711
3408.7092	2729.076
3440.0615	2915.8591
3433.1646	2847.6213
3319.575	2920.574
3626.872	2682.7678
3534.813	2769.4421
3548.8381	2827.833
2925.1248	3172.5684
2948.0708	3091.4377
2818.5344	3128.9746
3200.6387	2984.8062
3075.0068	3043.0334
3063.8362	3122.2124
3076.3328	2910.8901
3080.75	2971.1118
3198.2905	2915.8604
3164.1077	3338.158
3014.5552	3405.7415
3005.7842	3510.7622
3047.4475	3209.6018
3030.865	3304.5703
3176.0085	3239.3613
2706.4026	3406.7854
2873.3643	3360.9214
2900.0603	3262.7102
1622.1919	3316.1394
1737.447	3225.278
1505.2076	3252.6484
2114.833	3194.7473
1937.2311	3206.7273
1823.6063	3301.886
2241.109	3009.0994
2075.1716	3109.8044
2238.2104	3098.8574
1739.7843	3589.8545
1554.1711	3590.2883
1475.2949	3687.0012
1724.6411	3397.4233
1637.0509	3493.129
1822.7549	3489.1316
1236.8049	3503.3154
1440.7313	3497.947
1526.4446	3406.7493
2421.7012	3358.2107
2354.8303	3462.498
2529.7808	3440.9092
2003.7123	3483.7314
2178.8804	3475.978
2257.5403	3372.3582
2012.8372	3696.105
2099.5002	3584.1536
1919.4255	3588.699
3182.1333	2469.3687
3362.442	2361.1409
3361.9287	2338.232
3366.2588	2446.1465
3362.4932	2399.4502
3196.378	2497.0261
3670.47	2206.1064
3521.9248	2301.1665
3509.7644	2363.4255
2714.8994	2807.1248
2638.5864	2796.8328
2437.7944	2902.5486
3019.4065	2594.4019
2834.7883	2694.0625
2884.8176	2713.333
2760.5989	2678.1604
2789.3389	2682.6177
2993.4338	2575.3726
3150.4685	2744.5142
3029.5	2812.049
3059.5134	2857.9458
2937.9976	2739.962
2986.4102	2772.8552
3120.9414	2698.1492
2727.283	2926.3474
2854.3374	2848.134
2786.8164	2824.7063
1002.1534	4028.1362
1075.5161	3947.533
908.9049	3931.6973
1396.263	3980.4036
1236.2657	3964.1223
1153.6936	4046.9243
1396.1852	3782.647
1317.4993	3875.4841
1484.1699	3888.8452
983.3811	4266.9976
874.7682	4242.4453
764.60693	4285.7285
1066.6968	4121.601
975.27075	4188.438
1099.5575	4210.119
725.4043	4145.0063
850.5957	4165.541
928.3915	4100.946
1633.6804	4203.5903
1505.1637	4269.914
1663.2502	4285.2734
1226.9829	4232.2817
1361.8383	4251.5815
1486.2128	4185.1733
1057.4556	4352.4824
1220.2216	4308.098
1098.0928	4288.239
-321.67352	4256.5625
-338.53247	4222.869
-515.85754	4166.3306
11.977598	4300.1074
-162.77486	4266.7114
-142.42874	4303.165
-196.26932	4179.0522
-180.48825	4225.5884
-9.542628	4257.9126
106.2992	4399.26
-86.31545	4364.832
-72.41272	4371.677
-123.1827	4330.484
-102.87071	4351.588
84.97343	4384.935
-466.0437	4243.4336
-286.87375	4304.2705
-303.95688	4283.928
610.4703	4386.6245
670.74207	4406.374
867.40216	4385.5947
277.845	4406.745
471.63333	4413.121
429.53677	4393.519
533.171	4431.1064
509.45538	4426.2017
303.38312	4419.274
4569.35	663.6205
4586.184	662.82465
4581.7783	535.82465
4557.0435	930.47864
4577.0747	794.51465
4558.077	795.7239
4607.546	798.1013
4596.1196	794.7898
4573.6875	929.68414
4460.7344	944.7955
4491.7476	804.0077
4478.618	809.47833
4532.9966	797.66724
4512.1997	801.0492
4481.4033	940.8035
4523.502	536.35706
4525.8525	667.2847
4545.729	664.25653
4356.9224	1383.6584
4316.622	1398.1007
4236.1475	1561.9982
4440.315	1086.8746
4384.238	1239.203
4418.6406	1229.1852
4333.9624	1260.3882
4355.064	1250.0885
4415.634	1093.5864
-323.0481	3400.2158
-311.9266	3363.9807
-555.5959	3351.646
186.27628	3369.884
-65.2842	3371.0408
-80.59047	3407.847
-44.573154	3328.0022
-52.613724	3343.7776
203.64607	3341.0835
88.69583	3574.0974
-135.264	3562.612
-152.53558	3623.826
-98.5023	3453.3303
-116.562035	3505.201
113.46362	3514.281
-575.10803	3470.6213
-346.98856	3491.7148
-334.28537	3441.8132
855.4436	3442.8235
801.17694	3514.145
1021.9414	3509.458
344.60147	3517.3838
573.4036	3517.5815
618.3532	3451.8667
490.09128	3660.2122
531.79095	3586.8113
310.2677	3582.5571
-398.40915	3854.1116
-394.1473	3790.8223
-594.8608	3754.241
0.3210085	3845.3354
-196.58855	3821.077
-205.50755	3886.4475
-169.28935	3688.3088
-183.53365	3754.0073
18.18437	3776.3877
-39.93858	4104.8193
-213.64615	4072.8115
-206.55449	4128.6885
-212.42697	3951.549
-214.37788	4014.4148
-37.60009	4044.2502
-581.66064	3932.0073
-397.09503	3977.2573
-398.5809	3916.6206
483.17007	4043.942
450.96814	4107.9146
592.4347	4125.11
133.88927	4069.0547
296.8666	4089.8303
319.78125	4024.9644
277.08597	4202.801
282.4683	4149.2354
124.898476	4129.059
4169.708	-73.90729
4167.576	-54.21071
4063.6824	-93.04119
4354.017	54.599365
4265.079	-7.6290054
4266.8193	-23.02064
4257.625	23.848412
4262.1143	10.757924
4351.707	69.59102
4329.9004	10.025744
4254.8765	-65.153725
4244.2856	-67.47559
4264.9634	-40.19835
4260.9873	-56.77477
4341.0063	13.145012
4068.793	-153.36124
4169.4854	-110.74148
4169.8804	-94.79518
4503.7764	300.18814
4485.1143	301.48627
4510.167	414.33405
4403.3384	97.815796
4450.0723	194.92525
4467.1885	198.03958
4423.7017	204.06915
4435.208	198.75188
4389.179	99.4725
-2165.376	3065.7825
-2178.4434	3043.54
-2382.1965	2953.87
-1735.0199	3175.5173
-1961.1729	3116.8499
-1952.7831	3140.2024
-1969.5634	3080.6035
-1967.5985	3094.701
-1738.9022	3154.0542
-1689.3489	3300.5386
-1903.3684	3229.3296
-1881.9695	3257.8396
-1940.798	3170.5557
-1923.8431	3198.489
-1705.1107	3266.3938
-2323.866	3007.7847
-2129.7844	3113.6533
-2151.1946	3086.6052
-1032.2365	3369.568
-1030.1862	3409.739
-803.60504	3444.0886
-1480.5887	3320.5293
-1255.6787	3370.0293
-1261.9619	3329.965
-1239.3884	3457.355
-1248.2891	3411.174
-1468.3618	3360.648
-1934.9938	3263.9714
-1976.4729	3240.2788
-2140.2742	3102.55
-1604.9689	3450.331
-1797.3776	3357.3738
-1763.2242	3386.97
-1857.0345	3291.2046
-1828.948	3323.9321
-1630.1581	3413.5889
-1485.4059	3592.6997
-1648.897	3468.077
-1610.2415	3488.6904
-1726.5624	3417.0156
-1688.4137	3443.2786
-1518.068	3562.1172
-1994.051	3150.8413
-1845.6886	3306.6858
-1891.6127	3286.1682
-974.21716	3765.3806
-958.38837	3815.424
-770.34045	3878.3718
-1335.526	3657.9963
-1147.3914	3743.2434
-1167.2618	3696.3901
-1103.5627	3826.0342
-1126.4121	3784.9546
-1310.8002	3698.7422
-1592.7899	3370.5728
-1630.6368	3364.8022
-1755.37	3192.897
-1355.2972	3677.0696
-1497.0956	3528.595
-1463.9718	3536.4714
-1569.558	3505.8206
-1531.6843	3516.6199
-1385.516	3662.4136
-1250.7982	3702.1733
-1385.8945	3544.4878
-1370.785	3542.2717
-1433.8849	3542.4302
-1406.5879	3545.013
-1272.9584	3700.8318
-1652.289	3196.1445
-1534.1329	3375.1802
-1560.9	3373.2468
-830.5771	4062.1377
-812.92053	4075.375
-642.8359	4166.023
-1129.1246	3843.1296
-975.3389	3968.4543
-995.81866	3957.5334
-944.4973	3975.0742
-957.72906	3974.0557
-1109.6584	3847.154
3153.0066	-166.37254
3152.515	-141.54721
3001.4424	-132.23218
3438.745	-156.00935
3299.3833	-151.23137
3300.7305	-174.5305
3298.991	-116.210396
3299.0396	-129.39519
3437.433	-135.72049
3446.187	-246.14449
3302.1887	-241.53893
3301.6138	-253.74675
3302.186	-200.30412
3302.5364	-222.77362
3445.51	-228.73865
3002.0737	-202.45485
3154.4277	-214.49834
3153.544	-190.31299
3834.5771	-188.15645
3836.0427	-209.28935
3955.058	-187.56226
3582.564	-227.17863
3712.4744	-223.00514
3710.3447	-200.4649
3715.3926	-253.53978
3712.963	-240.46103
3583.6829	-247.70503
-3359.613	1861.2958
-3389.5605	1858.8418
-3476.646	1658.4191
-3172.4133	2234.2446
-3287.0076	2051.4802
-3260.309	2054.1506
-3321.149	2043.6992
-3309.195	2047.785
-3192.0361	2229.7458
-3025.9133	2249.1736
-3133.457	2062.6235
-3080.0518	2064.5781
-3223.7788	2057.1262
-3182.351	2059.8323
-3071.7415	2246.0034
-3365.4578	1662.9154
-3279.7788	1865.0687
-3323.677	1862.5062
-2696.0574	2733.0334
-2665.7014	2742.6116
-2502.068	2883.72
-2948.796	2422.6997
-2812.8872	2588.9092
-2849.0952	2581.4124
-2726.999	2601.705
-2773.2498	2594.6938
-2905.4487	2427.4236
-2909.8872	1878.275
-2981.062	1875.7267
-3058.8428	1673.7761
-2792.514	2262.8447
-2891.3625	2072.984
-2823.1897	2075.2747
-3019.9885	2067.4893
-2958.0305	2070.1646
-2855.4114	2259.7007
-2523.5178	2273.445
-2613.5757	2081.0935
-2547.1418	2081.5576
-2753.0127	2078.036
-2683.755	2079.5508
-2589.5999	2271.8958
-2842.9482	1679.8676
-2767.2268	1882.1962
-2839.1758	1879.873
-2316.6074	2807.1953
-2258.2656	2814.6797
-2129.4207	2985.5916
-2488.6138	2458.087
-2377.0173	2639.48
-2440.615	2633.7559
-2254.7437	2647.2437
-2316.2456	2643.5134
-2423.205	2461.3713
-2394.2344	1882.9276
-2444.5366	1883.4001
-2514.5732	1683.6113
-2281.6165	2273.7024
-2366.3613	2081.1296
-2316.494	2078.9355
-2481.7876	2082.2957
-2422.2556	2081.4543
-2335.9941	2275.3186
-2131.437	2266.7866
-2213.5674	2073.8674
-2196.5122	2072.361
-2273.5972	2077.4424
-2239.032	2075.3914
-2156.4614	2268.3992
-2383.4946	1680.0156
-2316.3435	1879.6296
-2349.7822	1880.8246
-1904.4233	2833.019
-1874.8885	2831.5078
-1765.4512	3014.8435
-2068.089	2458.6304
-1975.8116	2646.794
-2007.0465	2647.7935
-1935.7817	2643.2505
-1949.7184	2644.929
-2045.137	2457.4827
1798.2047	-130.17378
1800.4132	-110.11912
1607.6212	-130.72586
2169.95	-94.72456
1988.5797	-99.45011
1987.1289	-118.90506
1988.1105	-71.3338
1988.7528	-82.57698
2170.506	-79.49471
2161.9836	-180.02162
1979.5529	-183.18892
1976.8578	-196.2339
1984.8463	-141.68823
1982.3387	-162.70335
2164.2476	-161.09178
1598.8728	-189.2757
1792.4937	-172.98325
1795.6041	-150.68231
2683.719	-157.03055
2683.9653	-178.90448
2847.2688	-191.65913
2343.0376	-162.82414
2516.7344	-170.54498
2517.4375	-146.61172
2514.49	-204.2711
2514.697	-189.9001
2340.5762	-183.56346
-3698.2769	103.888374
-3726.0474	102.259056
-3708.6978	-129.37271
-3720.8066	563.09985
-3728.8884	333.51306
-3701.0156	334.81134
-3764.0176	331.9866
-3751.2275	332.46307
-3741.1777	562.09106
-3556.4248	572.71545
-3569.579	343.58585
-3513.4202	347.33795
-3663.6487	337.1687
-3620.284	339.2408
-3607.4316	569.8788
-3608.831	-125.26615
-3620.6846	108.47084
-3663.1914	105.16305
-3543.4941	1237.9395
-3498.018	1239.1508
-3437.4082	1454.5226
-3583.9897	796.36957
-3546.5967	1020.509
-3592.8015	1017.59033
-3435.224	1025.7683
-3494.0552	1022.5659
-3530.5325	799.7909
-3255.0767	139.86917
-3325.5361	132.68314
-3323.502	-98.69131
-3299.2856	590.06305
-3316.6602	363.19833
-3246.325	368.73306
-3451.7336	352.21844
-3386.4778	357.22714
-3368.844	585.9674
-3007.2263	611.2967
-3026.9712	387.56894
-2957.0786	393.27222
-3172.6182	375.32632
-3100.403	381.0365
-3079.354	606.2676
-3113.6677	-76.40938
-3110.8638	153.63004
-3183.5974	146.21951
-3038.7341	1258.858
-2965.9211	1261.531
-2908.675	1472.9492
-3050.935	828.0387
-3012.489	1046.9553
-3086.8723	1043.054
-2867.8086	1053.4667
-2939.5425	1050.0306
-2977.2175	832.5649
-2729.275	190.50746
-2781.8596	185.10037
-2787.3928	-38.70122
-2745.4358	628.5426
-2766.871	409.02075
-2715.5088	412.601
-2888.7314	399.26144
-2825.8962	404.04944
-2803.3333	625.28754
-2583.4834	636.0322
-2603.5015	418.98633
-2587.3765	418.78214
-2669.1545	416.00174
-2632.708	417.65225
-2610.3154	635.8882
-2652.8416	-25.444962
-2645.6594	197.52605
-2684.464	194.06915
-2535.446	1271.9845
-2499.3215	1271.0618
-2446.2053	1477.9095
-2581.8193	850.0052
-2542.802	1062.4923
-2581.1084	1061.6523
-2497.5186	1061.1897
-2515.654	1061.8737
-2552.4988	850.38153
143.5697	-625.1306
168.03664	-598.5514
-11.52515	-694.9924
573.81824	-415.3064
364.2174	-505.9441
345.0886	-526.832
392.72467	-479.57535
379.88412	-489.30316
587.4163	-401.33365
507.88614	-497.01932
274.23904	-606.3472
258.73065	-624.40344
322.25894	-553.1266
297.95804	-579.67
523.8159	-476.755
-138.13904	-815.9645
77.287346	-693.57074
112.91101	-656.75415
1197.0343	-242.3464
1192.935	-260.84357
1399.057	-218.4323
752.20123	-388.2778
976.6272	-315.835
984.62213	-297.55066
962.52997	-346.4678
969.09393	-331.94562
741.2348	-406.268
-3155.495	-1680.2963
-3125.4177	-1665.3849
-2965.2988	-1860.0652
-3390.9214	-1253.7362
-3267.985	-1461.8699
-3283.5503	-1477.1055
-3230.668	-1444.0331
-3248.382	-1451.5042
-3382.954	-1242.9613
-3338.9993	-1288.4507
-3263.3684	-1514.8734
-3236.6262	-1519.3027
-3290.101	-1491.9922
-3281.797	-1505.6017
-3365.768	-1284.763
-3069.8987	-1922.9028
-3183.1484	-1716.752
-3175.8247	-1698.1719
-3581.0522	-593.81757
-3547.2249	-592.9243
-3584.4604	-358.52353
-3436.7168	-1057.2686
-3498.628	-824.99695
-3527.9531	-825.99744
-3419.8416	-820.5469
-3462.381	-824.36304
-3405.8193	-1056.9176
-2995.6694	-1733.0945
-3045.9873	-1742.4589
-2970.8076	-1972.1653
-3169.5374	-1273.4087
-3112.3857	-1508.0374
-3058.568	-1499.924
-3201.8833	-1518.5759
-3159.2058	-1515.4023
-3221.7595	-1280.0375
-2929.8938	-1233.1245
-2882.0168	-1466.4409
-2821.096	-1456.3729
-3001.3718	-1489.2081
-2942.2751	-1478.539
-2992.0222	-1243.4757
-2817.6692	-1943.4902
-2883.7456	-1710.974
-2941.6418	-1723.5487
-3158.2957	-549.4683
-3090.8647	-541.243
-3106.2786	-307.2822
-3033.5273	-1009.9227
-3066.1392	-774.3967
-3132.2432	-784.6019
-2933.8691	-754.43066
-2999.5984	-765.0622
-2968.35	-998.5162
-2543.8271	-1647.7083
-2593.256	-1656.8422
-2531.0308	-1887.7992
-2691.2734	-1191.6592
-2646.8706	-1423.7479
-2596.7476	-1415.8118
-2759.1948	-1444.1914
-2701.2708	-1434.0663
-2746.282	-1200.4642
-2540.2014	-1166.5126
-2492.6458	-1398.2296
-2476.6868	-1395.7072
-2554.5466	-1408.0399
-2520.7297	-1403.0593
-2563.9019	-1170.0709
-2399.8728	-1868.4221
-2465.9705	-1635.0846
-2499.7896	-1641.1217
-2678.7642	-483.35107
-2643.5127	-479.35748
-2651.3083	-250.61343
-2599.34	-938.8106
-2625.127	-707.40564
-2661.1382	-713.3582
-2584.6992	-701.39764
-2599.953	-704.2645
-2573.6704	-933.6855
-715.0897	-1492.4707
-670.2102	-1448.178
-681.86957	-1554.2903
-589.23865	-1230.7648
-639.0365	-1340.2677
-688.4877	-1381.9741
-584.09424	-1300.3081
-604.6773	-1313.1486
-553.21063	-1205.913
-876.80225	-1489.2355
-904.268	-1599.6956
-995.3208	-1699.2161
-748.5627	-1440.0184
-822.26056	-1512.892
-783.8729	-1400.2898
-834.2948	-1732.893
-837.0783	-1623.7456
-772.02747	-1551.1033
-419.62787	-989.27496
-504.88998	-1059.2008
-336.74323	-940.46985
-721.92596	-1287.7399
-630.387	-1173.8119
-544.2786	-1102.1173
-875.5914	-1379.0488
-740.0421	-1265.2372
-822.59546	-1377.0157
-1334.6685	-2252.4272
-1247.6089	-2138.2793
-1185.9285	-2240.8816
-1329.1425	-1942.8304
-1294.4388	-2038.323
-1397.419	-2152.3633
-1092.1047	-1808.293
-1193.0186	-1922.3281
-1209.7294	-1824.0204
-1790.9084	-2362.505
-1693.4915	-2467.0518
-1787.2471	-2558.5688
-1497.6068	-2263.7437
-1597.2838	-2368.0813
-1677.7924	-2270.1235
-1405.4137	-2574.2456
-1505.3927	-2471.1597
-1421.7523	-2363.3516
-1686.4486	-1957.0035
-1850.4683	-2043.1302
-1874.5206	-2009.9781
-1748.3074	-2179.7869
-1806.0891	-2102.663
-1658.613	-2010.132
-2109.09	-2236.6724
-1957.5143	-2177.823
-1878.7758	-2265.5195
-1937.439	-3010.852
-1878.9248	-2931.6484
-1717.7302	-3055.047
-2187.1567	-2666.1838
-2033.9998	-2802.4478
-2101.2778	-2875.1018
-1875.5815	-2643.5867
-1959.1257	-2724.493
-2100.841	-2598.0176
-2403.6035	-2893.9175
-2240.966	-3054.3533
-2269.9907	-3098.193
-2157.2568	-2940.6902
-2203.4343	-3002.9583
-2366.8455	-2846.6787
-1854.8934	-3282.4202
-2031.6047	-3147.448
-1989.1052	-3083.241
-2771.9172	-2284.2678
-2812.4893	-2317.7778
-2945.509	-2123.5247
-2523.0735	-2680.4263
-2671.036	-2502.5732
-2626.5552	-2463.798
-2717.814	-2569.6553
-2701.9397	-2539.0803
-2556.7961	-2719.9734
-2144.6584	-3349.7715
-2148.7004	-3340.517
-1984.4999	-3483.673
-2438.3245	-3010.8801
-2299.859	-3182.631
-2285.4558	-3191.8547
-2290.2952	-3134.0205
-2300.6995	-3162.0667
-2448.4832	-2991.8958
-2316.7778	-2986.2134
-2209.1443	-3153.5305
-2169.187	-3141.3447
-2266.716	-3183.6118
-2241.0159	-3170.0098
-2357.3486	-2998.676
-2000.2502	-3446.2446
-2122.046	-3319.4097
-2134.5298	-3337.796
-2710.4087	-2403.2258
-2661.8909	-2393.7249
-2743.772	-2171.13
-2467.1033	-2810.8916
-2569.565	-2607.1748
-2613.7537	-2618.1218
-2463.7573	-2584.0195
-2519.2605	-2595.8745
-2421.43	-2797.7253
-1789.1925	-3312.0156
-1875.9603	-3296.4756
-1780.858	-3431.5186
-2085.256	-2964.305
-1979.3405	-3139.0762
-1901.9176	-3147.5808
-2117.391	-3133.851
-2053.4727	-3134.326
-2152.3618	-2963.99
-1845.1512	-2978.053
-1690.1067	-3174.5364
-1655.6543	-3178.4458
-1822.994	-3156.687
-1749.3828	-3167.531
-1891.7863	-2973.71
-1429.999	-3508.112
-1594.3152	-3346.0679
-1689.1776	-3328.5884
-2276.1414	-2333.495
-2236.7751	-2330.5684
-2323.8735	-2100.373
-2020.3369	-2769.1165
-2134.9456	-2553.1887
-2179.638	-2555.962
-2081.5583	-2550.2725
-2102.2375	-2552.1592
-1982.418	-2769.5537
-388.66586	-2208.1165
-374.87445	-2156.2996
-291.7748	-2211.2043
-518.81976	-2019.5966
-450.31003	-2091.418
-468.91055	-2143.9775
-424.95694	-2032.6283
-435.7308	-2054.0552
-501.1392	-1982.5836
-617.1495	-2296.192
-528.37994	-2370.904
-548.3637	-2464.6924
-487.3349	-2207.9075
-508.84766	-2284.7534
-590.18695	-2209.9233
-322.6184	-2407.18
-417.776	-2350.3464
-403.4941	-2273.8123
-730.87775	-1865.9407
-776.0771	-1941.2618
-812.217	-1838.5371
-663.9578	-2127.755
-725.68933	-2037.508
-688.0392	-1962.4778
-807.4426	-2217.4077
-766.3008	-2123.024
-696.9067	-2213.599
-482.92386	-2943.3389
-476.59143	-2836.4531
-348.46277	-2887.4902
-718.64044	-2703.487
-599.77185	-2775.2402
-615.0273	-2883.5684
-566.2871	-2564.645
-584.156	-2668.7522
-694.28925	-2595.8357
-800.6914	-3139.0552
-649.2679	-3204.6619
-659.32904	-3306.5771
-626.8519	-2991.914
-639.47736	-3099.0583
-781.4978	-3032.2212
-344.64618	-3198.0388
-492.60828	-3155.0737
-489.00443	-3049.2478
-1128.728	-2665.3135
-1177.4822	-2775.3718
-1294.7562	-2676.7268
-919.7716	-2955.3274
-1050.9417	-2869.1277
-1014.2581	-2758.2747
-1121.6001	-3082.53
-1087.9293	-2977.584
-946.2059	-3062.9004
-505.94382	-3713.604
-503.6694	-3632.5996
-320.97766	-3661.9814
-864.21027	-3530.1858
-684.05255	-3588.3242
-694.0891	-3671.9646
-667.2336	-3405.476
-676.32324	-3499.7117
-848.0756	-3439.4436
-934.4687	-3827.6116
-731.1069	-3877.7046
-749.7415	-3928.5854
-704.1287	-3748.2205
-717.35376	-3817.4336
-914.5617	-3764.2002
-318.0506	-3875.1592
-517.1561	-3853.7173
-511.2908	-3787.2883
-1455.2574	-3444.158
-1488.9083	-3517.0315
-1673.5525	-3405.1458
-1110.078	-3696.6995
-1299.9454	-3613.5244
-1271.5563	-3541.4097
-1355.9314	-3730.8984
-1328.6149	-3677.164
-1133.4895	-3757.3877
-671.0302	-3994.975
-623.8428	-4016.287
-398.6166	-4032.8252
-1053.6412	-3939.2915
-843.1562	-3983.9521
-890.6948	-3963.356
-773.77606	-3965.0085
-804.265	-3985.3032
-1016.07434	-3938.1548
-1315.8387	-3727.6672
-1133.7616	-3767.8367
-1268.165	-3651.5974
-950.8857	-3920.708
-1030.4673	-3855.102
-1227.9418	-3812.2058
-572.44244	-3924.21
-814.2169	-3890.8354
-730.54443	-3955.362
-1695.589	-3678.9753
-1725.8594	-3637.1895
-1868.4902	-3550.3125
-1407.8038	-3763.5938
-1572.4185	-3706.668
-1526.2428	-3758.7368
-1699.272	-3542.68
-1629.5613	-3634.6672
-1480.2257	-3682.9412
374.7097	-2362.3977
362.1559	-2311.5923
452.24847	-2283.881
173.19926	-2336.8857
268.0946	-2330.126
278.10306	-2380.42
256.52667	-2271.5413
260.64685	-2291.4412
167.86473	-2299.7666
218.45177	-2602.7732
327.35977	-2591.7798
350.4681	-2674.5222
291.03302	-2443.7004
307.75986	-2512.9475
202.46129	-2523.8672
509.54944	-2461.7788
409.8654	-2492.803
390.25922	-2423.4229
-117.28342	-2412.7168
-117.37152	-2487.3425
-220.67673	-2452.9734
95.87408	-2522.377
-10.5129	-2510.881
-15.863502	-2436.3037
5.1404047	-2682.7703
-4.2133327	-2593.091
107.50164	-2604.599
586.6907	-2983.1597
551.68756	-2901.1592
665.6707	-2858.431
306.5127	-2955.8123
431.1311	-2934.248
463.53378	-3019.7568
374.6581	-2760.4084
401.80328	-2846.9548
280.60544	-2867.113
425.40118	-3299.8098
566.43774	-3260.2876
603.0244	-3331.7458
496.34677	-3103.7754
531.59985	-3183.9573
393.49554	-3219.6611
785.92474	-3080.5095
661.8525	-3137.6396
624.48724	-3062.1306
-59.198704	-3150.101
-44.024933	-3246.015
-194.28673	-3229.1672
251.2644	-3240.6658
104.87238	-3250.4744
83.9506	-3157.053
149.09877	-3427.4153
126.55418	-3340.0872
278.04208	-3327.3867
890.5231	-3472.977
855.76105	-3433.0159
990.87134	-3340.1704
550.9975	-3576.614
707.68427	-3512.5833
740.89453	-3558.7283
637.82733	-3397.776
673.87213	-3458.2222
520.0572	-3516.7173
654.6649	-3755.755
826.75726	-3666.648
849.95	-3693.532
772.1939	-3600.9407
800.39014	-3634.5522
633.62787	-3719.3965
1100.1075	-3414.7463
957.0427	-3534.0662
925.8278	-3505.812
67.94038	-3808.274
78.07959	-3866.1892
-119.23335	-3878.1082
456.40143	-3785.3481
271.45792	-3834.7454
254.22487	-3781.3528
296.36124	-3920.4617
284.621	-3880.7393
476.0851	-3826.1626
1096.5148	-3588.2341
1082.6361	-3598.5703
1234.6403	-3442.1533
719.1751	-3841.4324
909.47815	-3731.5007
921.2481	-3720.2832
871.44916	-3715.892
890.33185	-3728.7456
704.6905	-3835.5417
691.5316	-3776.1365
906.3276	-3669.3
896.0166	-3656.6116
923.1938	-3701.8064
917.76855	-3684.2417
706.1658	-3792.1274
1264.6161	-3396.3608
1100.6771	-3557.9482
1104.6184	-3570.1543
2.4640133	-3982.4194
-36.305775	-3952.1924
-305.14816	-3948.4363
471.48215	-3876.5657
222.9754	-3928.64
249.2277	-3952.225
176.61368	-3886.4097
196.54419	-3905.8953
451.23135	-3857.2878
980.2909	-1936.5499
949.8718	-1866.6754
995.9569	-1789.3164
837.8712	-2015.0908
896.5048	-1942.2706
924.84924	-2002.8574
860.64417	-1868.7303
874.96265	-1895.8563
817.20776	-1974.4431
955.09174	-2273.0835
1017.33124	-2214.601
1050.7777	-2282.1694
953.9664	-2070.9246
986.013	-2143.1135
921.29254	-2202.4578
1097.6445	-2044.6914
1043.263	-2088.552
1012.9406	-2012.7906
665.18115	-2307.7336
693.1516	-2374.6821
603.4075	-2422.9885
852.118	-2262.6636
775.0857	-2320.8843
746.57776	-2253.712
842.11017	-2466.5063
807.9253	-2392.3054
884.28265	-2333.5964
1258.6208	-2412.8203
1216.4824	-2369.7502
1248.2467	-2286.1646
1111.7013	-2530.8782
1169.3363	-2451.2263
1213.7031	-2501.2139
1086.51	-2342.059
1127.3568	-2398.7466
1067.5267	-2471.353
1290.348	-2712.5933
1343.0795	-2616.6504
1383.47	-2638.0366
1257.2245	-2545.8113
1301.389	-2584.2878
1245.3663	-2676.6438
1375.3843	-2399.3718
1343.5068	-2492.1436
1302.6179	-2454.8345
958.9331	-2879.98
1004.5233	-2937.9758
899.3193	-3013.3413
1177.9673	-2768.2747
1096.3954	-2855.7773
1051.3204	-2803.1167
1186.9003	-2939.6155
1142.9581	-2902.3232
1222.814	-2809.064
1512.718	-2408.777
1498.4796	-2471.846
1495.3126	-2358.0334
1445.7478	-2730.144
1482.052	-2599.4724
1504.8679	-2552.3464
1420.4193	-2643.4023
1454.5996	-2629.3647
1411.0387	-2747.3477
1539.7999	-2557.4087
1540.0293	-2354.924
1541.9407	-2278.7734
1522.0579	-2496.0005
1533.8672	-2426.7031
1522.3298	-2612.3052
1476.4636	-2079.6619
1517.515	-2246.1526
1518.8705	-2333.417
1297.7386	-3133.4546
1333.3584	-3129.4006
1226.1865	-3280.0562
1483.1384	-2791.0667
1418.8984	-2964.9395
1387.378	-2981.798
1477.0511	-2921.5432
1449.4504	-2942.6575
1508.1168	-2754.7166
1510.1261	-1823.9348
1498.432	-1858.8932
1407.1809	-1602.7816
1594.063	-2366.5508
1563.6538	-2112.9028
1572.7655	-2078.9236
1546.499	-2212.1152
1553.4888	-2156.3452
1581.0889	-2404.6409
1624.2296	-2267.6711
1594.2526	-2012.1716
1592.1749	-2001.9554
1582.7533	-2050.0015
1589.3607	-2029.8616
1621.3569	-2286.2087
1446.1227	-1533.648
1529.3319	-1776.9225
1520.3224	-1797.2444
1496.9963	-3028.3376
1504.0822	-3007.9553
1397.9729	-3213.9836
1617.7642	-2539.5576
1578.4214	-2781.7925
1570.362	-2804.021
1577.3177	-2748.7686
1580.6445	-2761.035
1621.151	-2520.5032
1117.036	-1513.9038
1067.4148	-1515.1675
992.6025	-1363.7596
1182.9194	-1779.7551
1130.2169	-1654.2407
1183.4783	-1656.9354
1038.1847	-1722.2876
1082.7853	-1674.5027
1131.1838	-1792.0646
1400.5142	-1955.4049
1358.8258	-1822.025
1420.7996	-1933.8563
1238.848	-1685.8384
1298.7668	-1740.2201
1345.7485	-1876.1383
1153.9371	-1422.388
1234.2916	-1588.6287
1173.768	-1537.9767
1359.3865	-2164.3994
1403.2721	-2211.7537
1394.4905	-2307.4648
1379.6471	-1998.3939
1397.0604	-2110.775
1350.9811	-2058.6697
1472.9658	-2256.2104
1439.2198	-2175.7092
1426.1	-2071.9233
292.47598	-222.02386
263.79294	-229.91527
161.35674	-107.506714
486.00705	-522.18677
372.52792	-368.45187
404.8214	-362.6775
338.76855	-381.8549
351.66904	-373.9288
464.26193	-526.86554
638.37524	-507.51434
518.11646	-339.28674
559.64026	-330.9114
439.4085	-356.15262
477.25665	-348.12698
596.8386	-510.7715
257.57834	-72.24366
364.3873	-201.42776
325.59106	-212.43892
898.21844	-1030.6685
949.84827	-1050.5627
1056.858	-1238.2194
716.26135	-683.1405
834.93616	-862.7689
791.1323	-856.2487
930.58856	-888.6468
882.56506	-876.5699
760.7426	-685.7878
600.8904	-124.130554
564.907	-137.83386
459.3344	8.000568
802.10156	-483.4238
681.4351	-300.94373
714.7985	-289.69366
602.2733	-320.9772
641.8601	-311.8585
764.68695	-492.79675
906.5465	-446.69513
789.63544	-260.9965
806.141	-260.43744
745.27936	-277.81165
770.3329	-267.2361
887.3622	-452.7962
554.11554	46.136898
658.44635	-100.9573
632.7197	-111.84731
1222.3091	-1081.8427
1238.097	-1070.2185
1347.9299	-1296.258
1005.07764	-648.41675
1123.5322	-853.5302
1106.025	-865.2657
1152.5934	-839.9679
1139.3585	-844.5726
1023.2716	-640.1387
-267.82126	445.77115
-293.08444	422.6525
-309.48065	445.2755
-217.50165	327.84952
-261.17245	382.7986
-237.6703	403.82364
-289.6959	350.55084
-280.60037	363.42325
-234.82716	312.1195
-90.12276	418.9083
-136.2497	478.80847
-97.51919	503.88956
-207.3325	428.44162
-172.73076	452.47275
-126.74238	394.60028
-222.42882	515.763
-205.32513	494.70203
-239.62367	468.44962
40.089283	127.77962
73.951836	146.48578
161.77972	43.588596
-69.89964	323.10803
-2.0446975	239.89449
-37.31858	218.90001
74.70121	286.40848
34.543346	262.4285
-32.50145	347.74533
29.854282	636.5686
-7.0605516	615.2832
-23.78149	637.46246
69.490166	513.9459
24.284082	574.38
61.844116	594.02527
-57.172325	528.76495
-16.684336	550.65735
29.66715	491.50757
198.26094	576.406
152.03519	636.0763
169.00621	639.7968
99.49342	610.3565
128.29372	624.71954
173.0001	566.9937
75.33407	690.83417
94.64788	667.2061
64.5736	654.3291
343.7169	285.79382
372.0755	298.19043
458.74066	180.18042
228.345	491.25244
294.81522	402.39764
266.0157	387.9932
334.95956	414.9707
317.31628	411.33743
252.10663	502.17557
