1096.3162	-293.71442
628.54333	-860.50287
348.13748	-304.95355
343.14178	-303.4842
-275.551	-940.02264
-127.87957	-548.8947
168.10873	-939.23065
-242.27676	-36.535686
378.42288	-681.93964
-549.60834	-847.03687
-331.41797	-670.5763
-520.6067	-375.96362
-191.27724	-97.10407
-152.62682	-31.994583
-31.57724	586.771
-1106.7014	251.38292
475.88873	83.11257
-108.95214	-34.460846
-104.39179	630.85205
-1018.92523	508.63065
961.18646	-381.56216
470.19055	-195.1984
307.6984	306.1709
-457.50964	533.7517
1033.3396	-661.2658
849.24695	-262.84732
680.5457	511.30676
710.3964	180.50363
612.11035	-418.60184
-19.350374	-420.2686
284.44385	-260.55945
458.96277	-303.10855
1044.874	208.51883
599.9073	-19.450987
15.945935	-463.34546
-581.9915	-715.93616
837.4961	494.32635
370.9653	309.7409
-874.52203	85.24288
-737.49915	-317.80054
156.45004	1156.4935
-202.5142	736.3096
-778.53143	389.81247
-556.1238	474.29196
-493.1154	1051.5078
133.54634	532.42926
243.7752	645.1072
-135.8319	-216.46446
-241.01758	58.508606
569.5556	-332.07596
482.0662	-713.6476
626.97174	-867.03235
485.92484	-709.26324
352.28003	-1099.6799
331.04172	-1099.5132
379.86435	-681.4192
36.97747	-819.31323
-147.71434	-607.56683
-127.87955	-548.89465
-269.3828	-942.65405
485.52374	-710.8649
-544.64844	-850.327
-333.04657	-674.157
-56.2716	-973.8323
-117.87742	-898.21936
-492.6096	-1035.7297
-277.58798	-939.6786
-332.00687	-671.25336
-234.48285	-36.57072
250.11813	-621.7785
-63.15245	265.9896
697.3363	468.9248
206.79636	-357.61795
-411.21274	-462.21265
-536.0496	-502.50085
31.947884	-829.046
-286.31534	-190.82806
-472.2583	-184.82138
-342.67224	-672.28143
-493.01425	52.41226
-291.51843	269.87613
-237.85242	-37.85767
-1088.1869	-11.952715
-1094.4529	-59.78655
-785.81934	-436.93787
189.6005	63.347954
-139.4608	4.239463
-151.09113	-30.982246
-143.78766	2.6514246
139.02103	206.35422
-295.27606	262.57385
-104.36202	631.42035
330.67328	1039.0415
509.42795	644.1401
-1056.9664	432.888
-1049.8552	424.01352
-1094.4529	-59.78653
962.126	-382.07382
448.9705	-245.06863
-145.6497	-0.44074422
469.3298	-194.63455
307.41583	307.18442
140.51036	204.9124
307.49454	310.2558
109.13932	1052.6841
232.42317	1002.0599
-461.2881	537.5099
-390.3725	539.60187
-1048.8154	426.33215
1036.1106	-666.62604
997.08734	-419.003
470.56177	-187.50372
851.73413	-268.73126
744.64996	402.2597
308.17725	305.4523
684.25684	524.7098
495.34665	702.8147
576.5132	622.45544
708.2337	174.96463
413.21732	18.398682
-395.68896	546.5427
-23.07805	-415.61426
231.50858	-423.60663
936.9791	-542.7575
284.45654	-260.56046
454.92874	-306.29114
670.0686	515.93823
452.66904	-307.93124
425.89188	-152.96861
602.6586	421.17682
1044.8739	208.51881
806.7337	-109.49311
413.73767	17.012974
600.17004	-19.42102
25.736444	-460.505
-29.839539	-417.91202
-384.61414	-443.1411
-591.4236	-716.07416
283.6658	-261.0732
-586.8423	-716.3662
5.4531574	-1035.559
455.0122	-306.21973
5.5524855	-1035.9485
170.43399	-855.7302
442.143	-321.8666
840.79865	490.00272
543.0506	629.28125
802.4987	-105.14134
500.51813	305.13828
-474.32724	79.640625
22.894283	-461.203
-877.6807	75.51102
-913.24396	-31.709572
-587.1463	-713.1336
-913.73364	-27.568958
-466.39584	-448.2277
1.7367243	-1052.8827
273.3762	1159.6368
-196.81105	731.84045
551.9298	638.02484
-202.83188	733.8485
-782.38885	397.7617
-469.05164	80.14275
-782.2187	403.71567
-504.73615	282.85306
-910.5631	-34.91884
-501.37967	283.41736
-423.78238	226.0765
-468.32953	-442.5363
-132.65128	926.1176
-490.66803	1049.3801
-199.6892	737.025
-485.19748	1056.2574
-558.9216	919.6884
-658.98224	482.5926
-559.5436	925.4181
2.2585998	691.0325
-552.978	479.54266
2.4469302	691.0503
299.14264	735.385
-541.49695	472.65652
-161.35419	965.3772
-285.53586	800.5525
-557.6841	924.5054
-135.92688	-210.9592
-132.52194	-50.444225
92.21031	527.7047
-204.82062	238.1054
-216.28851	322.91428
299.1427	735.38464
-873.7143	-794.6881
-874.55676	-495.5408
-241.38657	59.621716
-871.57684	-499.8607
-984.9609	-76.63417
-349.5122	280.7749
1080.2567	-288.23972
815.812	-516.85724
975.1998	-395.6381
452.88	-967.78564
491.79102	-999.6317
476.5766	-1011.4973
305.6875	-471.20496
306.12433	-469.62134
164.236	-282.05615
164.19528	-281.8672
-62.56558	-552.33386
565.489	-542.9125
-214.73544	-1072.7266
-213.4342	-1071.7299
-212.28369	-1072.5374
-147.36162	-781.3638
-379.24908	-972.1797
-295.8569	-833.73663
51.210663	-887.43994
-266.90903	-188.37746
178.7294	-855.0033
-145.50632	113.058685
138.59612	248.43117
-230.60834	-38.242676
63.262894	-622.6026
52.346455	-616.4719
297.14905	-726.7323
-431.41394	-599.40015
-430.76562	-598.8339
-434.89105	-602.99274
-531.4593	-330.69836
-544.3374	14.208326
-263.8924	-198.5415
-974.873	-153.3369
-974.9621	-153.27832
-670.3702	-346.0594
-27.875273	57.240036
-17.689163	65.47479
-189.41977	-96.549866
-241.59341	59.321674
180.55045	-93.73253
-421.48358	229.66492
-30.598822	591.94604
405.3389	768.0299
249.95908	547.9272
-1106.7018	251.38309
-1051.8629	330.9978
-1094.2656	83.393524
460.4974	-152.02051
465.56613	-155.68652
465.05103	-156.3465
181.57837	-109.266205
188.20718	-101.35269
181.68318	-99.50336
6.1462717	634.8577
35.579815	926.8342
142.79843	844.3469
-908.0371	527.0548
-915.87305	512.40454
-961.8818	465.5785
1041.8212	-606.8351
1004.5779	-628.44385
1003.84283	-622.7329
520.1802	-224.20898
483.57495	268.1256
469.51166	-198.18068
568.64886	626.8618
319.00244	826.25726
319.63205	824.0423
-70.28405	449.22665
-91.06945	390.86816
-451.96832	537.49664
694.7384	-694.03406
691.67596	-699.1671
968.7831	-654.8419
928.9991	-415.58148
811.3568	-106.94296
891.89624	-79.740555
669.4311	171.52228
613.2545	262.7023
652.04846	393.5622
930.6428	128.32964
1021.8869	108.526764
722.8283	136.09435
683.53125	-304.36264
259.146	-538.95746
265.73242	-534.4556
21.685589	-420.74356
-20.242481	-414.28683
83.111	-414.27365
-252.78226	-440.0026
95.43933	-446.89224
282.77362	-265.843
-64.92103	-960.44867
366.60138	-732.90924
448.67	-352.2723
997.9557	94.753174
968.4906	277.78802
948.59607	111.830055
886.7593	327.33585
103.90712	21.768675
226.49635	-271.14996
-824.0128	-258.54337
-809.9122	-251.42377
-726.8318	-406.58588
-889.495	-580.4314
-781.9437	-714.79254
-399.40506	-843.30005
831.2348	489.32742
839.6421	478.3443
757.635	723.06067
323.14075	494.30618
-153.47937	445.132
-19.526703	283.4038
-788.2413	225.71188
-865.4606	134.01349
-874.3405	92.463745
-769.4177	163.72958
-657.92847	-107.09494
-729.98505	-315.1319
-149.9148	1012.7876
-218.56087	1082.9486
-214.53961	1077.1202
-462.06793	852.0682
-587.4949	981.8794
-439.2259	572.1314
-595.69336	730.51624
-593.70337	723.74426
-721.0969	494.3208
-224.56567	617.9509
-177.10983	625.42096
-552.6795	474.6628
-262.5324	965.88873
-304.78116	941.0462
-532.86273	1018.74036
133.33504	263.953
151.84775	324.59198
76.389206	631.98676
242.53838	444.83734
286.932	575.52075
299.14246	735.38403
-622.623	-573.2538
-812.8519	-615.06177
-259.64	-133.72446
-881.8087	-491.4258
-693.4724	14.134326
-308.85596	168.96536
566.34906	-540.1574
807.1754	-512.1114
1080.2568	-288.2395
444.83615	-974.035
819.7784	-515.2939
566.4032	-534.73474
891.4948	-462.00626
819.8465	-510.37878
446.65112	-979.029
446.78748	-972.88727
451.90204	-975.387
445.29608	-972.2407
350.4754	-1097.5712
342.16913	-1096.1648
446.0857	-976.8884
375.67102	-1026.5844
377.7261	-1030.3204
357.48425	-1096.3551
289.53775	-709.6405
308.8191	-467.96747
301.79968	-464.9142
26.890835	-577.8788
306.8983	-469.31915
156.12756	-744.7815
-57.370853	-570.34564
27.779106	-579.055
-147.36159	-781.36365
-241.91481	-728.3261
-62.166985	-556.3184
-61.90654	-558.064
-193.65927	-969.9054
-62.31526	-556.22296
-242.23586	-728.6
369.77206	-573.7751
-70.73407	-549.0197
-218.65227	-1076.4308
-447.3919	-902.06885
-220.65219	-1071.8246
-218.80905	-1073.3071
-217.55862	-733.77673
-210.4964	-727.4221
-333.44104	-689.7877
-218.12885	-1077.6475
-51.46882	-972.2615
51.2106	-887.4398
-267.7116	-1015.6505
-380.53848	-1008.0946
-147.36162	-781.36383
-387.0912	-970.09326
-383.11865	-975.0393
-432.6567	-1059.8263
-242.80658	-728.80286
-378.5468	-971.82947
-377.50427	-971.3922
-263.55258	-198.01373
-256.77054	-196.04169
-217.22845	-733.19
-232.74084	-40.446762
-91.96655	-301.69217
-264.57065	-201.70859
448.00458	-975.90063
223.03383	-370.39032
201.071	-361.3542
279.5849	440.91763
138.2199	249.32007
-58.39833	261.96945
461.9322	217.0951
451.72455	219.3946
427.82867	387.70758
203.87206	-359.3007
291.23053	121.18204
408.5666	119.47591
-421.32263	-458.41324
-108.3033	-573.9945
-97.63871	-573.342
-243.88593	-644.68945
-104.10552	-567.5458
-536.04974	-502.50067
156.14839	-744.69116
-34.656254	-728.201
43.228775	-808.21967
-193.59222	-95.44214
-452.2734	-453.52118
-377.40808	-309.05676
-477.8691	-187.02303
-461.56735	-269.82175
-196.94409	-90.943924
-347.60938	-676.62604
-457.93634	-270.42004
-484.7907	-290.2126
-492.50412	52.714363
-540.1887	8.424789
-523.6498	-8.420934
-345.46982	177.2269
-542.79816	12.030916
-541.9855	9.312172
-267.79193	-199.99518
-544.08014	15.899879
-345.46967	177.22684
-1088.187	-11.952701
-988.6327	-154.9418
-975.57	-154.87646
-1051.2668	-134.2696
-988.5788	-154.51137
-1092.458	-24.718319
-798.84424	-440.3855
-976.5377	-260.75922
-976.5377	-260.7591
211.94412	19.634245
94.38244	99.9935
94.38248	99.99351
-136.35435	7.5299845
50.424747	31.135025
205.95944	13.54638
-190.86357	-95.45361
-132.33025	-30.618212
44.450188	17.990543
186.26982	-92.59434
184.47528	-93.13481
-133.79167	6.987771
-141.65527	501.48022
-305.12573	243.11812
176.5456	-90.57346
-416.12866	228.83273
-305.30643	243.32808
-146.5042	503.64838
142.8194	844.3289
141.79366	816.9811
-102.25135	624.3495
362.52008	886.73047
374.83154	884.4534
209.33861	993.3359
512.3766	648.81415
404.3234	762.6669
352.50946	868.01624
-1045.5382	415.78802
-1051.9484	330.3508
-1089.1135	315.92938
-1051.7686	330.55637
-1051.7684	330.5565
-1045.1918	414.22815
-1093.5684	70.20845
-1052.5453	329.84875
-1086.1412	278.47873
1007.66565	-621.87946
459.61807	-155.54086
465.3034	-148.24109
187.63503	-107.945786
462.19986	-159.70473
1009.23517	-619.9567
472.63947	-147.70891
474.31946	-157.54361
182.36282	-113.81692
477.8261	-185.05928
189.75613	-103.766136
453.25946	-251.63405
144.43689	207.36801
153.05882	208.99017
478.13	-189.7284
147.3129	207.58673
197.95929	-105.08278
148.00655	207.92361
321.55426	821.1229
41.593925	918.0295
4.648484	622.87756
88.163345	1084.2595
38.14817	1002.7483
101.76572	1042.5223
206.38925	988.3102
38.148174	1002.7484
88.16336	1084.2598
-484.01086	582.23596
-903.19037	521.02655
-811.30725	565.11206
-754.1365	587.61816
-907.0049	511.75867
-483.50214	582.33374
-960.7125	465.1211
-908.49005	508.0036
-821.444	603.982
968.3298	-650.7262
1004.27124	-623.1394
1043.5933	-669.5808
867.1827	-264.817
896.2429	-577.2512
933.2968	-539.5257
1008.4895	-620.087
896.3653	-577.1415
865.2778	-270.79477
897.0442	-79.87595
880.8735	-88.966644
518.375	-223.35458
692.7565	198.38452
709.1717	79.029655
891.9603	-84.86077
437.5382	86.478714
483.1701	267.2969
569.9884	632.47253
686.99036	527.7175
568.7403	626.6362
569.5443	626.8898
572.2513	628.0178
572.9557	626.01917
557.6986	670.86487
315.2036	821.68085
573.78564	624.97327
439.8255	940.9004
504.74826	109.75212
98.62665	356.29214
97.67227	361.81912
-246.92192	487.2799
54.690453	293.30176
503.82904	109.79218
-389.64362	544.16785
-91.225494	390.44165
-246.91444	487.2792
233.73824	-422.95984
690.56366	-687.74725
696.51904	-699.59656
541.6543	-293.00113
681.9598	-701.52734
233.79544	-422.9677
931.5139	-542.8994
682.2573	-702.28705
926.13794	-419.59103
437.83423	-217.37027
669.44244	-74.71341
678.92456	-213.48167
678.8318	172.15976
669.4425	-74.71341
439.86252	-222.06596
886.28406	-83.70105
885.5138	-72.54392
676.46216	172.14334
453.1024	-203.2408
609.8683	252.0589
529.10333	-108.7428
519.1226	167.2392
519.1224	167.23932
452.91425	-203.28937
652.04834	393.56226
609.2835	263.53802
607.92426	261.2973
998.4256	90.85266
998.7259	91.46698
1014.15656	104.193054
757.8268	-250.85416
968.7632	124.70806
951.0688	102.07081
725.76794	131.87457
972.66077	127.13863
757.8721	-251.47774
225.0874	-271.38034
560.4479	-421.44745
683.1564	-303.91397
19.860357	-415.71863
258.1349	-539.4012
233.50258	-276.98752
265.25702	-529.1508
258.23447	-539.42883
19.04791	-413.95798
-364.2707	-431.5896
-28.333858	-412.6748
26.006714	-411.2479
-409.4041	-849.03516
-20.67089	-407.14655
-348.2405	-426.21872
82.688126	-414.36603
-256.9672	-435.42767
-255.11899	-434.3111
-399.91724	-842.96204
-394.572	-829.2842
-419.56723	-850.90564
-63.996143	-963.3655
28.252222	-840.3804
-403.36188	-841.3144
279.63376	-265.96255
99.5011	-448.70926
373.30246	-614.7948
140.90819	-942.02057
140.91	-942.01855
-62.690086	-960.372
140.92442	-941.996
140.90837	-942.02014
140.90822	-942.0204
448.8947	-352.91968
365.3858	-737.9199
391.63968	-696.65375
842.3612	491.16022
934.54663	416.8932
991.6229	100.2164
664.1533	238.73148
884.9081	326.26874
833.0216	488.84494
963.5031	103.501274
965.68823	107.03094
884.47864	325.52924
-148.8789	179.87851
109.71437	27.54166
443.76797	198.25117
-466.47845	86.62161
-467.29578	83.050674
-148.87892	179.87846
225.8851	-271.74158
-4.6875644	-106.598045
-466.69568	86.18753
-871.88513	98.58855
-808.4032	-246.83777
-561.4595	-58.895065
-889.4949	-580.4313
-815.7092	-252.57217
-909.1889	-298.46747
-739.60376	-486.24213
-816.92395	-254.23206
-889.49493	-580.4313
-394.28815	-622.8511
-732.3786	-670.4408
-862.10986	-529.40234
-403.1355	-615.97626
-411.16876	-888.84534
-393.3374	-622.38824
-400.16116	-840.6428
-411.72632	-888.63983
-397.35022	-617.8958
-215.46022	1077.133
522.82666	860.8099
555.85406	942.0968
281.95135	527.54346
522.8267	860.81
-212.18173	1075.016
739.2699	641.6187
522.8267	860.8098
282.66473	527.81323
-440.34894	573.8163
-152.88094	445.37778
281.749	527.6234
-789.8965	213.89691
-373.69635	406.85718
-440.95465	574.3641
-148.87892	179.87842
-373.79895	406.10977
-789.4324	213.23352
-782.4586	406.35773
-828.6716	212.09099
-784.25165	223.7073
-758.7546	178.64214
-867.6747	135.45117
-782.3635	397.58527
-876.92126	89.621704
-867.67444	135.45117
-870.79834	38.077946
-497.3039	279.26602
-584.4017	-110.29764
-756.5778	176.44675
-571.98926	-113.73516
-570.31384	-118.225105
-497.73535	279.51886
-464.24127	-437.2076
-693.4695	-156.91637
-576.9746	-112.40513
-262.04578	955.92444
-219.50949	1080.9143
-149.93214	1012.80176
-350.4712	980.1918
-218.84503	1081.2083
-218.20595	1084.2638
10.870457	939.9391
-220.21112	1080.3185
-350.47116	980.19165
-529.62897	1014.3722
-588.59033	982.88885
-350.47125	980.1915
-596.1366	730.147
-589.30426	977.36255
-624.48254	963.8605
-440.06427	573.31287
-591.0949	730.46606
-597.11096	728.65735
-550.811	921.84784
-592.14484	723.1427
-587.38513	788.29474
-291.56744	736.51086
-590.9519	727.20715
-428.3269	799.8473
-717.2403	493.3004
-506.4225	658.556
-413.45718	567.9412
83.180466	736.2743
-178.38736	625.5048
-19.140182	743.13855
19.767582	666.7875
-178.65704	631.5811
84.43493	735.4847
-546.6732	476.55597
-177.39519	625.3269
-73.02299	683.9713
-44.69413	653.14404
-304.7605	940.3014
-262.04584	955.92444
-281.38153	795.06946
-298.56372	934.4302
-44.3323	653.9601
-532.8627	1018.74036
-296.37747	849.62305
-361.88968	915.54663
-133.13849	-262.79352
98.59231	135.48546
126.26779	267.5511
3.7371178	165.30408
98.592316	135.48544
-129.52608	-54.882732
71.21204	621.91296
151.84776	324.59204
223.67343	416.1859
-198.87602	250.0372
181.27383	420.15533
-0.65256906	161.4543
168.44955	459.27136
181.27383	420.1553
-200.83353	248.4241
299.14258	735.3842
181.27388	420.15536
223.98547	530.41956
-877.1149	-491.14734
-820.96643	-615.2158
-810.8912	-734.6241
-869.8047	-487.08798
-817.1465	-619.5224
-877.3489	-491.53583
-261.39777	-138.61197
-821.94885	-623.3113
-873.0668	-489.82135
-984.30237	-227.51016
-694.3002	17.750114
-869.2819	-491.1937
-715.76025	76.04826
-691.03284	21.47845
-985.69977	-67.60779
-308.85596	168.9654
-692.09955	21.593521
-670.6805	140.06128
1096.3184	-293.71487
1096.8463	-293.91696
1096.125	-293.86044
628.65173	-860.5574
476.61746	-1011.4904
476.58423	-1011.4971
347.76898	-304.40402
315.66174	-411.33203
347.15866	-305.29636
349.12573	-302.8755
336.51248	-330.15027
342.5736	-299.1457
-369.74725	-1064.9694
-369.75174	-1064.9663
-193.72627	-969.7804
-147.59859	-607.0127
-297.2689	-836.48804
-127.87695	-548.9416
168.10881	-939.2306
168.10884	-939.2306
168.10876	-939.2306
-240.13705	-27.91149
-244.29695	-38.493458
-243.3232	-48.477455
379.41998	-676.72003
379.68613	-676.6974
378.448	-682.9184
-429.0439	-604.7975
-433.0973	-605.43134
-550.3881	-847.8491
-533.10626	-333.5291
-499.72305	-248.15437
-341.407	-670.0284
-519.5403	-371.10287
-518.0056	-370.99673
-520.5054	-376.7083
-145.82745	-59.46226
-145.82745	-59.46226
-189.89044	-96.51611
-239.48962	56.97335
-231.04468	57.265507
-155.84348	-27.73816
-32.14759	587.6832
102.68611	408.1238
104.537544	413.98697
-1106.7014	251.38298
-1106.7013	251.3829
-1106.7015	251.38278
475.50107	83.653786
576.0326	2.4156547
475.24448	83.25101
187.9018	-97.14797
184.30984	-96.12275
181.90935	-99.04678
-7.465972	644.5447
136.01149	652.9442
132.80524	651.8058
-1023.57996	506.82956
-1022.9054	510.791
-1022.6337	509.94287
960.5411	-383.93695
1001.97205	-617.27826
961.78357	-381.98657
523.1341	-223.57928
520.69507	-222.18289
470.63818	-195.79918
416.97128	403.52014
241.82886	693.8318
243.23218	690.6681
-257.513	502.27386
-257.51254	502.27423
-453.41885	537.058
1025.1956	-667.60913
1027.9441	-666.9042
938.5265	-651.2021
852.1561	-259.99847
1000.62	-229.58954
1000.42847	-230.81735
740.1224	285.91898
676.54626	522.6458
677.28125	528.1749
848.62744	153.05502
848.62744	153.05502
710.99744	174.16995
612.1103	-418.60187
553.6784	-516.8979
554.8681	-521.75006
-21.976099	-411.88565
-23.331799	-412.39606
173.02644	-462.91913
69.3212	-358.4988
69.46569	-358.8031
284.37912	-260.5707
378.69797	-622.8246
378.5635	-624.7
448.32556	-351.35806
995.6658	89.05711
998.11896	89.36588
1001.8612	89.082985
599.6878	-19.760841
599.6878	-19.760843
535.7342	-203.47842
15.227284	-463.6681
21.210339	-461.95367
15.260918	-469.21375
-777.25	-711.3385
-782.3491	-718.47864
-585.30176	-725.2462
837.135	494.7485
837.70074	494.5598
837.38226	486.99225
322.3373	493.71844
322.48596	494.79233
370.96484	309.73926
-871.3715	78.02983
-883.57117	85.764145
-868.9505	96.03528
-870.0122	36.764275
-760.37244	178.39018
-736.22345	-319.8769
-202.70906	1082.6577
-199.4497	1080.0685
156.45006	1156.4937
-470.7399	849.8677
-195.5876	738.55927
-202.38263	735.0696
-681.5734	606.7083
-678.7805	568.3608
-783.1597	388.8703
-562.28906	458.80212
-569.7346	460.8836
-553.7382	469.5494
-486.7166	1038.0995
-494.69995	1039.8308
-495.53052	1045.6838
133.54633	532.4292
133.54633	532.42914
133.54634	532.4293
225.22758	415.27783
224.77328	414.88385
243.33176	645.2448
-141.73006	-212.37383
-143.20366	-214.78844
-137.26482	-208.80396
-243.6039	54.14669
-249.62434	48.901695
-240.99336	57.386974
569.5556	-332.076
570.4873	-540.67847
571.0636	-541.4962
485.25235	-707.8724
484.40753	-716.2182
484.4579	-716.3685
621.6199	-862.8808
619.81805	-862.72205
632.2044	-862.19543
486.73065	-706.7547
443.61575	-972.8435
486.79578	-708.54254
350.5765	-1101.356
364.48193	-987.6623
368.3182	-988.1538
331.04163	-1099.5132
331.04172	-1099.5132
331.0418	-1099.5133
378.7004	-682.93567
401.0146	-649.5203
401.0157	-649.5242
25.546122	-819.9152
25.842777	-819.93005
31.661808	-825.3661
-128.81955	-550.38293
-146.64438	-607.6592
-147.38226	-607.7735
-128.33974	-550.6272
-129.34152	-550.56506
-128.74155	-548.80273
-194.89684	-970.8439
-195.96732	-968.975
-309.1294	-948.05853
160.97435	-582.4661
162.23087	-581.8533
167.42143	-580.4374
-544.35236	-849.9131
-540.55914	-857.2613
-540.34143	-855.36316
-336.87427	-672.1206
-447.39203	-902.06934
-342.50342	-674.08496
-49.25501	-974.18604
-48.196465	-973.2859
-48.574543	-974.3661
-267.7116	-1015.65076
-267.71155	-1015.6505
-117.66613	-898.28986
-497.62997	-1033.2908
-493.03256	-1035.4023
-493.20447	-1036.8416
-274.05707	-940.7577
-369.74625	-1064.9698
-277.03458	-940.0369
-333.5471	-671.2462
-211.71912	-738.97986
-331.66965	-671.1773
-234.1756	-40.433807
-235.45691	-35.2481
-264.51633	-195.93935
250.11807	-621.7785
190.31284	-746.5766
207.74696	-348.3042
104.35246	414.2239
-58.71725	263.0445
-55.115643	265.61862
595.92737	373.14117
595.92737	373.14114
692.0028	468.7777
201.64731	-356.95767
395.01062	126.34651
393.79092	118.3413
-414.34412	-463.55615
-408.75336	-449.8956
-410.941	-457.61572
-369.4779	-616.102
-369.4901	-616.21356
-536.0497	-502.50076
31.442968	-828.5403
29.577599	-829.3076
40.943466	-798.5686
-285.81534	-190.76799
-347.90588	-234.77774
-344.25095	-238.8244
-477.42	-185.70601
-456.37332	-282.14023
-194.2755	-82.56066
-343.3011	-673.68994
-345.31177	-671.7853
-531.07056	-332.8568
-492.5039	52.71425
-492.55008	52.53392
-491.86322	53.14393
-295.8457	267.4789
-294.55438	264.43402
-294.25766	268.64163
-267.57953	-198.84012
-294.91702	54.38665
-292.79132	55.632774
-1088.1869	-11.952703
-1094.4526	-59.78501
-1094.4545	-59.779335
-1094.4526	-59.78656
-1094.4524	-59.78656
-1092.4578	-24.718311
-786.78784	-440.62836
-790.5628	-437.64587
-791.8352	-438.10687
231.35751	41.3406
193.50784	66.26689
193.8461	66.988266
-137.24007	6.8089705
207.11546	9.232761
207.7786	9.56949
-133.147	-35.360004
-133.63863	-32.857365
-140.66406	-26.189508
183.16597	-97.09932
-145.39174	-2.2601254
-143.80946	-2.6020317
-174.92938	501.5885
-194.40549	421.35956
153.0226	203.41371
-268.83298	304.01837
-268.83215	304.01874
-179.58548	430.16586
132.46455	643.8358
125.72938	644.6853
-104.13722	631.14734
330.67328	1039.0414
206.99716	992.3475
210.51453	999.12225
514.9783	648.50836
616.532	676.11096
616.53204	676.11096
-1032.87	430.57315
-1054.3419	416.30414
-1055.6807	416.7641
-1050.4927	332.30435
-1050.5801	333.60883
-1045.145	420.80298
-1093.2693	70.30025
-1104.2417	141.68985
-1104.005	142.32275
961.5459	-382.4567
886.2831	-262.00717
890.488	-265.91327
448.98404	-245.06027
448.92166	-245.07355
453.06268	-248.05968
200.8945	17.355467
200.92426	17.89142
-145.84656	-0.34514606
475.52405	-188.40324
476.08112	-184.19359
448.9841	-245.0603
139.24562	392.4797
139.24559	392.4796
303.2875	306.24823
145.86377	203.98465
144.46855	205.72153
142.18733	207.46626
246.61284	693.469
244.43298	695.93616
243.85751	697.0526
88.163376	1084.2593
95.932755	1046.9087
101.076126	1047.249
215.68182	990.4877
211.5633	989.24963
210.4447	983.24005
-461.2881	537.5099
-461.2883	537.5099
-461.2882	537.5099
-609.00397	601.8247
-613.1366	605.8921
-483.5382	582.8505
-1047.0348	424.7281
-904.6628	504.2469
-1046.3357	424.9273
1030.8022	-677.5323
1038.6061	-674.89996
1032.7673	-674.0213
997.39374	-418.8772
872.1772	-270.9247
937.1774	-542.0054
521.2476	-226.90771
518.9141	-225.5678
527.64264	-226.09528
1000.6202	-231.6901
995.11633	-225.03938
852.37726	-271.4646
744.82117	402.86252
744.9629	403.31927
743.7648	401.3434
304.37238	306.56815
481.42072	266.7078
417.52045	403.8847
683.1613	521.60315
684.15845	523.4673
569.1289	627.67236
499.59338	704.42285
496.67664	701.33356
492.74237	699.8504
575.5345	623.766
321.67908	1005.15247
321.67902	1005.15247
713.73895	173.95857
710.6326	174.87947
708.50946	175.55032
414.09027	14.46419
409.43848	14.997683
417.43536	13.121005
-390.0127	549.34515
-323.89667	527.18286
-323.89664	527.18176
173.72552	-465.67743
692.0211	-693.9994
688.8052	-692.39386
369.92938	-313.27588
372.28714	-318.39
233.08823	-423.37964
937.2013	-539.1233
926.81885	-418.7934
927.5635	-418.68903
284.45654	-260.56042
442.74084	-212.44905
370.8617	-311.2354
532.5964	-108.1548
532.5965	-108.15486
454.92865	-306.29114
745.81165	403.9366
727.2208	390.3228
740.1777	286.19775
493.79318	-241.53078
532.5965	-108.15479
532.59644	-108.1548
439.52765	35.66159
439.6463	35.582973
425.89178	-152.96861
602.1322	422.8161
611.6715	442.14807
613.9896	429.6333
999.5698	88.74534
998.7261	91.466965
1014.03864	105.141846
810.96893	-112.73598
838.3082	-149.15524
805.74615	-111.8698
972.8082	119.70519
981.02423	114.05672
416.10956	15.375577
535.63043	-203.2143
560.4481	-421.4475
682.4026	-303.79074
25.566874	-462.00757
23.225807	-462.49475
236.948	-265.26804
16.47609	-421.70374
21.512028	-418.30347
21.76182	-418.79572
-386.21985	-438.45782
-383.24344	-442.17926
24.406109	-459.43256
-415.63327	-843.2507
-371.9893	-420.4665
-590.41614	-574.8314
88.1046	-420.47955
-17.388268	-344.32693
70.15051	-359.04297
-576.38745	-720.08984
-446.24374	-660.8154
-588.4693	-714.5374
-65.10428	-966.49243
-64.45317	-964.5376
-65.45303	-963.2755
454.92874	-306.29114
381.58572	-613.0238
380.93704	-621.6833
-2.2483518	-1058.1821
-2.205753	-1034.4128
4.1226287	-1035.8538
170.43396	-855.7303
170.43399	-855.73035
73.965645	-912.0786
441.97076	-322.08286
450.7177	-491.07678
450.71762	-491.07678
838.4638	484.2999
989.7443	100.69741
993.3583	102.94784
537.5939	618.6553
542.2366	643.934
538.5899	638.8148
804.5896	-109.51478
968.6309	107.22414
966.96375	112.53352
370.9648	309.73923
370.87082	310.122
500.51813	305.13828
-471.71725	79.44617
-473.8125	79.384926
-474.32724	79.640625
235.23224	-258.04654
-138.44946	-231.16336
17.208778	-462.46033
-870.8917	79.08558
-691.97644	-126.86948
-691.9931	-126.87329
-862.10986	-529.4038
-901.02686	-298.93896
-905.1537	-302.21536
-590.33606	-713.1953
-899.156	-476.48422
-889.495	-580.431
-732.6364	-324.6796
-737.3812	-669.88245
-862.1094	-529.4038
-474.00684	-437.8208
-400.71747	-620.995
-468.36774	-441.34753
-66.288155	-963.9875
-66.29468	-962.8199
1.4519887	-1052.8345
273.3762	1159.637
404.07733	1045.2495
404.0773	1045.2495
-231.17415	600.5611
8.120492	940.723
7.6206155	936.10864
540.3628	638.3326
540.8645	636.7293
541.4574	628.6229
-232.64351	601.5438
-231.04875	601.1298
-231.4877	601.3782
-693.2434	362.2487
-691.00793	362.22775
-785.2014	403.15546
-474.32727	79.64055
-466.52817	80.00523
-467.18338	79.15852
-788.2219	407.17883
-789.749	400.39392
-692.32446	360.8939
-705.26074	232.12918
-705.05505	232.07516
-773.4497	394.4895
-909.8349	-36.099426
-909.881	-36.091236
-872.82166	36.014732
-497.56104	279.33237
-705.2837	232.10666
-705.26074	232.12918
-571.55634	-116.90441
-571.5762	-117.72332
-424.48257	220.70274
-460.45728	-440.00583
-701.36316	-155.59282
-701.3512	-153.52637
-130.05237	923.10114
-149.93228	1012.802
-149.93228	1012.8018
-221.32898	1073.4601
-332.9312	1041.2556
-367.51346	1039.6044
8.449154	940.83154
-189.05595	889.5059
-193.07753	892.6275
-488.09808	1044.6665
-483.7221	1045.0333
-468.2575	1000.94635
-552.1583	933.71387
-551.7057	935.0607
-558.95905	922.29
-663.62787	482.95874
-626.0105	648.82227
-680.7676	606.08484
-560.6893	922.18176
-590.6005	783.9698
-549.28687	925.76086
3.2622838	690.33374
-296.089	739.8179
-292.21997	785.1355
-546.36646	477.62173
-561.159	484.90326
-570.2856	461.7436
85.07717	737.5408
84.36046	737.94586
79.0416	737.8326
293.79913	732.4249
293.80154	732.43994
299.14218	735.38727
-546.8413	479.97708
-288.115	488.7812
-288.115	488.78113
-128.99858	927.76526
-131.74924	927.8097
-133.69554	929.0247
-295.92136	790.6229
-140.26198	854.0064
-35.576702	661.2593
-554.1616	936.54065
-553.26685	920.3122
-548.45844	914.552
-133.12318	-262.83722
-134.71164	-210.20892
-136.10303	-210.6069
3.9289231	165.27968
3.77665	165.54782
-132.99251	-57.41419
91.44397	534.7007
193.06262	370.95953
224.14055	414.78424
-202.69205	229.78621
-73.38828	238.7815
8.922436	162.93521
164.59912	456.29785
167.39424	454.62173
-216.28853	322.9143
299.1427	735.3845
303.83984	731.9213
303.4726	731.70703
-871.52466	-788.72034
-868.74316	-792.5405
-879.18427	-796.7699
-873.3341	-498.96207
-877.07166	-489.50098
-874.6076	-491.07407
-257.4811	-142.3796
-351.83203	-149.32846
-351.83203	-149.32848
-869.2208	-496.7074
-871.33655	-496.94196
-870.95215	-496.2188
-982.1826	-63.879932
-979.8365	-73.769585
-978.5412	-71.53624
-350.18155	288.28503
-354.2141	274.04852
-355.12662	280.73087
1009.45703	-272.82864
1080.2566	-288.23978
1080.2566	-288.23978
975.6089	-395.76642
1079.8118	-288.02527
811.8444	-521.7106
1095.6982	-293.5973
1095.5966	-294.22766
975.1677	-395.17108
446.21188	-969.8823
449.66675	-971.6631
454.25732	-973.6376
496.99704	-999.23096
483.17786	-981.9925
483.12628	-981.8918
476.5766	-1011.4972
476.57806	-1011.4965
496.31427	-999.8687
307.11285	-468.3505
319.86542	-411.71646
321.60614	-412.331
307.65887	-468.55902
310.44012	-464.064
311.05762	-457.04333
231.32996	-335.94742
176.79924	-276.70465
169.97229	-279.7755
-59.57472	-552.6049
231.10919	-335.0594
231.21729	-335.71872
332.08646	-320.49945
-62.326096	-557.7541
-68.57493	-557.3854
329.1275	-330.9647
336.0098	-328.62732
330.8751	-326.1341
-211.76979	-1075.3462
-212.945	-1069.8481
-369.7464	-1064.9697
-214.11156	-1072.7639
-213.34811	-1072.5507
-213.92577	-1073.9712
-193.95554	-969.54626
-370.41904	-1064.8933
-210.39728	-1074.17
-147.36163	-781.36365
-296.7487	-838.146
-147.36163	-781.36365
-299.254	-838.34106
-297.59286	-836.0816
-379.88702	-1008.2421
-128.11545	-547.63086
-297.4765	-836.24664
-297.9451	-838.63855
-267.37677	-187.2241
51.210674	-887.4399
51.210667	-887.4398
209.36998	-366.47827
-285.2663	-179.99084
-269.73242	-181.69304
179.21822	-849.7213
176.79694	-855.3331
176.79697	-855.3334
-146.60916	111.72832
-148.23495	108.99303
-153.76636	108.247604
-234.80455	-33.626373
-239.35059	-38.722347
138.23015	248.79514
-246.69656	-43.614044
-243.37004	-39.27781
-239.91747	-40.738678
61.48457	-624.224
148.29013	-651.7056
147.41376	-653.3862
149.25421	-652.49
148.40016	-651.9353
60.611607	-624.52374
297.52704	-727.10516
378.6534	-677.1164
296.8374	-725.2725
-432.04108	-599.0888
-496.25586	-691.01575
-496.25586	-691.01575
-430.77304	-599.8119
-433.47977	-610.27997
-430.93787	-599.6571
-533.9406	-856.3006
-424.66946	-599.94855
-425.2235	-596.025
-530.31274	-332.27402
-532.92737	-331.92407
-532.2913	-332.35825
-289.24377	63.77173
-499.72314	-248.15442
-538.3822	17.810478
-263.88248	-200.5589
-499.72314	-248.15442
-269.13623	-217.29613
-967.47	-146.93935
-848.1138	-268.1834
-847.43115	-271.87418
-839.2145	-270.4227
-840.57794	-266.0789
-970.96814	-150.17696
-519.81714	-375.93155
-671.2039	-349.81705
-674.39996	-352.0927
-18.7079	63.352947
-145.8274	-59.462276
-145.82744	-59.462257
-63.621452	-9.404501
-64.041275	-9.298056
-23.520452	64.87251
-188.59514	-95.67331
-120.80818	-87.35521
-120.94712	-87.30391
-241.3994	60.17931
-235.70209	56.90555
-237.91548	57.759033
177.0492	-93.80937
176.20805	-96.82706
173.97615	-92.02381
-163.13815	-30.71327
-229.36697	53.014374
168.83318	-99.190216
127.03782	650.2496
98.9292	404.0485
-30.917767	594.228
125.63552	654.4587
127.59244	647.78455
126.73085	647.9
248.4689	548.9143
253.78372	551.00366
246.87729	549.5785
-1106.7018	251.38309
-1106.7014	251.38298
-1106.7015	251.38303
-1111.7665	148.96478
-1106.7013	251.38297
-1106.7019	251.38303
-1094.0862	83.30875
-1106.7013	251.38252
-1109.1649	138.66946
466.22614	-157.51976
575.70807	4.1718693
577.9414	9.301276
460.50995	-161.07507
464.58734	-164.92001
464.6733	-161.16295
466.04504	-155.12515
464.37808	-151.2277
463.1163	-163.0581
180.71664	-111.30337
179.18642	-108.879074
185.43927	-96.71784
185.40077	-107.00535
183.99878	-108.023445
180.51532	-106.7162
181.77919	-98.9936
182.41698	-99.97049
180.7663	-100.21896
4.5088124	636.62994
3.3886957	641.60675
-0.96746445	643.53394
36.366913	926.4264
41.569	768.6707
-24.763817	844.7916
42.36751	768.4372
42.82782	767.9049
36.366913	926.4265
-908.31696	526.1391
-929.47705	562.83093
-929.47705	562.831
-905.43115	516.5119
-905.8798	519.6587
-907.20087	524.5733
-976.5679	523.2236
-976.568	523.22363
-905.1346	516.00684
1041.7604	-607.00116
1041.6404	-607.093
1041.8926	-607.0208
998.96765	-633.87854
996.45685	-633.972
998.2697	-634.9864
1003.924	-615.4924
997.5541	-619.15765
999.6614	-631.6811
518.93555	-223.51501
519.501	-224.53241
520.7411	-225.21747
483.9601	267.3573
488.1731	268.37845
481.58206	264.6073
476.80905	-192.03033
461.55035	-186.63194
439.47708	81.43978
245.22375	692.2638
240.21286	694.2126
242.76056	694.68884
319.4888	825.75616
319.88373	824.0969
569.99426	626.915
243.59647	690.39014
242.4815	696.3156
316.71545	827.5403
-25.182663	409.9903
-67.353836	444.87485
-67.168945	444.96368
-167.39606	488.64304
-66.163025	445.1138
-25.182663	409.9903
-453.41885	537.10657
-257.51245	502.27432
-257.51242	502.27435
699.76074	-696.79724
700.4866	-694.9682
696.2992	-693.0032
688.89655	-699.5631
700.03815	-692.30286
703.9835	-694.30365
973.55444	-649.2297
957.8695	-649.12695
961.8784	-651.19055
863.2563	-267.53268
859.5667	-265.464
857.52966	-260.59857
811.35675	-106.94296
1007.49963	-227.66328
863.082	-267.34534
936.798	-148.3928
1002.2824	-224.31085
889.9995	-79.779655
615.9615	265.36078
680.59766	221.22626
680.59766	221.22627
618.3407	262.4171
612.6664	263.67657
614.64764	262.24225
682.5943	525.64526
652.04834	393.56207
652.04846	393.56216
930.643	128.32965
930.6426	128.3296
930.6428	128.32962
888.5298	60.68196
888.5298	60.68196
1023.1896	105.678795
723.30457	136.27237
848.6172	153.07324
848.5377	153.09467
560.44794	-421.44763
561.2005	-518.9094
688.58026	-302.24384
257.9936	-530.6141
560.4243	-421.46924
560.4479	-421.44745
538.00714	-582.60876
538.0072	-582.60876
267.89822	-533.18164
-20.996725	-413.7417
-20.814857	-413.0408
-17.093634	-415.77155
-22.70975	-416.1066
-24.228615	-413.94254
-21.709064	-412.5182
174.07953	-461.59412
-29.153614	-411.74823
-26.301983	-411.6748
97.13935	-437.51175
111.179535	-341.17456
71.615456	-353.3879
96.93179	-447.3689
101.480865	-444.7987
98.64262	-439.74054
284.22784	-260.94403
98.48688	-442.12103
96.64752	-447.05386
375.18964	-616.703
375.7693	-617.1077
378.07812	-617.73
379.39246	-650.10547
379.39246	-650.10547
372.16235	-618.2191
444.29614	-356.12656
375.8215	-623.9919
365.3375	-622.9971
991.1245	89.942924
997.32495	87.56369
990.8581	87.99289
968.4905	277.78802
990.2164	94.00749
968.58856	278.03287
998.7926	98.03566
992.21814	88.9156
992.07635	87.137436
442.8073	199.57654
437.94855	196.61423
599.68774	-19.760841
107.84217	28.262974
359.14993	-158.3496
300.32425	25.551704
359.49243	-159.27629
359.49243	-159.27626
145.23392	11.906822
-814.9376	-252.94519
-817.93555	-252.01378
-138.45015	-231.16269
-816.88416	-249.34114
-816.0697	-254.91194
-816.03503	-249.936
14.226559	-472.51825
21.556074	-467.97064
-726.8135	-406.602
-889.495	-580.4314
-776.8464	-718.4293
-777.2848	-719.702
-772.78436	-710.5323
-774.4089	-713.74146
-778.83704	-713.71155
-583.44415	-721.9427
-766.05585	-719.3432
-402.13452	-835.65784
839.1796	478.297
838.89594	485.69116
819.8748	489.55914
675.4609	738.5167
675.46075	738.51685
839.08813	479.87
757.6349	723.0608
757.63525	723.06067
757.63513	723.06055
322.67255	493.8756
321.99976	493.48447
323.04074	494.37598
-698.5889	338.64062
-704.5183	340.6297
323.46295	493.43384
286.80267	150.79037
286.92157	151.5677
-19.526701	283.40375
-784.7287	221.32568
-784.7285	221.32565
-783.53735	223.91908
-865.848	134.47687
-783.89404	221.28624
-860.45526	131.60774
-874.9418	97.27922
-873.6373	91.0926
-875.9952	95.6747
-761.42676	165.17294
-763.7291	172.98447
-743.54285	199.0751
-696.3632	-168.83734
-689.3005	-161.73216
-656.7998	-110.40178
-733.5133	-318.98022
-688.6726	-156.84726
-699.97186	-165.83694
-149.92758	1012.79834
-204.70273	1078.8317
-201.2802	1081.1342
-222.87506	1075.6378
-208.08374	1074.9688
-149.93204	1012.8018
-210.3648	1072.7139
-215.16306	1081.9817
-217.66516	1079.1573
-455.8771	857.7966
-483.94128	793.176
-470.43246	850.74927
-589.3109	977.4024
-582.0317	972.48267
-456.46045	858.2002
-438.55267	571.64557
-203.52577	719.35675
-552.13873	664.0551
-594.97363	723.2416
-597.0819	724.78955
-601.3768	729.1167
-405.05353	558.69226
-598.03296	724.7914
-597.3628	724.2899
-722.3349	494.75793
-678.7804	568.3607
-678.7804	568.3608
-224.56564	617.9509
-410.5291	563.0471
-410.5291	563.0471
-408.98776	563.8364
-411.46063	561.9868
-224.56566	617.9509
-552.8637	471.52533
-561.30725	462.57687
-275.3076	482.76343
-258.46146	960.0037
-296.1676	930.12854
-290.68344	933.93823
-295.01254	929.7491
-296.3235	930.15955
-300.1462	932.73865
-493.0205	1044.4236
-532.8627	1018.74023
-532.8627	1018.7401
130.44817	266.25262
182.37729	384.70142
182.5326	389.45828
194.28635	382.9851
188.36601	382.16232
129.67795	265.79752
87.30226	639.3823
185.55449	445.59128
183.11368	446.41757
245.50157	441.5041
278.27686	458.3803
278.27686	458.38028
286.76248	570.1273
245.78749	440.4514
246.1958	439.80252
243.13667	645.444
278.74902	570.3202
285.3755	571.62213
-618.8538	-577.95935
-533.7589	-467.39984
-533.7589	-467.39984
-820.7061	-624.30084
-821.3215	-625.0456
-622.8305	-582.389
-141.38918	-215.91159
-363.50876	-317.85086
-363.5086	-317.85077
-696.2854	31.147451
-531.9787	137.49185
-453.41754	-234.49796
-531.35065	136.22746
-531.7033	136.03519
-691.0128	17.076588
-244.9878	58.255314
-308.85602	168.9653
-308.856	168.96533
567.61597	-535.9201
571.0328	-538.0637
561.94006	-542.3041
1009.45703	-272.8286
782.6037	-351.06384
782.60376	-351.06378
782.6039	-351.0637
782.6038	-351.06378
1009.45715	-272.82864
661.0528	-693.0908
485.41162	-715.7401
486.45557	-706.2164
821.35596	-514.0592
485.7202	-713.36554
661.3462	-694.0079
566.69635	-533.2522
484.36035	-716.5903
566.7108	-535.4318
896.857	-503.088
618.2891	-857.5426
624.768	-856.2523
661.28424	-693.1133
614.93805	-854.71985
892.2155	-499.0301
447.81857	-979.96216
661.1135	-693.17725
660.99396	-693.39514
446.26053	-972.1445
445.53876	-971.27295
488.3046	-704.903
483.12628	-981.8917
445.5388	-971.2728
445.73077	-971.88696
487.14203	-705.93866
445.53876	-971.27295
445.53876	-971.27295
348.39343	-1090.6138
357.4507	-1101.4475
362.0625	-1098.6997
342.87128	-1102.4131
350.8426	-1103.485
342.6833	-1096.9036
450.91782	-972.2435
374.32907	-987.74634
443.21063	-973.42474
375.98004	-1032.813
331.04163	-1099.5132
331.04156	-1099.5132
347.8453	-1100.7449
331.04172	-1099.5132
382.06165	-1032.1919
351.5324	-1101.243
348.6515	-1101.0143
348.09833	-1097.989
289.53772	-709.64044
289.53775	-709.6404
297.52704	-727.1051
302.58707	-463.483
289.53775	-709.6402
289.53812	-709.64
368.4906	-618.8407
368.49057	-618.8407
297.18872	-467.50555
28.313875	-578.86554
28.176025	-578.04285
29.071444	-578.0765
216.16179	-698.42255
52.933266	-702.2095
28.128414	-578.9654
52.933254	-702.2098
52.933266	-702.2096
219.36821	-700.1834
-20.860462	-377.8633
-20.86436	-377.86212
-20.864952	-377.86194
28.128418	-578.9654
-20.864483	-377.85922
-20.800894	-378.04907
-147.36157	-781.3635
29.83118	-572.86005
27.769543	-578.21967
-242.19089	-728.1765
-134.43958	-554.9663
-134.09593	-553.20056
-61.609375	-554.342
-135.00041	-554.4236
-64.46502	-554.2385
-20.864956	-377.86197
-134.04596	-549.1254
-61.296623	-558.29987
-0.44250742	-683.46893
-192.95868	-970.50464
-193.06271	-969.6416
-64.13297	-555.3986
-68.26278	-552.7755
0.05991984	-683.89685
-241.71243	-727.3856
-67.08774	-547.93524
-64.5921	-546.78595
161.36249	-575.9489
162.46153	-579.167
371.21793	-573.38086
162.52245	-577.8443
161.22353	-576.24316
161.46407	-576.86896
-216.78572	-1068.4459
161.54996	-571.4245
165.08223	-575.4572
-447.39203	-902.0694
-447.39212	-902.06946
-536.2472	-851.3376
-219.44897	-1069.3105
-429.68277	-969.4136
-370.0345	-976.0487
-516.22	-844.5861
-429.68274	-969.4136
-216.147	-1070.8579
-213.00967	-732.2242
-207.5953	-723.76825
-341.5462	-666.6839
-371.98544	-975.3551
-212.40689	-734.4331
-206.76376	-726.40137
-340.19955	-676.7179
-447.3919	-902.06934
-447.39203	-902.06946
-129.38211	-1029.2592
-131.96605	-1033.3384
-216.83733	-1079.2471
-53.62131	-972.01807
-136.58124	-1032.7247
-130.07382	-1028.5146
-50.51237	-971.1691
-50.754578	-970.4337
-51.49914	-971.16644
-380.2674	-1007.99756
-267.71167	-1015.6505
-267.71164	-1015.65076
-379.87827	-1008.5959
-380.29413	-1007.5943
-380.5359	-1008.0968
-122.3452	-895.47156
-379.06927	-1007.6173
-147.36163	-781.364
-383.1643	-971.87964
-383.06015	-970.7367
-383.30658	-974.95184
-432.38193	-1059.6459
-379.48505	-973.1643
-378.6102	-971.7849
-492.374	-1031.6044
-492.44696	-1028.8231
-432.65668	-1059.8264
-296.3351	-839.77954
-240.89514	-728.2599
-240.5509	-727.39856
-377.78577	-971.53345
-376.8561	-971.7363
-376.83163	-971.75037
-369.74634	-1064.9697
-369.74634	-1064.9697
-377.83014	-971.7577
-262.17798	-198.44153
-258.92972	-198.87451
-260.4764	-199.04904
-255.14421	-195.12396
-262.3487	-190.19995
-257.98648	-199.28192
-214.75345	-732.9813
-209.41254	-737.3777
-259.2349	-189.69038
-231.17398	-38.11563
-232.6539	-39.961197
-238.15564	-43.73159
-67.20484	-295.60574
-90.784424	-305.5302
-90.78109	-306.11417
-268.9313	-200.0013
-91.08945	-306.59656
-258.4291	-200.23979
176.797	-855.33356
189.26756	-746.0426
188.88078	-745.9177
217.06566	-358.44067
215.89066	-360.87308
208.11113	-360.50452
205.72467	-354.79468
210.17035	-356.664
213.23595	-355.87122
279.6801	440.78568
279.6801	440.78568
254.60126	544.80457
138.13101	249.1262
284.3888	438.38885
429.36795	382.19485
-53.47251	263.30515
-55.42911	260.29718
-58.514008	263.02844
463.34705	216.3872
457.27747	283.48648
452.41144	213.29088
429.28342	382.3189
456.80267	211.02165
455.195	218.43794
423.2771	384.95853
425.076	384.5186
429.25757	382.37677
-237.34653	-41.035248
-235.3948	-32.72279
196.14264	-355.7211
402.65747	122.19548
291.23056	121.18201
291.23056	121.18202
392.6518	115.30328
386.4887	118.559204
398.91177	120.94699
-295.11548	-462.1674
-294.44675	-461.50424
-411.57947	-463.92654
-102.85959	-578.162
-219.28705	-618.69806
-224.46451	-607.8497
-412.08032	-451.18488
-226.48256	-613.6034
-97.793976	-573.5712
-250.9425	-646.641
-369.25842	-616.1707
-369.4779	-616.1019
-224.97606	-608.3952
-221.81245	-615.28595
-253.17569	-641.57556
-536.04974	-502.50067
-298.9575	-465.1803
-303.81528	-469.19434
156.14845	-744.6912
24.358742	-827.7887
18.30293	-823.29297
-34.656185	-728.2008
156.37347	-744.54785
156.18953	-744.67004
38.503044	-807.5426
37.078312	-810.0447
-34.656185	-728.201
-347.24612	-236.10849
-347.67737	-234.44292
-285.9469	-192.30772
-452.27338	-453.52118
-377.33456	-311.41663
-460.50525	-276.46472
-377.38757	-309.7418
-377.81558	-309.81366
-377.48462	-303.69864
-459.008	-269.90833
-457.30573	-283.12128
-477.4253	-186.41821
-465.1416	-274.63754
-463.39166	-275.04407
-464.2776	-274.80417
-194.39532	-87.68948
-352.3589	-237.19366
-346.51196	-231.92215
-459.3852	-277.1873
-536.42206	-337.43225
-346.05115	-671.06964
-461.42242	-267.9253
-532.17035	-337.61002
-453.71127	-276.2621
-532.18066	-332.7026
-532.19415	-330.7035
-534.55115	-335.07715
-537.27313	8.841676
-493.0627	53.526043
-492.50403	52.714252
-535.79175	5.903968
-535.3812	5.341548
-535.0515	7.323539
-481.623	-187.14851
-491.71567	54.171566
-536.6941	6.281163
-345.46973	177.22688
-345.46967	177.22685
-345.46973	177.22694
-538.64844	10.418878
-540.7716	11.98906
-544.414	12.289181
-544.74664	12.228025
-541.1689	8.200437
-540.72015	11.741253
-265.4886	-198.68263
-268.19058	-199.24661
-270.21118	-196.6481
-540.9088	21.286936
-295.08176	58.681965
-296.29523	59.558254
-292.67572	54.777065
-292.79416	58.712746
-345.46973	177.22685
-1094.4523	-59.786568
-1094.4523	-59.786358
-1088.187	-11.952702
-969.1857	-157.72165
-1004.2005	-92.33513
-1022.8354	-127.059494
-1014.1417	-91.10108
-1011.07776	-86.55348
-977.20575	-150.45761
-1004.59204	-198.43767
-1051.2668	-134.26959
-1051.2668	-134.26959
-1022.8356	-127.05946
-1022.8357	-127.05946
-1000.87317	-206.55109
-1092.4578	-24.718315
-1094.4521	-59.786575
-1094.4521	-59.786587
-672.84326	-351.00708
-673.62115	-348.8297
-805.1239	-449.25177
-976.5377	-260.75916
-870.05255	-370.8698
-838.0075	-264.25388
-870.8921	-375.76196
-870.58905	-376.0274
-976.5378	-260.75916
202.11557	22.26597
189.92659	71.09635
158.78242	74.66576
94.38246	99.99351
189.99542	70.37157
189.62746	70.79044
94.38249	99.9935
190.47655	70.48989
94.38246	99.99352
52.23009	32.4915
207.12831	7.263551
-137.2248	8.063015
50.384758	17.260845
51.066227	30.263502
52.87963	29.625053
209.64398	6.087631
207.78162	13.144507
203.01186	16.8494
-132.95126	-30.796434
-132.89812	-30.422934
-188.14404	-95.56118
46.592945	27.776041
-134.00858	-31.005268
-133.81825	-31.074326
28.777716	47.300575
46.047638	17.487291
45.139233	25.941866
186.65703	-89.53981
180.43918	-91.655396
184.46536	-95.83698
178.32329	-95.83194
-139.18646	12.796811
186.50632	-90.05608
-134.28435	8.165341
-136.89268	14.349363
-136.6916	12.036372
-193.96591	407.77676
-188.31335	408.6998
-174.92938	501.58844
-191.88153	420.03036
-190.57413	416.63013
-295.66382	296.12952
144.74411	215.60732
178.77603	-90.19756
184.92664	-87.08452
-415.01935	227.86865
-295.70074	296.17212
-268.74597	304.3301
-295.66388	296.12952
-295.6639	296.12952
-305.25934	243.42116
-179.5482	430.18982
-199.46022	407.86023
-197.34825	406.90295
142.81941	844.32886
42.367523	768.4372
42.367516	768.4374
126.82465	649.4751
144.84575	813.03894
144.49066	812.46826
-102.29374	626.28674
120.77816	648.60345
126.82494	650.73096
367.52808	891.5323
214.91293	995.9712
227.69751	989.78265
373.49878	881.6513
373.9898	883.51385
373.27618	889.00525
205.55391	996.9807
212.0565	992.9342
215.89613	988.61273
510.06503	644.3936
509.9516	647.47064
513.3951	646.34283
404.06213	764.4723
402.36417	757.3927
510.1477	648.2694
349.06976	860.8751
347.24353	859.95825
365.65533	886.19006
-1049.5577	416.152
-1051.1172	418.0864
-1046.3491	414.82422
-1066.5188	339.756
-1066.5187	339.75592
-1066.5186	339.75586
-1089.1135	315.92932
-1089.1134	315.92944
-1089.1135	315.92938
-1051.7684	330.55634
-1051.7686	330.5565
-1051.7686	330.5564
-1066.5184	339.7558
-1051.7684	330.5565
-1051.7684	330.5564
-1047.5999	418.32654
-1066.5184	339.7556
-1066.5187	339.7557
-1105.1302	140.54854
-1103.5537	142.13457
-1093.3513	70.354
-1055.7264	326.25775
-1103.685	150.55573
-1107.0393	148.94966
-1098.3469	138.38625
-1100.996	146.4509
-1086.1414	278.47873
521.2185	-220.72859
522.69617	-220.85992
1012.14056	-618.3902
461.32703	-161.28839
520.8424	-217.26602
519.98065	-215.77568
467.3596	-148.39621
472.80078	-142.52824
467.69986	-167.89731
521.166	-215.93854
521.68494	-215.28659
453.52948	-250.32184
521.4094	-216.35538
520.8845	-217.25967
464.85477	-160.03267
524.11847	-214.38272
520.83813	-217.95963
518.54926	-216.79428
475.80743	-142.40215
202.45638	20.624454
478.08047	-146.85895
465.51425	-160.81662
205.4998	19.590757
468.80917	-164.9341
186.548	-114.332825
191.43259	-117.889694
181.91113	-113.35141
474.18805	-184.09137
473.35895	-184.6948
475.41776	-188.6507
183.57663	-108.486244
475.18964	-175.09225
145.41783	205.39743
452.174	-249.23056
451.89972	-251.26477
453.61877	-252.30554
146.5633	204.16058
141.65582	203.8372
139.24562	392.4798
150.17557	213.90639
484.3781	-183.44974
146.55629	204.69363
306.07437	309.4204
482.70276	-189.96933
481.90082	-190.45418
136.2071	214.68796
146.20126	213.14055
148.604	206.44458
147.45676	205.10786
204.16023	-116.723946
206.92746	-106.14328
142.54955	207.80655
189.25592	-144.24289
146.69437	204.43057
43.226868	918.08264
43.884502	806.7333
247.26056	687.3597
-24.763817	844.79156
43.62912	806.5513
42.696045	918.5481
139.09885	392.23926
43.509056	807.54016
-3.6524842	637.63403
88.16334	1084.2595
88.163376	1084.2593
88.16336	1084.2593
94.25533	1045.4735
94.733665	1038.227
88.163925	1084.2601
102.926796	1051.1099
97.70392	1044.4932
97.17296	1046.0729
214.3919	974.40283
212.68082	998.82947
210.28168	997.38184
88.16345	1084.26
210.38406	997.6892
202.46367	984.59955
88.16395	1084.2601
88.16345	1084.26
88.163376	1084.26
-612.37683	601.40356
-612.01263	593.88635
-461.2882	537.5099
-811.30725	565.11194
-700.6715	596.7875
-700.6714	596.7876
-700.6719	596.78735
-700.6717	596.78735
-811.30707	565.11194
-749.6609	585.7946
-701.0542	597.0268
-609.9277	605.36096
-701.2374	596.4046
-700.45807	596.06116
-748.5245	584.9335
-483.50214	582.33374
-612.0355	603.05536
-612.9531	603.2714
-914.19196	494.70465
-911.44495	495.56323
-960.61884	463.6853
-821.4438	603.9819
-902.35504	512.87115
-898.0702	505.79117
-863.5338	601.3299
-863.53406	601.3299
-821.444	603.982
970.593	-650.2755
970.4707	-650.906
970.65076	-651.6909
1008.1975	-616.1458
971.3175	-651.0486
971.80054	-649.2876
1042.5974	-672.10535
1045.0261	-668.6313
1049.5364	-669.7281
926.0626	-538.6054
865.74615	-268.56744
866.34656	-264.76477
929.8043	-542.3598
927.9394	-543.25146
922.66296	-542.3805
929.65607	-541.0515
928.8309	-541.7152
926.58594	-552.127
1011.0107	-630.49506
1008.40857	-612.95807
516.4192	-220.4402
896.47437	-577.20306
901.08875	-578.7153
1004.82007	-631.65173
867.4045	-273.93457
525.1496	-228.80386
895.62933	-577.67975
886.8005	-85.6733
936.7982	-148.39278
936.798	-148.3928
882.6824	-94.35625
936.798	-148.3928
885.3259	-88.95819
860.8329	-265.14493
866.3944	-263.21188
865.633	-268.68063
689.1194	197.92677
692.43646	197.9501
744.0443	403.63705
711.6448	83.73086
683.8666	200.08055
684.4744	199.33717
748.7298	401.35178
741.89307	397.9445
891.89355	-82.99068
437.5382	86.478714
301.69968	307.1319
307.21515	307.60373
483.05798	266.823
483.13144	265.40323
483.63284	267.90213
417.4396	403.88202
481.78693	266.80527
482.46484	267.59818
687.5778	524.38025
685.76624	523.65656
685.0979	526.4912
569.9525	627.2213
685.90247	521.8711
688.1288	524.6014
569.38257	627.63293
569.0951	626.298
568.7815	626.99774
570.869	628.7843
504.7483	704.5962
501.19666	707.63214
565.0164	669.04333
504.7922	704.403
571.587	628.17786
566.2876	664.7254
564.68134	669.4264
565.6568	662.42847
315.82632	826.8488
574.5582	625.9277
574.9861	624.9789
572.61285	622.18744
575.9177	622.60913
320.99796	831.3793
439.8255	940.9004
439.8252	940.90063
439.82538	940.9006
714.5861	170.06363
714.3503	169.85898
501.20032	115.13049
97.423386	361.43658
252.17786	198.73663
251.45422	195.79935
250.60767	202.86584
251.11922	198.1619
97.74514	361.70428
54.690456	293.30176
251.20935	156.87738
250.87175	157.29054
252.79745	195.38379
258.12234	196.1991
54.69046	293.30176
503.6496	110.039154
346.69998	135.76562
346.5066	136.14296
-257.51242	502.2743
-252.56758	504.1846
-389.64362	544.16785
-91.225494	390.44165
-241.4989	486.1162
-168.13882	489.24957
-246.91373	487.279
-246.91376	487.279
-246.92181	487.28058
379.31625	-449.58185
697.7825	-693.0982
175.8805	-468.82565
701.93365	-695.87225
699.7637	-694.8416
699.6176	-690.5565
688.52997	-692.32275
693.1754	-695.4843
700.93744	-698.54315
541.6542	-293.00116
541.6544	-293.00107
541.65436	-293.0011
696.08795	-696.1627
949.8302	-551.2092
948.909	-550.924
234.13345	-423.03378
367.0965	-317.27054
379.24127	-449.70584
935.8295	-546.9374
936.9431	-548.94464
931.7173	-540.59094
943.8369	-548.56305
936.6411	-553.8076
682.70715	-703.88544
926.60065	-419.71988
927.222	-419.50638
942.68304	-549.6125
445.8764	-218.31161
448.49756	-220.94186
437.1181	-217.55678
669.44226	-74.713455
560.8901	-203.96716
444.24042	-215.55927
541.6544	-293.00107
560.89	-203.96716
678.95905	-213.40637
533.7446	-106.252884
534.0951	-107.580536
536.4889	-106.05964
445.26007	-215.65186
447.10782	-214.50693
535.3396	-108.07034
454.92865	-306.29114
452.25787	-214.14108
449.18948	-218.00058
885.2705	-83.56185
748.53204	407.84924
746.8872	405.81122
536.4243	-107.70873
889.4828	-80.23959
888.5668	-78.96762
740.3218	286.0982
534.55804	-107.39249
534.48987	-107.56184
439.62433	35.795246
532.5964	-108.1548
488.65372	-238.24388
616.82855	257.51193
519.12286	167.23746
519.1225	167.23906
532.5964	-108.154785
537.4221	-115.765144
537.0243	-117.11496
519.1224	167.23926
484.4192	118.84653
484.4192	118.84651
519.12244	167.23929
484.39	118.802124
519.1223	167.2393
453.74435	-201.97415
439.64636	35.58297
439.63037	35.609802
599.2709	422.77103
600.9924	424.0686
601.75195	424.57455
605.17267	261.9446
542.5973	408.24207
585.05585	454.43
547.4424	405.92618
547.0541	405.37415
605.6615	261.5033
998.7262	91.46694
998.7263	91.46695
1001.95654	91.26275
1025.261	107.954575
998.73035	94.906624
998.7261	91.466965
1014.4912	104.554375
1020.2621	106.01165
1024.1344	103.83063
838.308	-149.15518
838.3081	-149.15521
814.4239	-118.583664
961.61	108.08052
964.62164	110.654755
962.59875	116.75783
955.55164	102.94082
955.87	114.43444
959.72406	109.53569
978.46545	122.338455
977.5275	123.01326
982.7892	117.34318
969.9252	122.16012
838.3076	-149.15524
977.86633	125.067986
761.8633	-248.09146
838.3078	-149.15521
838.308	-149.15518
223.78343	-276.39603
560.44855	-421.44745
227.03127	-272.3688
560.44794	-421.4475
560.45154	-421.44666
231.34184	-274.06348
682.3007	-304.0033
560.44806	-421.4476
560.44806	-421.44757
22.667461	-463.59503
22.667461	-463.59503
25.382635	-462.4217
227.37062	-276.3076
229.99214	-264.47534
24.543903	-461.76404
234.42429	-270.0394
233.71523	-270.584
230.37126	-278.2219
265.1224	-528.34406
162.18423	-499.1178
162.73206	-499.58438
163.3617	-499.94873
162.84323	-498.69745
259.219	-539.013
24.381767	-415.77094
163.36174	-499.94867
163.3617	-499.9488
-366.50378	-444.97147
-375.28503	-457.73227
-382.42978	-439.51544
-371.87836	-446.56323
-377.50433	-446.9146
-374.21948	-458.07022
-386.2732	-440.4549
-386.5984	-446.83234
-381.84573	-444.47354
-324.46747	-458.9109
-362.15454	-435.29584
-411.9177	-846.5003
-370.14163	-452.70688
-366.43082	-436.0454
-324.46753	-458.9109
-589.5176	-575.0298
-376.24893	-432.93155
-368.16373	-440.61627
-26.194628	-411.74695
-17.38827	-344.32697
86.313	-418.62393
-256.48828	-435.69006
69.49063	-353.38525
66.17954	-350.3316
70.91083	-359.1415
70.95967	-358.0799
-256.27414	-433.9818
-394.0135	-838.4393
-590.5872	-717.4037
-587.6107	-718.2208
-394.42172	-828.0304
-446.2437	-660.81573
-392.08282	-834.6489
-418.40186	-843.29285
-446.24377	-660.81555
-422.33597	-842.109
26.89971	-840.9217
-61.740646	-965.1002
-67.662025	-964.79333
28.137707	-841.2368
-62.531105	-961.7655
27.630922	-841.0727
-64.866516	-964.3365
32.027443	-842.15344
30.160107	-841.1396
94.34467	-441.6
194.04437	-547.3605
454.92877	-306.29114
98.92128	-449.0578
194.04437	-547.36053
96.7517	-447.68256
378.8892	-621.4507
380.63367	-615.28516
371.75104	-615.21655
140.90819	-942.0204
140.90817	-942.02014
-7.63464	-1045.4556
-61.15204	-961.37317
-67.240425	-957.08923
140.90825	-942.02057
-66.56899	-966.0456
-59.967426	-962.29156
-61.069252	-962.0539
140.91476	-942.0138
140.90845	-942.0205
140.9101	-942.0196
140.90823	-942.0204
140.90825	-942.02057
140.90947	-942.01935
73.85895	-911.71136
140.90823	-942.0204
140.90822	-942.02026
450.71783	-491.07684
450.71783	-491.0768
451.54935	-350.47888
386.41385	-694.2075
435.56848	-583.9788
435.5686	-583.97894
391.07513	-697.3929
435.56854	-583.9788
391.54413	-696.4121
844.1981	491.03976
842.57117	492.34998
839.5159	482.38934
934.78735	421.93817
933.27966	422.7214
846.8678	491.42682
997.70435	96.45829
988.84143	96.589035
990.13586	100.125244
845.1593	401.97595
845.1592	401.97598
664.1533	238.73146
884.2178	326.98184
845.15906	401.97604
884.7293	326.37152
539.33527	643.118
845.159	401.97598
842.8571	490.6116
965.01825	104.91959
964.84064	107.21376
966.42017	104.08219
884.47784	327.11514
966.75104	105.85232
964.7837	107.34666
599.6876	-19.760841
967.02386	106.75212
885.6814	326.2771
-148.87871	179.87854
286.386	149.83598
286.506	149.17429
300.32422	25.551704
286.48953	150.19803
110.96198	23.385029
449.62112	196.18562
442.14282	199.40355
445.10046	197.79309
-467.32104	82.43074
-468.5687	79.64656
-466.35065	80.187164
-468.0758	82.61249
-468.5745	81.55575
-179.78769	-78.94016
-474.32727	79.64055
-474.41992	79.81658
-148.87753	179.87839
-138.4495	-231.1633
-138.44946	-231.16336
-138.44943	-231.1633
-179.57687	-80.21358
-138.4495	-231.1633
0.63991696	-106.65593
-138.44957	-231.16336
-138.4495	-231.1634
-466.36316	87.444
-901.027	-298.93915
-874.27734	85.856
-873.9562	93.921616
-811.012	-245.4326
-824.37646	-250.09178
-810.09485	-244.94235
-561.41736	-58.30479
-691.9766	-126.86948
-691.9768	-126.86947
-889.4949	-580.4314
-901.02686	-298.93903
-901.02686	-298.93896
-901.027	-298.93915
-901.0269	-298.9391
-823.0024	-252.0946
-909.4703	-299.15015
-901.0269	-298.9391
-901.027	-298.93915
-739.60376	-486.24207
-899.971	-479.7504
-895.2191	-482.35083
-895.5239	-476.77304
-896.2167	-476.1186
-821.30304	-254.88928
-889.495	-580.43115
-896.2097	-475.52533
-896.8671	-473.80234
-694.75	-573.11426
-693.9763	-573.07837
-728.0647	-318.42157
-733.83887	-671.51556
-728.5547	-667.2474
-694.46094	-572.9093
-862.1095	-529.4038
-731.2512	-671.3646
-734.0204	-671.484
-165.49973	-970.5576
-400.9117	-614.2612
-401.66214	-611.43774
-693.77527	-572.59674
-694.81134	-572.87195
-695.3207	-573.11456
-393.0748	-621.9007
-394.40442	-621.7807
-694.42206	-574.0807
-411.98846	-888.5963
-695.2053	-577.3319
-65.01971	-961.56134
-692.96533	-574.1252
-698.67035	-572.585
-411.98846	-888.5963
-2.6309118	-1052.7657
-165.88274	-970.34326
-165.49971	-970.5575
522.8376	860.7813
404.07727	1045.2493
273.3758	1159.6372
555.854	942.09686
522.83765	860.7816
522.8303	860.8025
517.1441	1005.161
517.1441	1005.161
555.854	942.0969
282.20425	527.5538
13.252802	939.208
281.72278	527.8884
522.8275	860.8086
522.8268	860.80963
522.8267	860.8098
6.5772533	936.914
12.947112	933.8115
-212.8862	1079.5273
739.2697	641.61865
545.19507	643.6807
739.27	641.6188
555.77704	643.50134
545.06586	644.4165
675.4608	738.5167
543.01105	641.9938
545.15924	643.3245
544.582	643.8433
-439.52704	573.54175
-231.30563	601.70416
-232.38168	601.9032
-207.8757	498.82202
-207.27782	498.3723
-207.41318	498.34683
56.980247	542.376
56.980255	542.3759
281.8118	528.2233
-693.0136	358.8646
-695.32935	360.78857
-693.7888	361.12714
-437.81976	574.5464
-375.2561	403.29898
-374.23004	407.6199
-781.93964	405.7625
-437.41742	574.7444
-439.31015	574.1312
-700.76904	346.55975
-296.16006	241.3073
-296.27713	240.74237
-691.11237	357.38614
-693.4741	355.39273
-695.85236	343.45905
-464.8438	80.27061
-690.443	357.54318
-690.048	356.566
-782.9446	409.63867
-780.077	408.96542
-779.8364	409.86465
-859.0232	133.21194
-832.4004	208.2012
-828.8126	212.2624
-693.73425	362.54846
-697.1444	363.78113
-859.6664	136.05838
-842.61926	204.92538
-762.3303	173.20145
-766.57764	175.09605
-836.57074	213.28287
-837.8921	213.43527
-841.21423	214.66403
-777.2373	391.57245
-736.80444	310.73767
-736.6141	310.81708
-909.55835	-35.29082
-911.2473	-35.829082
-908.8485	-34.84877
-867.67444	135.45117
-904.4542	-37.244823
-865.37744	134.07076
-871.1362	35.876404
-870.75806	37.015335
-871.4169	38.041885
-583.8533	179.25198
-583.85333	179.25201
-497.45425	279.16034
-659.4769	-102.116005
-563.1355	-104.74303
-578.92633	-115.166794
-767.9913	175.63507
-771.0675	176.60556
-759.2487	167.18849
-572.4081	25.968008
-572.40857	25.967978
-569.0913	-115.792244
-571.19037	-109.573814
-572.40857	25.96798
-569.31775	-120.090546
-497.76566	278.43646
-583.8533	179.25201
-583.85333	179.25198
-695.2503	-159.3048
-701.4188	-159.38818
-459.98334	-440.30658
-569.61597	-117.02034
-698.794	-159.56079
-696.42566	-161.9838
-698.3259	-157.75449
-701.4022	-158.15079
-569.7979	-117.31094
-262.04532	955.9246
-149.93228	1012.802
-131.0556	921.3567
-149.93227	1012.802
-149.93228	1012.80225
-149.93228	1012.8024
-149.93228	1012.80176
-149.93214	1012.80176
-149.93132	1012.8012
-213.31796	1074.3208
-209.78412	1070.1718
-212.34512	1081.1453
-219.49736	1079.6814
-330.9206	1045.7339
-221.13197	1081.3182
-367.51343	1039.6044
-330.52155	1045.9987
-222.5983	1078.7858
3.7438955	932.71204
8.44461	939.1651
7.6785874	938.50024
-219.06293	1079.1844
-214.00854	1080.6261
-223.95834	1079.6453
-474.07657	850.5543
-213.03268	1065.679
-211.574	1075.3643
-533.70386	1010.71643
-591.254	989.8514
-497.79315	1037.2261
-589.9184	984.48755
-588.2623	990.698
-588.5582	989.0381
-468.2575	1000.9464
-468.2574	1000.9464
-460.53418	856.5867
-593.11273	737.46857
-592.2266	732.3322
-548.023	934.25684
-626.99286	960.1073
-588.31323	731.8494
-583.89355	735.57153
-557.46436	929.4728
-590.124	732.4484
-624.272	964.7867
-555.5739	665.08606
-672.8806	639.7407
-783.2737	406.36694
-585.8092	738.5892
-556.68695	662.8281
-557.34033	657.4432
-597.26184	730.7153
-630.8055	646.5752
-591.88574	737.3163
-428.32684	799.8469
-584.97253	784.5243
-552.3496	919.2968
-597.2243	724.95105
-589.14734	783.77747
-584.9365	783.5263
-590.5323	783.4155
-590.405	784.3385
-593.1403	723.41425
-296.37405	739.8192
-296.54822	739.34503
-295.81943	739.93585
-584.34155	787.9785
-519.6078	652.94604
-520.1658	653.24646
-295.04123	779.0201
-521.4426	651.85065
-428.32687	799.8471
-679.30896	568.4277
-555.67914	489.72424
-557.9687	493.5999
-506.9946	653.83734
-405.08868	564.4213
-407.24445	561.5571
-410.52902	563.04724
-409.9936	565.55084
-415.36865	562.6452
-21.827545	738.00354
-26.54504	740.1221
85.43564	738.5415
-19.144176	741.27814
-23.149189	741.99414
78.08171	695.72784
-20.67183	742.6632
-23.265625	742.9636
-20.87386	743.28345
18.8686	667.4771
114.72612	766.8734
288.95105	730.0923
78.77369	691.4771
114.82548	767.27057
19.084513	668.0796
299.14264	735.3844
299.1427	735.3842
-21.11244	734.38525
-276.20975	483.25336
-275.96783	482.77664
-546.1614	478.51608
-74.53913	677.77795
-404.958	560.7458
-406.60095	563.1217
-194.93814	611.8159
-195.1239	612.31006
-74.129684	679.01245
-136.75026	848.1987
-137.2622	847.76154
-129.23434	925.96277
-262.04587	955.92444
-260.73615	955.2886
-299.20325	936.88446
-133.23723	917.97095
-132.58643	923.9368
-262.04587	955.9244
-273.37616	884.4262
-296.53107	784.6148
-294.66748	779.56116
-300.51547	926.787
-296.15363	781.5283
-273.37085	884.4175
-41.89743	660.9173
-132.5493	850.8108
-134.0261	852.6207
-548.7122	938.0716
-553.037	935.7293
-555.3576	930.7934
-294.4955	849.7555
-293.13544	929.59015
-293.95282	929.7828
-553.14294	914.72644
-267.22552	932.84204
-299.875	855.79626
-133.125	-262.83035
-133.12341	-262.83667
-133.12318	-262.83725
98.59229	135.48547
98.59265	135.48479
98.59238	135.48535
9.917811	-48.06492
9.917811	-48.06491
120.48009	265.2694
223.04564	414.06732
3.0534692	164.62053
3.4952002	164.97406
98.59234	135.48541
98.59237	135.48535
98.59234	135.48541
-129.56168	-54.882935
-129.71896	-54.474533
98.59237	135.48535
183.77194	446.63068
184.97511	445.46844
89.85909	534.57733
151.84775	324.59213
191.22871	367.19202
193.30986	376.77167
223.58252	415.01172
194.28658	376.11267
222.89534	416.69162
-71.56595	237.13739
-72.14723	239.78235
-198.44656	248.92365
246.41519	444.9405
66.21397	292.57886
66.213974	292.5789
3.3669524	164.38483
66.21394	292.5788
245.11627	445.7708
173.36098	454.50043
65.21483	293.56573
162.58609	456.45306
66.33359	292.59613
66.61056	293.6265
172.33177	454.64447
-192.32649	250.10666
-68.42325	244.07974
-67.25173	241.3916
285.03625	573.52954
307.92328	731.60046
299.14264	735.3844
223.98102	530.417
280.06985	569.65063
280.6857	571.17566
263.56906	590.912
263.56906	590.91205
223.98544	530.41956
-816.5161	-620.67944
-864.42053	-796.39374
-875.68024	-786.5105
-821.7323	-740.4812
-812.85425	-733.67175
-816.5744	-621.26746
-811.75854	-734.015
-811.6366	-732.95624
-816.9894	-737.3596
-818.5745	-620.3999
-814.64795	-618.5969
-870.0073	-491.28192
-816.39685	-620.3041
-817.401	-619.5243
-818.23785	-620.7125
-872.90173	-492.3072
-875.8158	-490.5058
-873.5282	-490.86642
-351.8322	-149.32849
-351.83212	-149.32848
-263.57254	-140.9302
-819.4308	-622.8761
-819.2718	-622.6566
-820.9543	-624.7762
-447.35428	-234.20422
-445.72888	-235.27725
-447.30078	-233.50557
-977.17737	-228.23013
-982.7012	-232.79224
-989.6819	-227.32553
-691.60693	21.59622
-977.1045	-224.19142
-978.638	-225.51813
-871.8025	-488.7135
-974.8282	-221.41223
-869.1233	-494.75543
-715.7013	76.145294
-859.91235	22.999016
-859.9124	22.999016
-980.4525	-218.82446
-976.8051	-65.81003
-715.70264	76.146515
-983.7853	-69.602585
-985.8564	-71.01437
-987.1726	-70.50925
-308.856	168.9653
-347.91327	294.5042
-348.1739	293.9038
-670.68066	140.06131
-531.7549	135.7599
-531.7549	135.7599
-670.6806	140.06125
-531.7549	135.75992
-670.68054	140.06128
