-1683.1293	2955.4973
-1070.481	3132.407
-1757.5011	1648.0059
-1685.3127	1981.0796
-823.2793	1922.9036
-1527.0583	1418.3271
-315.01056	2573.364
1730.4484	2005.4349
-1874.5399	-276.55453
598.5817	1502.4647
1281.3258	1797.3947
-1734.0928	-1863.8512
2482.3	343.4529
2672.4204	612.0711
2757.8577	1062.297
-1887.0704	-2913.1536
2855.7798	-767.02246
2848.3118	-434.65622
2721.641	169.21626
-2371.8271	-3612.9673
1691.1941	-924.34576
1634.6272	-487.31213
1513.8176	296.37836
-2943.982	-4009.528
-89.01742	-554.45245
-41.282894	-2.2390938
6.9758677	957.94934
-3141.0762	-3680.8865
-3071.7441	-2895.3147
-2157.8674	-994.8198
-1693.4592	256.83786
-1522.4475	1409.3533
-2337.5571	-3371.7078
-2468.8157	-2662.8665
-2503.4688	-1246.2185
-2458.9395	267.33185
-975.68756	-3103.2131
-1145.1927	-2505.2642
-1393.1077	-1232.6738
-1503.2037	176.09079
386.48187	-2408.0498
179.78426	-2061.7483
7.418087	-1025.6093
130.67923	338.77615
1086.3737	-1424.3268
2231.6265	49.08447
2101.082	1115.2794
3840.328	2018.118
3691.3464	2414.6326
-1659.5704	2258.3735
-793.82117	2646.9885
-1179.0618	3110.2476
-540.454	2691.5151
423.63766	2738.8848
-543.7949	3222.816
-1883.177	-50.403706
-1629.1394	348.99286
-1571.2654	1391.4532
-1543.0736	1464.4943
-898.33875	1921.5762
-743.7995	2505.9094
182.76459	1579.6162
1002.68896	1870.6078
-450.31726	2470.2651
-1497.3138	662.1272
-199.1621	1559.2002
-878.0419	1882.3976
1089.4175	1915.4442
1657.0912	2035.3887
791.46924	2561.5496
2646.6228	1201.7917
2544.8777	1412.3933
1172.1012	2390.2942
-1746.2665	-1696.9308
-1785.3816	-1639.4707
-1704.9524	-21.685791
2319.03	516.88116
2498.5671	725.9804
1201.5928	1753.9209
2530.1533	774.06445
2651.6013	1150.8243
1734.2601	1981.3585
-1844.1655	-2807.5977
-1935.4368	-2765.266
-1788.2792	-1811.1394
2912.4248	-672.4263
2933.8643	-416.5617
2643.8398	559.7934
2932.2505	-351.00363
2842.1333	165.25157
2766.9023	1009.63184
2819.9724	234.04979
2684.7874	529.77216
2647.7778	1274.2158
-2303.4236	-3541.0864
-2384.9238	-3469.3425
-1978.2438	-2869.3428
1886.2743	-957.52014
1841.4537	-618.1441
2854.1077	-502.46732
1827.1176	-532.20844
1705.4159	139.28838
2742.015	97.206375
1690.1151	230.58578
1631.6815	607.59235
2593.6062	480.2019
-2869.5078	-3987.6335
-2914.232	-3878.709
-2451.8828	-3537.8438
139.12035	-586.83655
160.47545	-158.48668
1646.4056	-574.40375
164.31857	-56.220566
192.6889	760.92737
1525.1096	203.21371
196.0913	871.0259
222.14818	1314.2318
1465.7914	679.8604
-3178.3635	-3744.364
-3175.863	-3395.0847
-2977.1746	-3891.7651
-1828.3921	-791.9696
-1526.5454	91.943756
-49.402927	-106.75316
-1499.0371	239.62914
-1355.6879	1256.0529
1.0636504	841.9801
-1340.0521	1375.4382
-1264.3043	1837.9923
38.742245	1401.087
-2488.172	-3388.737
-2580.4822	-2822.2317
-3124.3828	-3167.077
-2591.8662	-2676.5737
-2574.0906	-1432.611
-2420.8735	-1283.9481
-2561.654	-1237.5886
-2473.8867	98.72354
-1722.3589	101.70487
-2461.926	278.80856
-2360.0288	1262.3364
-1541.0815	1286.7825
-2343.966	1315.227
-1953.6172	1360.9922
-1435.7717	1853.5792
-1147.1962	-3157.7766
-1284.4741	-2667.241
-2450.7288	-2805.6904
-1319.4634	-2539.4397
-1545.8246	-1419.6216
-2505.8596	-1439.2654
-1571.1127	-1240.9047
-1679.984	16.531504
-2464.0928	85.97206
-1688.9219	183.74744
-1826.7501	1167.5017
-2373.443	1258.1022
220.42007	-2527.8738
59.224316	-2223.455
-1111.6665	-2630.3564
26.142538	-2133.0186
-147.75941	-1220.8295
-1367.3492	-1406.8641
-156.61418	-1060.6439
-95.3283	134.53592
-1493.8373	10.788339
-79.08322	290.6996
-5.882675	933.59863
-1585.3026	1022.48694
1611.38	-928.5131
1050.1636	-1492.5797
214.76344	-2144.4858
1025.0283	-1477.0874
917.08716	-904.20184
13.769583	-1183.8246
928.84894	-826.42365
1611.5938	565.8369
106.705154	178.9916
1753.6434	899.3605
1905.2732	1720.7335
225.93854	996.6941
1893.093	-456.6439
1842.1915	555.57117
978.65515	-845.0706
3708.1724	1878.1006
3587.8025	2231.49
2146.15	910.03687
3559.487	2305.1223
3424.9482	2643.4365
2143.009	1852.4062
4340.488	2501.151
4226.521	2769.151
3720.5806	2346.2795
4198.9565	2821.8052
4048.8308	3071.0635
3553.5708	2730.6846
-1669.151	2816.4163
-1526.6691	2879.8992
-1556.9728	3004.3308
-959.8847	3030.2715
-605.0865	3095.6265
-758.9284	3192.687
-1869.0596	875.01526
-1811.9653	879.38055
-1718.1619	1472.8691
-1661.3461	1647.8252
-1390.4547	2027.9824
-1428.6428	2350.6008
-505.84897	1804.3306
-173.72351	2000.9674
-678.8858	2118.2249
-1501.2234	1121.8047
-1176.0527	1400.1815
-1280.1488	1629.3976
315.68008	2311.8354
675.5798	2406.674
124.631905	2689.1782
2106.6177	1730.1603
2035.8306	1865.0205
1542.8658	2167.2969
-1822.3396	-936.278
-1802.7106	-900.655
-1828.9098	-223.27736
1479.7471	1146.694
1577.6217	1199.9697
869.0528	1582.6342
1849.7742	1391.0969
2001.2809	1521.4441
1506.1443	1899.3497
-1741.0028	-2310.5002
-1775.5969	-2296.9297
-1761.5026	-1845.1368
2838.4307	-150.50406
2882.0676	-99.532524
2534.7454	395.25366
2972.0537	137.02307
3004.047	331.01413
2741.0386	780.2729
2966.2356	652.44946
2896.0225	797.68976
2711.83	1194.2468
-2043.4059	-3204.6216
-2083.4792	-3186.7017
-1923.5233	-2898.1416
2538.42	-948.6941
2538.5786	-882.9309
2866.595	-709.22687
2493.2476	-580.69836
2443.4182	-331.49136
2815.5527	-210.45232
2337.474	89.93648
2277.587	295.7128
2652.6387	351.45465
-2580.0723	-3806.804
-2612.45	-3777.2947
-2406.9465	-3586.4116
1046.0314	-778.7305
1040.7758	-689.8303
1683.6018	-842.95996
1012.2257	-307.3977
986.8887	1.1384214
1586.0366	-196.16246
955.0291	529.84796
947.562	780.4712
1482.2372	528.1393
-3135.745	-3973.3384
-3144.1536	-3920.7173
-2959.514	-3963.051
-790.2062	-527.19305
-759.7563	-389.75153
-77.6604	-445.41595
-672.3758	134.0453
-630.73047	529.0286
-23.984406	350.7775
-570.0284	1177.1262
-540.35913	1468.4282
24.44969	1236.1257
-2947.7878	-3518.9805
-2970.1423	-3393.6482
-3160.7332	-3579.4358
-2950.4832	-2769.1038
-2858.1025	-2202.2197
-2906.0945	-2213.1355
-2531.0378	-1168.1976
-2344.0718	-592.4728
-1883.7866	-506.38022
-2172.568	284.23492
-2105.5193	773.37006
-1620.0393	720.95154
-1997.329	1430.1183
-1927.8573	1668.8804
-1476.3867	1693.0409
-1831.968	-3316.8228
-1869.2737	-3194.5085
-2372.1577	-3241.4277
-2020.979	-2623.1084
-2109.2573	-2151.9192
-2501.9678	-2174.51
-2202.8628	-1258.2117
-2240.4963	-690.1013
-2490.428	-670.24695
-2269.9995	231.91927
-2276.042	731.57385
-2432.9912	766.8848
-457.80344	-2900.115
-490.81516	-2811.9731
-1006.96484	-2999.5984
-628.27216	-2375.034
-725.5043	-1978.3763
-1248.0255	-2072.3628
-852.33624	-1181.3021
-892.0814	-659.2081
-1450.638	-695.0531
-906.6427	183.37161
-905.3665	585.21497
-1526.2622	621.5355
881.1751	-1958.2233
809.49786	-1975.3099
339.4009	-2359.3232
605.3321	-1813.99
514.62103	-1554.7997
87.22186	-1739.0712
467.0597	-917.34015
539.7327	-415.20682
25.660822	-512.27966
777.484	522.1462
885.3104	979.62427
191.63632	740.1169
1336.5566	-1198.9937
1429.0337	-772.2448
1090.3536	-1160.9666
3002.6865	1073.736
2997.2153	1233.2888
2311.6277	415.66858
2868.399	1729.7285
2811.727	2032.4415
2127.1619	1591.4708
4150.279	2321.6423
4126.2676	2403.0242
3816.391	2105.3594
4003.2073	2670.7693
3923.3926	2833.691
3612.095	2604.3818
-1444.7235	2473.8027
-1506.754	2800.9468
-1658.7568	2726.1938
-1028.4612	2935.8499
-1409.7157	2836.6663
-1318.5393	2534.8777
-1478.4045	3029.5745
-1435.5247	2913.0632
-1088.2375	3003.4172
-57.72537	2784.3506
-504.03348	3031.9458
-885.4819	2966.125
-224.35336	3055.0164
-399.84894	3046.7644
77.46709	2791.5508
-682.49207	3204.2532
-512.6757	3108.4873
-353.14514	3122.0393
-1830.6229	6.420516
-1823.0773	669.46436
-1884.3923	639.6234
-1586.7875	896.1375
-1782.4092	700.50256
-1798.2792	48.051014
-1687.2711	1432.6135
-1770.4869	895.2785
-1586.1559	1043.8234
-1309.7787	1705.1685
-1375.6404	1938.2096
-1634.8721	1586.6969
-835.64343	2123.2207
-1255.2555	2019.2401
-1206.2461	1777.8516
-1294.1919	2423.6646
-1266.3185	2105.1382
-806.62244	2206.4775
633.00354	1686.579
9.3531475	1936.8984
-373.17056	1751.028
410.31442	2173.4229
114.08788	1998.7848
733.779	1732.7289
-629.8697	2197.139
-77.42117	2068.366
209.44843	2258.1511
-1070.3595	1195.1855
-1140.3357	1331.2023
-1493.5673	1001.24133
-530.33685	1682.1167
-1000.8955	1428.2374
-900.2545	1312.4263
-1176.4039	1704.4098
-1048.4646	1490.9116
-637.0704	1735.3158
1344.1543	2012.1929
850.1197	2314.418
513.42786	2222.2087
1385.6802	2233.501
972.76025	2320.1714
1426.4158	2031.1829
268.56625	2693.3079
809.3962	2410.1458
1273.5005	2304.7388
2604.4292	1331.7733
2194.9304	1738.8433
2249.7722	1607.8665
2106.4014	1836.4391
2169.9758	1775.2836
2587.1106	1362.0931
1454.8191	2229.455
2001.7697	1905.4324
1918.4044	1973.3357
-1764.8333	-1676.741
-1793.4453	-1112.2042
-1800.2112	-1143.6893
-1774.7322	-1056.4894
-1787.8475	-1096.4419
-1772.8481	-1667.1666
-1804.0563	-186.23914
-1789.9724	-883.13794
-1771.7297	-832.7587
2374.485	567.8631
1798.2963	1052.3413
1717.5038	1001.1674
1984.8182	1199.4923
1839.5613	1082.9644
2402.1602	599.05664
956.5289	1622.6965
1628.3563	1231.5732
1794.0334	1347.2317
2611.288	933.22723
2162.4941	1380.4332
2032.0355	1243.1417
2250.9072	1563.8969
2196.9092	1426.2811
2631.087	989.64294
1576.2928	1926.6499
2040.4797	1562.2303
2111.1003	1690.0763
-1882.4253	-2793.3408
-1792.4135	-2434.8555
-1753.4633	-2444.27
-1839.7961	-2406.6306
-1805.0178	-2425.522
-1897.2631	-2785.696
-1770.4572	-1837.7128
-1788.0273	-2290.8132
-1821.4293	-2271.7622
2933.7004	-618.171
2945.3938	-247.9981
2902.5205	-300.00116
3002.5408	-63.1402
2959.984	-213.03444
2935.1538	-580.90607
2559.8357	427.8188
2901.0974	-63.20295
2955.274	78.97038
2908.4006	-132.30037
3032.0952	195.66771
3013.3318	-3.458989
2995.085	468.8543
3030.3354	264.82938
2896.058	-54.620766
2755.926	837.0402
3007.7095	399.6916
2984.7236	594.6861
2747.9263	409.6034
2898.417	679.1882
2973.7004	530.43585
2820.3271	775.93805
2874.1082	717.03296
2726.8	453.9382
2693.6484	1227.4236
2873.0564	834.416
2814.9653	883.984
-2338.5928	-3514.5332
-2143.6218	-3275.9854
-2107.367	-3299.9756
-2193.2815	-3234.2295
-2159.7834	-3265.647
-2355.3396	-3506.679
-1941.3804	-2891.428
-2099.8928	-3176.524
-2137.2546	-3152.6165
1879.318	-880.22046
2394.5974	-907.1642
2397.3474	-976.2835
2358.7747	-669.2363
2389.6553	-861.04803
1872.2454	-830.66534
2866.1133	-671.4824
2533.8813	-840.1337
2505.8154	-656.40247
1776.0452	-250.61353
2292.316	-336.39258
2344.288	-592.26855
2209.4038	19.231157
2272.5757	-246.36223
1758.3018	-151.5397
2798.7214	-132.27403
2422.9104	-246.39363
2358.245	8.49874
1653.4862	457.60934
2130.3235	313.41476
2186.283	101.672745
2096.3608	462.21194
2117.8323	367.91797
1644.2776	514.62976
2632.0742	398.41888
2260.717	347.53836
2232.8503	436.87085
-2894.884	-3953.7095
-2682.0923	-3834.8481
-2652.228	-3863.8242
-2718.676	-3775.9197
-2694.8894	-3818.642
-2900.1458	-3929.3804
-2421.8503	-3572.5344
-2627.2502	-3765.343
-2653.192	-3727.122
145.5961	-484.77573
818.50006	-635.5227
819.9473	-727.578
804.01575	-338.54788
815.6802	-577.19696
148.89836	-418.45154
1677.116	-793.2602
1036.7572	-634.3439
1019.9016	-402.54016
176.0579	281.6889
782.76013	71.64954
798.7285	-243.1313
767.52936	511.50278
778.78204	183.33865
179.85307	403.1922
1569.5002	-96.054276
978.6984	108.43615
959.7706	428.84494
209.5145	1147.9924
763.9084	871.62305
765.1992	613.8645
766.63666	1034.6625
764.3831	932.7359
214.10352	1212.4292
1476.6271	586.5235
947.36414	840.4629
946.36664	938.5295
-3198.7998	-3655.9082
-3187.1072	-3873.1511
-3181.2249	-3930.946
-3175.3801	-3762.7297
-3186.1465	-3840.5168
-3199.39	-3598.4702
-2966.7566	-3942.0928
-3145.6492	-3893.0457
-3137.2812	-3826.385
-1671.9001	-466.78467
-989.5094	-392.88815
-1034.2441	-551.58856
-902.8139	38.768776
-968.369	-301.76587
-1629.5731	-335.677
-72.579605	-377.6487
-741.79486	-307.60464
-688.42487	10.416226
-1430.711	692.25726
-833.0701	576.9316
-882.805	166.84346
-776.5302	1115.299
-818.6365	716.0676
-1411.2278	840.00604
-18.316463	473.18658
-618.2311	662.8953
-581.4848	1055.8008
-1299.2666	1673.3063
-731.7316	1534.9806
-763.9727	1238.331
-709.1849	1708.6793
-724.6517	1605.2385
-1288.3226	1743.2322
29.649693	1302.3813
-532.913	1538.9899
-520.52234	1641.4546
-2521.01	-3261.5334
-2878.8918	-3350.9778
-2853.9277	-3477.5254
-2891.3962	-2896.6135
-2887.3745	-3265.0334
-2537.4016	-3176.0688
-3165.5266	-3510.9612
-2977.3953	-3309.534
-2968.5237	-2934.8567
-2605.298	-2180.5183
-2818.6353	-2197.8147
-2882.3406	-2738.5767
-2642.1309	-1395.3799
-2785.727	-2003.3745
-2602.6199	-2000.6786
-2830.2498	-1991.0875
-2813.4126	-2002.0594
-2612.923	-1376.1049
-2524.0945	-654.7805
-2437.2402	-609.5916
-2584.1958	-1193.1224
-2312.8794	113.346695
-2400.9187	-424.64944
-2511.7144	-463.53033
-1834.0391	-357.30173
-2301.7332	-412.42416
-2199.813	113.84528
-2426.8354	778.69244
-2226.5813	781.33594
-2287.2417	287.63885
-2142.0972	1317.4121
-2207.3018	933.1524
-2414.564	925.6901
-1600.4773	871.3244
-2087.0715	924.63586
-2020.6903	1324.7949
-2233.1667	1401.6628
-2039.3364	1634.8248
-2119.9167	1416.3656
-1938.3527	1724.3534
-2011.9691	1675.9813
-2171.7322	1403.746
-1466.8893	1763.4543
-1904.7854	1725.7667
-1854.3062	1786.6366
-1177.6455	-3051.0312
-1695.4556	-3170.6182
-1660.7441	-3288.8796
-1811.9321	-2750.094
-1718.2446	-3090.04
-1198.8718	-2979.7324
-2393.184	-3156.8953
-1892.6201	-3113.5947
-1988.3082	-2765.707
-1423.6451	-2095.3271
-1951.3466	-2142.004
-1848.1449	-2610.967
-2049.3242	-1441.9976
-1980.6444	-1973.9016
-1457.109	-1933.1681
-2508.1284	-1998.1997
-2134.031	-1982.9227
-2189.1523	-1445.7278
-1630.0514	-700.8446
-2113.4822	-695.3984
-2067.0984	-1258.5402
-2152.6335	41.187634
-2126.8376	-508.6329
-1647.5835	-517.98096
-2486.289	-475.9402
-2251.1628	-501.9015
-2268.934	51.739117
-1718.3022	645.80316
-2175.068	715.80023
-2158.6875	219.16464
-2181.9995	1283.3973
-2178.8516	869.0146
-1731.4602	782.694
-2425.95	915.26526
-2279.1394	883.6439
-2257.2732	1288.2661
177.77647	-2467.9878
-319.9331	-2737.97
-286.5579	-2820.6455
-426.86072	-2430.6753
-341.28598	-2681.8096
153.54173	-2425.934
-1025.768	-2929.8127
-511.01147	-2752.3494
-594.47455	-2488.2578
-65.9989	-1795.6093
-553.7897	-1939.2164
-458.6735	-2323.0728
-655.5784	-1324.4406
-583.7849	-1794.7023
-91.939316	-1664.6687
-1278.754	-1914.0109
-753.87476	-1829.83
-830.7174	-1350.9785
-153.21852	-549.7283
-703.106	-639.2298
-672.8644	-1156.9828
-703.56976	41.35788
-705.7327	-463.8997
-142.0949	-372.99155
-1462.7705	-516.47845
-898.1024	-484.61398
-905.34796	23.840015
-33.45383	685.0781
-689.8929	587.994
-699.8618	197.5575
-685.6258	851.2988
-687.2137	690.68555
-22.547647	782.1708
-1535.8579	747.61847
-905.68774	686.0169
-909.466	857.8495
1346.1934	-1273.6174
957.5795	-1821.0701
1048.5201	-1767.286
771.0317	-1780.7191
911.2963	-1831.7272
1258.0863	-1360.09
313.29614	-2325.201
770.1606	-1970.5236
644.7129	-1877.8044
986.53503	-1257.1307
644.5474	-1489.3796
731.57416	-1729.3768
596.65564	-1026.169
623.8039	-1386.9911
969.1596	-1166.6381
62.746956	-1614.8324
493.7159	-1448.4165
462.52725	-1066.0898
1124.0145	-387.33264
703.0358	-392.3219
604.7609	-885.7961
943.7991	397.70923
755.1092	-202.945
1220.4056	-189.0473
41.182755	-335.69522
581.83496	-229.3747
729.7866	338.8225
1872.7056	1447.3872
1125.5573	1078.4548
1004.03546	597.34955
1176.224	1357.0586
1147.4861	1190.7186
1888.5326	1557.6099
205.92113	840.7221
906.22473	1088.533
936.006	1251.1788
2091.0435	123.72907
1565.4409	-594.57074
1442.517	-1079.6624
1342.4293	-224.82297
1549.9728	-470.69785
2079.38	255.55247
1074.3153	-1071.9423
1413.6238	-659.0458
1229.3436	-423.11353
3687.9473	1974.5906
3198.9114	1455.8547
3213.8494	1320.8615
3100.4277	1800.3143
3182.8467	1529.7279
3668.3853	2029.2086
2300.6128	538.13226
2983.9395	1319.6742
2900.1855	1620.062
3483.5757	2509.1438
3006.19	2166.6
3071.1165	1897.4183
2963.3447	2339.7703
2991.7437	2233.7314
3462.7397	2562.5671
2136.7485	1698.7075
2802.2253	2109.1326
2779.7852	2227.319
4319.9375	2578.4697
4202.2056	2472.0044
4226.6777	2391.9294
4109.3823	2674.839
4184.05	2516.361
4302.7314	2621.8694
3799.434	2158.0447
4109.011	2449.358
4033.0168	2612.3547
4125.107	2974.1572
4002.3647	2890.2039
4081.351	2731.728
3931.8628	2999.7314
3978.0613	2932.2805
4102.0464	3012.691
3592.7131	2654.4507
3902.145	2879.3093
3858.6353	2948.392
-1681.3557	2931.5068
-1661.3895	2942.8018
-1661.97	2965.064
-1046.0215	3119.6516
-938.99097	3138.717
-956.39966	3157.326
-1807.5005	1371.5167
-1802.8516	1347.5667
-1751.3749	1593.9183
-1691.797	1825.6876
-1618.124	2003.795
-1619.2281	2149.3728
-729.14557	1898.737
-654.5114	1956.6622
-773.03296	1980.4297
-1517.6278	1336.4463
-1439.2294	1401.085
-1460.0736	1478.8027
-95.424904	2483.7534
36.898926	2539.9775
-164.37418	2633.9255
1839.7206	1934.2992
1811.2198	1980.71
1686.4027	2052.418
-1856.8152	-501.68774
-1851.708	-494.28113
-1863.7491	-268.78732
930.5205	1399.6793
974.38525	1413.4874
683.0534	1519.3635
1470.9459	1666.5564
1539.9889	1706.5798
1357.2863	1832.951
-1728.6655	-2020.1926
-1738.0067	-2016.3108
-1744.4264	-1860.2053
2624.8215	172.86136
2635.9883	183.01381
2492.376	352.63498
2796.874	448.05524
2818.958	506.51562
2695.7207	672.3624
2852.9119	925.19476
2838.714	973.90704
2745.0396	1111.1166
-1936.8098	-3013.607
-1944.3345	-3012.9631
-1894.805	-2910.8972
2769.7458	-845.09
2775.4272	-836.11975
2860.841	-757.06903
2745.224	-500.90756
2733.8083	-425.60886
2838.7546	-361.86023
2605.292	122.18205
2582.1938	193.52708
2698.3254	236.74722
-2440.9104	-3680.4956
-2448.649	-3676.6365
-2379.8213	-3606.873
1482.4106	-880.6556
1483.5831	-867.56506
1691.6466	-911.1798
1432.6694	-432.40814
1419.2527	-336.7244
1620.3099	-393.72818
1331.3235	369.38937
1322.1996	457.52878
1502.2216	382.80273
-3015.2378	-4013.1301
-3019.0352	-4004.7466
-2947.2773	-4001.8406
-319.66315	-533.63763
-315.9865	-511.74057
-87.115875	-535.74664
-249.76483	46.700348
-240.46977	163.85545
-35.81108	107.94269
-184.38242	1036.448
-176.74855	1140.1879
12.592369	1061.4546
-3090.7192	-3620.7756
-3095.9998	-3601.645
-3147.2358	-3664.2332
-3045.6462	-2849.708
-3004.6553	-2636.6926
-3020.5808	-2657.447
-2333.5803	-1085.7383
-2216.9226	-886.74615
-2027.4962	-811.8284
-1872.6875	268.88376
-1844.9607	428.95184
-1666.9418	410.573
-1700.0529	1426.259
-1679.9183	1532.6487
-1507.0719	1517.5823
-2171.5295	-3357.1565
-2180.1516	-3334.9343
-2344.332	-3351.5073
-2331.2937	-2649.6902
-2352.4504	-2497.6653
-2483.0186	-2508.625
-2422.8484	-1252.6047
-2427.1313	-1060.4148
-2499.6794	-1052.952
-2423.4504	255.58096
-2420.4692	430.0492
-2451.9924	440.24213
-802.98804	-3042.596
-808.1611	-3026.7874
-980.2926	-3086.5745
-970.97906	-2466.9202
-1004.12225	-2334.8337
-1178.9607	-2369.535
-1211.8037	-1219.4583
-1232.5667	-1043.3314
-1414.3667	-1054.8717
-1307.8478	171.83133
-1313.2307	324.1116
-1509.737	333.12717
552.59796	-2274.811
541.7355	-2271.9185
377.76877	-2401.634
328.87216	-1981.6971
295.14664	-1892.6765
146.69302	-1962.2661
167.5687	-988.08777
171.76176	-825.09125
7.889339	-859.2134
342.80023	391.87778
372.18185	547.29724
153.32367	486.6635
1158.0912	-1366.5077
1187.7598	-1261.5046
1098.7974	-1344.6259
2510.9836	452.24655
2530.5452	513.44244
2270.509	160.66052
2389.5051	1337.0638
2375.4329	1490.021
2104.4465	1302.2638
3958.402	2135.5383
3956.7673	2152.9585
3839.3271	2034.0833
3809.536	2512.3408
3781.8093	2575.3608
3663.3347	2482.6785
-1616.8038	2330.1155
-1618.0771	2495.4346
-1649.3221	2458.5015
-872.9181	2762.134
-1054.3105	2726.8262
-998.4276	2618.203
-1284.6509	3086.07
-1276.7756	3066.7837
-1165.8365	3091.335
-355.56335	2735.0513
-510.48422	2834.0127
-682.0631	2797.4949
152.2659	2868.0203
95.39092	2880.13
325.41846	2766.3486
-568.9175	3221.6482
-538.59796	3206.6768
-512.41833	3207.306
-1874.8314	-37.925568
-1879.0974	187.82954
-1889.5596	178.1184
-1599.9512	569.8167
-1684.5853	433.99197
-1704.6434	202.54617
-1613.7604	1391.8989
-1639.2698	1266.8093
-1584.0044	1291.2661
-1482.4707	1544.3795
-1511.6943	1601.0253
-1573.1438	1499.0597
-886.29285	1981.7687
-1000.1759	1959.9001
-994.06476	1891.8481
-962.48895	2500.819
-956.9345	2389.6162
-750.6326	2397.0469
380.84772	1610.2013
140.73575	1687.9117
-50.028305	1641.4514
804.6003	1979.989
711.7212	1932.433
915.3212	1825.9493
-522.8769	2373.1826
-303.419	2328.7322
-212.38144	2407.9836
-1364.2386	881.7557
-1368.5127	933.28687
-1490.9841	758.78485
-299.44843	1588.233
-533.08984	1520.675
-480.48657	1498.3975
-968.63666	1833.6263
-919.7354	1776.1409
-817.5095	1839.229
1175.9723	1953.7356
992.58624	2065.029
898.3265	2023.9116
1577.5773	2099.037
1475.6469	2125.6453
1585.3004	2051.0044
579.8589	2641.9075
785.94794	2536.9119
997.18164	2464.679
2636.1504	1251.3234
2513.9202	1390.1753
2523.0686	1341.5392
2420.483	1554.9918
2433.4006	1547.6588
2556.5051	1404.2723
1259.8677	2347.4966
1511.5245	2227.6248
1464.1522	2248.9436
-1750.7472	-1695.1002
-1764.7217	-1518.7571
-1760.7002	-1522.6642
-1779.4764	-1456.0789
-1779.5994	-1465.1841
-1781.3899	-1646.183
-1737.4907	-81.452446
-1761.2793	-353.4282
-1744.3458	-324.7941
2329.6514	526.3234
2149.0215	695.18445
2134.94	686.5888
2337.459	887.9447
2299.9736	842.2097
2465.4436	679.24664
1121.5299	1708.4727
1329.8335	1587.7026
1400.4635	1625.4706
2559.211	827.0698
2409.0027	985.0701
2373.5232	933.97925
2526.2056	1297.6692
2522.3062	1241.8301
2651.526	1098.1742
1695.5574	1965.4512
1819.958	1871.7168
1841.9417	1900.0405
-1851.9097	-2804.552
-1815.1573	-2689.335
-1808.4688	-2692.2366
-1899.2338	-2653.9282
-1889.6061	-2659.24
-1928.6401	-2772.8562
-1783.8007	-1819.451
-1794.2058	-1980.7021
-1798.7688	-1974.5198
2922.6316	-663.7433
2953.6772	-554.502
2942.2888	-560.63214
2991.0674	-315.775
2991.3328	-373.78876
2937.2595	-479.2002
2615.7454	511.25064
2749.4858	341.25003
2773.4836	393.57138
2927.919	-278.6398
2993.381	-181.59601
2993.567	-249.77354
2921.0886	252.07533
2942.2227	181.33167
2863.9321	92.97937
2769.6394	953.8923
2874.4941	810.27594
2866.8782	869.6564
2796.6487	299.57687
2874.986	378.6442
2898.0823	316.63058
2752.5422	596.9962
2764.942	584.47833
2694.8044	515.3525
2660.1328	1265.4076
2742.381	1129.9573
2727.7852	1138.2694
-2311.2212	-3537.3752
-2244.2078	-3464.6155
-2236.5146	-3467.2666
-2317.575	-3392.2283
-2311.8196	-3406.0522
-2377.803	-3475.051
-1970.6147	-2877.072
-2018.2891	-2978.2437
-2025.412	-2969.0251
1886.4392	-943.75
2071.4736	-966.357
2069.737	-979.24945
2025.8052	-651.5145
2039.8508	-728.50806
1854.4993	-698.67456
2861.3157	-565.489
2764.7407	-637.9917
2755.4312	-571.7767
1812.0154	-441.65274
1996.0264	-479.94086
2012.1155	-568.268
1881.26	86.05168
1900.2278	-6.941542
1723.2683	45.06498
2763.111	20.860468
2650.2043	-29.577152
2627.102	48.667484
1676.2816	314.96588
1847.186	256.76865
1863.5903	174.20535
1791.7582	546.5667
1795.5432	529.5167
1635.1608	591.4519
2603.3193	464.02216
2494.0642	430.43808
2487.5771	449.82022
-2875.3818	-3981.7336
-2803.4612	-3953.5012
-2795.5964	-3957.8384
-2850.5173	-3854.9792
-2849.6104	-3871.3372
-2911.852	-3891.7034
-2445.7878	-3548.0723
-2514.1104	-3615.9397
-2520.144	-3606.6921
140.13808	-568.7127
367.35336	-609.6736
366.9985	-628.685
373.87985	-215.4373
372.82755	-309.47177
156.95654	-255.07655
1659.6033	-657.2366
1454.4802	-606.09393
1443.5935	-522.8831
168.47928	50.566757
375.2453	-10.597785
374.39676	-115.81862
384.0908	676.76044
383.01456	565.0162
188.68034	645.16174
1539.3529	105.86204
1351.6808	173.07175
1339.9349	273.12106
200.45213	975.25586
389.0947	888.03436
386.8033	786.5295
404.40323	1223.2095
403.87817	1207.2014
220.7277	1297.51
1469.1934	662.52563
1299.0751	744.4434
1297.0121	760.6658
-3188.137	-3729.967
-3209.4485	-3800.5425
-3204.802	-3812.9521
-3202.4795	-3554.4502
-3208.8984	-3588.459
-3189.1343	-3460.1067
-2979.248	-3906.6177
-3039.5815	-3903.516
-3036.6252	-3886.8254
-1776.1785	-704.5514
-1520.762	-620.3474
-1545.563	-670.8499
-1323.9913	78.7416
-1352.8861	-59.846684
-1558.5829	-54.83339
-57.20962	-207.11023
-271.68433	-167.1456
-261.13425	-63.4064
-1474.448	391.60532
-1275.598	366.3674
-1298.6719	221.23958
-1165.3988	1215.499
-1182.4309	1084.1763
-1373.625	1122.2522
-6.005977	722.07117
-201.05049	797.9078
-192.95847	918.6755
-1324.4866	1490.6455
-1136.4471	1452.1624
-1150.467	1339.2167
-1084.4398	1808.0424
-1090.0736	1792.2856
-1271.5664	1824.1577
36.91673	1385.1218
-147.27753	1469.5397
-145.65974	1487.8201
-2495.4294	-3367.6826
-2631.1233	-3393.459
-2624.3538	-3412.8098
-2698.5103	-2842.9846
-2690.4915	-2977.445
-2567.7678	-2956.2603
-3151.1306	-3318.6494
-3104.1643	-3214.3276
-3082.557	-3056.78
-2600.3853	-2519.7793
-2704.9553	-2534.4634
-2704.0085	-2694.1768
-2623.27	-1425.4395
-2645.8755	-1621.4797
-2587.0967	-1627.2981
-2601.1755	-1535.2845
-2633.4468	-1550.3256
-2492.537	-1319.156
-2550.5317	-1043.274
-2575.292	-1030.4802
-2599.2104	-1227.6287
-2450.2112	106.62386
-2469.865	-75.47013
-2488.1553	-86.52815
-1755.5836	-53.71379
-1938.3914	-54.679802
-1905.1812	107.92959
-2453.2402	453.4636
-2421.3303	459.44388
-2435.2327	286.05746
-2314.1812	1284.2252
-2337.7517	1186.0831
-2382.6624	1175.7548
-1560.8585	1155.8604
-1739.4333	1179.6102
-1718.0625	1310.3434
-2322.5432	1354.7437
-2270.7202	1417.4207
-2293.9617	1358.5852
-1999.0101	1511.588
-2036.7709	1522.4756
-2021.9766	1385.4335
-1443.5674	1842.0837
-1605.0853	1842.8889
-1594.3081	1855.182
-1152.32	-3142.1125
-1323.9437	-3192.4695
-1318.5469	-3210.003
-1459.8436	-2701.9128
-1426.5768	-2823.1616
-1252.9216	-2787.033
-2433.108	-2938.4268
-2285.8613	-2923.7957
-2309.211	-2792.034
-1354.1298	-2400.352
-1530.5978	-2425.755
-1494.5177	-2568.656
-1722.497	-1428.751
-1696.2648	-1606.6278
-1518.0754	-1595.1578
-2509.54	-1629.6719
-2415.5435	-1632.1248
-2418.3506	-1443.2972
-1593.3473	-1062.2129
-1769.9045	-1066.6605
-1738.6266	-1251.7426
-1856.4764	23.655083
-1847.855	-153.23454
-1670.4468	-158.09903
-2473.7742	-98.38312
-2431.4268	-110.26629
-2427.1558	74.822395
-1698.1304	345.5295
-1875.8557	359.21863
-1866.9718	195.19579
-1976.6964	1232.199
-1944.9639	1093.0503
-1776.0961	1033.9788
-2396.7214	1165.6443
-2381.0413	1165.2463
-2355.3938	1271.0714
211.87282	-2519.0396
46.15069	-2627.9268
52.804733	-2636.5464
-99.18997	-2298.5637
-66.12171	-2385.9524
93.18693	-2304.4114
-1078.8583	-2744.4639
-905.8556	-2699.0332
-936.7584	-2588.2793
-6.7978587	-2029.9661
-164.19212	-2094.3704
-132.0731	-2201.8635
-313.5429	-1259.0365
-297.1124	-1417.8302
-133.21165	-1377.5365
-1339.312	-1579.7139
-1161.4539	-1562.2289
-1187.889	-1391.4429
-160.81969	-895.99036
-333.063	-928.13684
-325.3592	-1096.8182
-298.2444	97.017624
-310.06796	-64.24374
-112.66116	-28.944624
-1486.5582	-160.52986
-1296.218	-158.42865
-1302.0304	8.423156
-62.173794	435.92233
-275.31818	393.97208
-286.25165	250.90018
-235.31367	889.51904
-236.73412	864.12244
-8.915436	908.79236
-1568.5137	955.5951
-1350.5854	891.4907
-1357.2704	936.5243
1531.8998	-1045.5303
1360.8231	-1328.9166
1400.6937	-1272.3055
979.59045	-1583.1954
1031.0175	-1586.488
1107.9087	-1473.2723
249.65216	-2218.0977
401.7118	-2126.195
365.30728	-2061.249
1012.5874	-1420.2373
918.3816	-1500.915
943.6504	-1555.1208
827.0185	-948.0172
830.6012	-1054.2843
929.0397	-990.25195
25.535564	-1335.8375
179.86183	-1294.982
169.9551	-1145.272
974.2103	-708.51526
876.0105	-704.1225
840.52014	-837.0482
1382.4722	518.20044
1274.5093	269.3932
1464.0953	281.55624
82.52419	10.160961
279.96237	52.47685
311.59808	226.51492
1814.2137	1128.3794
1546.3091	991.1018
1480.0778	775.41205
1662.0657	1590.4373
1659.4491	1565.8546
1902.7548	1693.5925
223.61998	969.0589
457.05655	1044.8304
460.53415	1069.5437
2015.3735	-206.80125
1813.3899	-494.5447
1703.0148	-734.8914
1635.0619	256.16275
1757.1473	194.35518
1965.6649	476.73196
1017.8242	-906.7083
1108.4741	-795.98883
1050.5734	-737.2702
3708.3357	1897.5812
3562.8042	1740.775
3562.9944	1719.1028
3444.263	2104.754
3473.2576	2026.6251
3619.2295	2160.8787
2213.441	776.35406
2469.0217	1051.5165
2423.6128	1183.2092
3533.1194	2378.4243
3388.7595	2264.8374
3415.5408	2184.7366
3286.0427	2549.3247
3294.1628	2537.007
3434.7412	2631.347
2145.731	1827.2583
2373.9578	1961.8221
2370.775	1981.8082
4340.007	2516.01
4323.5737	2498.1072
4324.027	2483.3577
4209.019	2755.2854
4238.3013	2703.476
4254.624	2717.5127
3751.138	2280.3293
3869.7095	2385.8896
3840.2292	2448.154
4175.473	2876.7773
4156.7656	2863.213
4182.05	2809.3047
4030.4424	3061.3276
4043.4954	3053.3308
4061.805	3063.3574
3562.7502	2720.385
3678.343	2802.9236
3668.984	2813.7358
-1646.5625	2832.6467
-1657.4899	2897.962
-1678.5304	2885.6323
-1544.9958	2943.4731
-1608.3613	2921.0442
-1598.5946	2854.4326
-1618.7694	2985.1116
-1619.2461	2962.2583
-1552.5767	2987.4668
-835.0778	3056.546
-893.41595	3110.0022
-1015.2488	3082.7656
-685.5106	3145.1277
-787.1583	3127.3296
-715.64215	3078.4429
-856.8542	3174.9146
-834.59656	3160.031
-737.12115	3177.6746
-1862.1118	872.30585
-1838.7607	1106.6327
-1846.5323	1118.2651
-1792.0503	1087.1532
-1821.9777	1093.8077
-1842.2782	874.3494
-1741.8862	1526.6892
-1787.0117	1316.9222
-1763.8115	1283.7809
-1589.8829	1800.9259
-1608.0461	1894.3903
-1682.3705	1725.4406
-1405.1755	2127.5652
-1514.2104	2028.3116
-1499.055	1930.3324
-1535.0917	2266.2485
-1527.0348	2138.0166
-1417.2156	2235.1338
-384.0709	1872.1119
-525.42816	1921.123
-624.30286	1855.7565
-348.2278	2056.1116
-432.82968	1989.1232
-274.3284	1937.358
-725.8139	2048.1353
-583.9246	2026.4736
-515.671	2096.372
-1405.1648	1212.1447
-1422.5441	1309.4109
-1511.0659	1234.7451
-1213.0299	1478.783
-1322.0529	1393.5311
-1294.5375	1308.5106
-1375.7521	1554.9333
-1350.1478	1474.7716
-1247.8021	1554.826
430.19855	2358.1216
236.59743	2451.6025
113.760864	2398.8096
497.78064	2503.27
364.65887	2486.044
550.89844	2390.6692
-16.985674	2671.913
174.03706	2578.4482
312.35898	2595.837
2093.1924	1777.4388
1949.2749	1886.8109
1969.0013	1843.7174
1873.9082	1983.0688
1916.5654	1936.9963
2069.2556	1825.6976
1622.1512	2111.2422
1766.9105	2035.53
1707.4542	2084.5068
-1820.2466	-928.3283
-1837.9359	-714.5395
-1839.9928	-721.7634
-1814.2467	-681.59607
-1826.7875	-699.99945
-1812.4067	-917.5259
-1850.0105	-251.54742
-1839.3821	-476.24475
-1823.1965	-453.47504
1498.2982	1156.0208
1245.8574	1290.962
1218.972	1279.4928
1346.7982	1338.6584
1291.866	1312.0161
1532.7709	1173.2013
777.51013	1549.0138
1037.824	1436.4343
1109.5455	1467.7617
1903.2715	1436.8466
1722.4825	1573.7748
1661.4764	1533.992
1834.663	1655.8971
1780.6428	1617.2744
1953.9974	1477.3514
1433.2949	1870.3824
1606.3513	1745.7991
1670.2322	1781.9003
-1750.2183	-2309.4248
-1740.3264	-2166.7869
-1730.4214	-2167.9797
-1765.4248	-2154.7932
-1752.2611	-2162.287
-1760.0347	-2305.0947
-1749.7397	-1853.3236
-1749.7521	-2010.6313
-1764.6143	-2006.1788
2850.2095	-143.97032
2756.2683	12.296012
2743.1116	5.791515
2792.5603	58.6127
2773.236	33.77409
2865.503	-125.63518
2511.0896	370.30832
2653.988	198.6941
2675.2473	223.67754
2986.9485	199.92264
2917.751	348.03445
2898.697	289.47833
2946.2698	476.2763
2932.984	411.214
2998.3086	264.6629
2720.7449	723.9687
2839.441	565.06305
2854.987	628.2576
2946.471	708.77686
2908.6885	839.6001
2927.6658	789.0685
2865.96	931.5404
2888.1365	887.8144
2922.9507	758.0428
2729.8833	1157.3774
2821.9314	1020.8762
2801.5928	1058.7021
-2055.4832	-3208.296
-1994.7051	-3112.4646
-1986.984	-3112.2092
-2026.0807	-3096.2463
-2010.7867	-3106.3508
-2067.335	-3199.1655
-1909.6769	-2907.2908
-1960.1632	-3011.5964
-1975.3739	-3001.4531
2543.229	-936.5637
2669.4863	-896.8901
2664.8926	-906.04736
2667.8816	-844.2557
2670.447	-876.38214
2543.0386	-918.0329
2865.8687	-739.6308
2778.7383	-816.3485
2778.02	-785.1934
2478.209	-500.01685
2613.9724	-472.33182
2627.2417	-549.1755
2581.8237	-309.909
2599.1357	-392.44934
2461.9321	-416.75427
2828.8748	-285.57465
2721.2048	-348.44156
2706.116	-269.29626
2316.6858	164.83049
2455.9592	170.58818
2477.7214	97.15481
2415.0525	294.5274
2434.8962	235.59503
2296.261	234.41106
2675.5723	298.9571
2561.1987	256.08353
2541.1582	313.21793
-2589.0625	-3805.2002
-2521.3687	-3751.3787
-2510.8462	-3749.3804
-2543.9226	-3719.4585
-2531.0498	-3735.873
-2600.839	-3797.4207
-2392.6702	-3602.2507
-2461.717	-3669.0586
-2475.1401	-3657.0781
1044.231	-765.1499
1265.8328	-817.1331
1265.91	-832.3387
1262.3529	-747.6807
1264.8713	-789.26154
1042.1082	-734.7656
1688.2599	-883.65564
1481.1875	-839.22144
1477.78	-798.30194
1004.30273	-208.62772
1212.428	-273.85397
1224.1227	-371.58188
1189.9655	-68.759796
1200.8959	-172.22449
995.22614	-105.10518
1602.8026	-296.10162
1403.835	-236.9116
1390.376	-135.1843
951.1336	621.1019
1137.5051	536.9277
1142.9967	446.86563
1129.291	691.6424
1133.0066	617.13184
949.0279	706.9199
1490.626	460.60965
1312.876	537.9397
1307.2308	608.40137
-3143.4905	-3968.2634
-3084.5728	-3996.9795
-3079.1565	-4001.8574
-3093.5059	-3957.0312
-3089.6663	-3979.2283
-3145.2742	-3949.617
-2955.4375	-3986.179
-3024.9778	-3990.0605
-3028.8813	-3967.7205
-784.83057	-503.93665
-549.06464	-502.51233
-552.48065	-522.63605
-529.29395	-398.60016
-540.72504	-459.48447
-773.9388	-457.22336
-83.815735	-498.76
-310.83945	-473.20993
-302.74316	-417.16586
-657.13617	261.29016
-448.7222	215.664
-460.79413	92.59915
-426.67273	473.36194
-437.97247	341.94543
-643.0526	391.40076
-30.516376	225.67989
-232.72865	286.8223
-224.90086	412.04233
-559.6404	1280.0524
-367.41046	1215.4235
-376.9475	1107.2781
-350.75623	1393.306
-358.01	1312.1285
-550.3928	1378.8561
18.851852	1153.411
-170.25879	1232.7688
-163.25784	1313.6802
-2953.6033	-3498.6892
-3032.9077	-3546.8364
-3027.0461	-3566.8115
-3047.3313	-3445.9849
-3041.5627	-3506.438
-2961.304	-3456.3625
-3155.3713	-3630.4397
-3104.3145	-3564.0325
-3112.6343	-3507.5112
-2928.5908	-2588.4343
-2975.2397	-2612.1023
-3006.2896	-2805.394
-2888.3735	-2208.0713
-2936.4033	-2412.127
-2898.071	-2398.5159
-2968.8433	-2434.151
-2959.853	-2424.808
-2904.6685	-2210.5178
-2460.6614	-969.3923
-2358.2686	-935.45074
-2451.7507	-1135.9846
-2223.9695	-570.60974
-2284.2292	-749.2097
-2398.378	-778.6638
-1945.1609	-654.6086
-2134.4019	-709.4262
-2069.4177	-540.8024
-2150.218	452.03424
-2009.4978	442.96902
-2034.8328	278.54544
-1964.4551	761.8654
-1987.5837	602.2206
-2128.9944	613.7907
-1642.5746	566.8171
-1823.5677	585.8902
-1802.8527	743.6698
-1975.046	1528.0757
-1837.4314	1537.1134
-1857.6135	1437.9672
-1798.0775	1694.9857
-1818.4657	1621.3511
-1953.0154	1606.6334
-1491.0557	1613.9775
-1662.167	1626.5454
-1644.3936	1705.6284
-1838.1796	-3300.061
-2009.3729	-3322.2922
-2002.5657	-3339.8455
-2041.9908	-3215.7576
-2023.0951	-3280.6711
-1851.1217	-3258.2507
-2357.1392	-3307.126
-2194.4695	-3293.6948
-2214.6816	-3227.5828
-2053.3042	-2475.1138
-2208.788	-2486.6128
-2182.5164	-2636.7678
-2254.7563	-2161.8093
-2233.6787	-2327.8826
-2081.3533	-2318.1252
-2494.8772	-2345.1604
-2370.9558	-2336.6157
-2386.2305	-2169.6272
-2219.7998	-1070.6583
-2335.704	-1068.5729
-2323.7734	-1256.7438
-2348.5925	-683.3871
-2341.7246	-874.11847
-2231.4756	-880.13794
-2496.3484	-858.58746
-2430.1333	-867.4667
-2432.085	-675.81854
-2275.4355	406.15002
-2361.5522	418.2532
-2361.0684	244.37497
-2358.7136	744.4651
-2361.8362	585.11206
-2279.5	571.17804
-2443.8655	606.41034
-2415.8599	596.8171
-2411.86	755.5725
-463.20724	-2888.096
-635.68274	-2960.8508
-630.0982	-2973.5771
-661.7587	-2880.805
-645.45734	-2929.329
-474.34714	-2857.831
-990.28235	-3052.3682
-818.0711	-2992.8872
-833.23175	-2943.3765
-660.0557	-2253.4565
-830.7818	-2296.567
-797.4545	-2423.9348
-895.99915	-2015.1436
-864.011	-2160.3865
-692.17847	-2120.2227
-1213.125	-2225.103
-1037.5945	-2194.7676
-1070.8627	-2045.6436
-867.819	-1010.71313
-1049.8026	-1029.1493
-1031.0713	-1202.4407
-1078.6299	-677.57135
-1066.1783	-853.67914
-880.8216	-837.0481
-1432.9646	-876.9386
-1250.3691	-866.965
-1265.1531	-689.146
-905.97833	326.46765
-1111.3315	323.35828
-1108.4884	172.86272
-1117.9437	585.83734
-1113.881	462.4633
-904.5866	463.97662
-1517.4219	482.5645
-1319.2407	468.8842
-1324.3201	600.24854
868.82874	-1967.4661
705.7066	-2129.0696
717.1775	-2125.513
656.8255	-2116.916
685.98914	-2127.032
843.83746	-1974.1124
361.58737	-2385.9092
523.99744	-2262.9436
499.36505	-2244.682
571.3434	-1742.3419
437.15042	-1819.3485
471.67154	-1901.9476
379.95038	-1622.8729
406.04587	-1725.8816
541.6484	-1656.003
116.29002	-1859.0808
264.40378	-1793.7155
236.41183	-1682.0559
482.47388	-762.50275
330.62476	-793.22437
320.82678	-953.6778
373.2055	-444.5927
346.61612	-622.6209
507.02893	-592.95135
13.842043	-690.89655
183.78172	-656.9236
201.24399	-479.1443
820.8573	694.2765
594.7806	613.429
559.06555	453.6809
650.4343	890.94464
626.2816	761.56323
856.9356	848.5013
173.67282	622.9828
398.6345	687.80975
419.5504	811.09796
1392.4807	-1046.615
1285.1166	-1164.9307
1242.5626	-1293.7925
1308.4739	-926.4589
1307.4966	-1042.8726
1422.9897	-903.99146
1101.5059	-1258.9341
1201.5343	-1159.1539
1197.9717	-1055.3856
3009.9736	1107.5262
2777.6272	829.4254
2768.4731	787.8608
2780.4875	985.27234
2783.944	899.1351
3009.1367	1162.5038
2303.2668	287.3431
2543.9802	605.0457
2546.858	706.7036
2847.2808	1840.2908
2625.3447	1673.8519
2646.8472	1545.1207
2603.743	1894.2314
2612.5027	1791.5966
2829.1929	1943.9333
2116.0708	1462.6582
2374.7527	1630.0488
2374.6714	1747.919
4153.298	2339.7937
4061.7632	2253.8904
4062.465	2237.6208
4039.6475	2320.0532
4053.154	2282.7244
4143.532	2366.6882
3831.9795	2065.2253
3950.0867	2181.9631
3935.8474	2222.2695
3978.1296	2729.527
3887.6567	2658.6304
3915.2268	2597.6238
3835.1348	2769.054
3859.8877	2716.8394
3950.4875	2784.1704
3637.8354	2547.1074
3755.8345	2636.8857
3731.0122	2692.5068
-1462.6904	2599.4204
-1555.593	2546.208
-1531.5226	2420.04
-1581.169	2772.9146
-1570.592	2667.5898
-1484.7483	2708.7002
-1654.3845	2608.4119
-1627.0446	2633.0857
-1636.3434	2745.1934
-1166.1898	2909.4705
-1113.3112	2824.3025
-953.8604	2859.0664
-1380.9294	2748.2124
-1255.6943	2789.5266
-1295.8932	2874.6772
-1174.4685	2581.7502
-1213.4861	2689.33
-1347.8333	2647.6548
-1471.8489	3015.1167
-1381.2788	3041.8132
-1388.0977	3059.5852
-1330.8821	2947.8623
-1361.4128	3003.9377
-1458.5115	2974.285
-1131.9773	3059.8823
-1250.4834	3033.7185
-1213.918	2978.203
-226.12355	2879.926
-362.44305	2860.8313
-199.45828	2767.7861
-619.9052	3018.2776
-503.19357	2944.9175
-375.2708	2963.3513
-795.1513	2889.7825
-641.0385	2921.5051
-746.9478	2996.176
-256.7116	3060.6685
-98.74481	2979.1875
-57.630074	2973.2212
-264.04175	2975.003
-169.3396	2981.3335
-316.98697	3058.1523
207.7438	2790.0173
6.785844	2890.6006
-102.0453	2889.8457
-652.44604	3194.2827
-588.481	3203.0886
-616.77386	3217.3567
-435.52655	3122.0146
-525.295	3171.996
-596.37775	3160.6157
-446.87006	3176.3132
-475.1714	3177.0825
-383.34503	3125.706
-1832.1663	234.04225
-1859.884	205.10767
-1855.829	-23.338696
-1855.7734	652.8062
-1861.5226	430.67303
-1831.8646	457.17838
-1891.0565	408.37964
-1883.9991	416.78674
-1876.3785	645.3909
-1667.657	812.12134
-1673.7101	633.4381
-1590.4246	742.7517
-1791.1211	494.03314
-1740.0349	550.453
-1732.1406	746.06573
-1758.5658	110.45285
-1748.3474	342.0023
-1795.9288	277.7641
-1728.8788	1265.009
-1688.7006	1259.5042
-1653.5348	1407.7653
-1723.2595	929.3342
-1709.7306	1105.1632
-1754.1227	1093.237
-1588.4863	1173.768
-1654.2521	1129.2302
-1662.3954	976.15326
-1336.0211	1782.6743
-1429.967	1698.4941
-1403.0388	1628.5894
-1479.757	1845.0435
-1454.8364	1768.2216
-1356.8317	1862.0419
-1605.0178	1543.0891
-1539.201	1663.3662
-1565.5046	1731.3003
-985.5474	2114.3115
-996.1577	2035.2136
-862.9938	2051.7004
-1244.981	1938.0555
-1124.7135	1996.7771
-1127.0253	2077.5713
-1100.3318	1844.4517
-1117.2539	1918.0123
-1228.04	1862.6191
-1285.8918	2310.0876
-1132.011	2364.698
-1147.5847	2469.5327
-1128.1378	2165.0
-1128.1781	2261.4248
-1275.9601	2206.6643
-777.35333	2298.4333
-962.43634	2291.5554
-973.1866	2198.545
411.43832	1784.0425
288.6387	1734.0447
519.9668	1647.5662
-102.89279	1878.2092
82.74098	1811.4169
203.91522	1865.1138
-224.38045	1697.185
-57.846413	1754.6505
-229.7525	1816.8043
310.90524	2119.2444
511.00232	2031.9663
608.6907	2081.6387
312.40833	1921.9
413.8021	1978.0673
212.62338	2061.6846
827.48016	1779.8014
617.77606	1884.0271
518.72406	1833.1891
-449.91855	2171.8672
-380.1394	2250.819
-580.5773	2283.9912
14.9661045	2136.35
-182.38484	2200.119
-265.45743	2128.3323
2.5170317	2338.3232
-93.94878	2271.421
109.08777	2199.0571
-1083.8857	1222.7015
-1232.9609	1087.3142
-1224.1537	1051.8062
-1270.3623	1223.3086
-1248.4993	1149.1221
-1107.7277	1272.2185
-1490.0874	876.82214
-1375.7487	1017.13055
-1388.7626	1111.1843
-689.6289	1614.9509
-607.93	1561.9094
-415.70932	1634.5887
-956.12274	1376.8275
-789.5707	1474.5895
-850.455	1524.8206
-707.03406	1416.7311
-738.46216	1435.6393
-920.53564	1338.9724
-1139.8934	1632.8019
-1026.9027	1708.3054
-1069.0265	1776.4263
-913.9186	1579.9822
-974.1823	1644.4092
-1095.2899	1563.1207
-733.1529	1789.1941
-851.30756	1718.4287
-775.42755	1662.2864
1182.4744	2118.925
1087.2042	2096.7654
1260.2766	1987.0311
735.03455	2299.6355
911.81104	2199.426
1018.54724	2220.757
707.20776	2129.237
808.0323	2169.7021
621.0346	2265.7214
1239.0985	2283.6807
1362.1968	2206.4026
1487.6075	2167.1653
1128.492	2229.304
1242.534	2224.8743
1103.99	2315.5498
1508.4591	2045.2355
1376.3436	2136.07
1278.2979	2133.2556
458.18246	2598.8503
612.87024	2582.0684
415.97034	2681.0115
951.75055	2398.0098
791.1082	2488.522
638.7685	2505.2285
1146.0594	2380.7454
959.4582	2451.824
1105.3936	2362.6804
2482.1077	1470.7356
2501.2532	1438.5175
2621.811	1295.4003
2220.1086	1699.2346
2365.1772	1569.3115
2345.127	1608.4005
2390.3572	1479.3854
2380.1543	1525.5089
2239.509	1656.5574
2121.6943	1828.7904
2286.2263	1686.5342
2273.1548	1695.909
2324.812	1642.6803
2305.3428	1671.105
2143.3389	1806.7987
2572.397	1388.5343
2446.4106	1527.895
2464.743	1503.0239
1643.0795	2137.5476
1574.7411	2186.7776
1359.9733	2291.501
1969.4385	1941.6526
1779.5975	2069.7637
1827.4963	2029.703
1708.055	2114.0444
1737.2745	2099.602
1939.8162	1966.1608
-1775.767	-1500.2257
-1772.3256	-1510.8983
-1759.2054	-1687.2457
-1800.4208	-1126.363
-1784.4194	-1324.0192
-1784.5554	-1311.3287
-1780.6129	-1338.1271
-1782.1802	-1333.2412
-1802.7021	-1135.2714
-1782.8339	-1065.1426
-1779.5326	-1272.9386
-1777.0662	-1261.8433
-1784.1847	-1297.305
-1782.3085	-1283.7589
-1783.9797	-1080.3557
-1778.7238	-1657.0007
-1780.5026	-1475.9546
-1780.0349	-1487.3981
-1804.3707	-425.2842
-1783.6361	-389.38052
-1772.2958	-139.5943
-1787.8298	-861.9508
-1785.9113	-633.4281
-1801.131	-657.4587
-1763.1829	-591.1609
-1772.9623	-608.47266
-1778.4342	-846.0116
2196.6326	738.22015
2169.735	712.3446
2348.3027	545.2245
1760.4513	1027.0925
1973.0486	873.23785
2004.2542	896.96594
1935.3163	846.0033
1949.3091	855.9324
1732.5831	1010.3836
1935.3673	1158.9169
2123.6123	1003.31323
2166.2654	1046.6399
2042.8071	927.068
2083.744	964.00037
1888.643	1118.6364
2435.301	636.01605
2266.3975	801.97327
2231.2117	765.3078
1183.985	1505.7261
1257.2289	1544.2548
1041.1495	1667.1608
1684.1763	1268.0916
1472.6448	1410.4814
1408.8496	1372.8424
1598.6572	1491.3796
1535.3757	1450.7311
1737.9797	1306.874
2472.0254	1086.6749
2442.6829	1035.5651
2588.837	880.87335
2123.6753	1335.4413
2287.487	1187.4028
2321.2886	1235.7903
2208.5947	1092.1202
2249.51	1138.9811
2079.0767	1287.7819
2243.2349	1516.9584
2386.0276	1384.7233
2391.6013	1432.3828
2349.9885	1284.337
2372.0447	1334.3752
2225.4893	1472.7915
2645.6375	1045.5332
2513.6367	1194.8187
2496.0374	1140.0018
1728.5154	1814.3765
1780.4196	1844.3094
1640.8928	1949.402
2075.2444	1605.1113
1926.0093	1730.5254
1884.1667	1693.4628
1971.5486	1802.629
1956.8844	1766.7863
2098.5842	1646.5629
-1842.9404	-2679.0127
-1830.126	-2687.0693
-1864.9926	-2799.3066
-1778.0879	-2440.964
-1798.2272	-2565.9578
-1815.5428	-2560.9792
-1777.3281	-2571.478
-1789.8522	-2571.7397
-1764.8845	-2443.4011
-1832.0449	-2413.4954
-1861.8824	-2542.3135
-1868.634	-2536.354
-1831.7628	-2553.9648
-1845.0596	-2546.733
-1820.6804	-2420.0984
-1913.8643	-2778.9924
-1877.9432	-2667.3809
-1864.2417	-2676.1218
-1771.9451	-1997.469
-1782.5989	-1990.7197
-1780.0065	-1828.8652
-1805.7102	-2284.6
-1789.0968	-2142.2656
-1778.8793	-2148.7036
-1805.1948	-2127.4895
-1799.4098	-2134.9897
-1813.8933	-2278.3596
2973.0876	-509.3336
2964.954	-537.4251
2929.7336	-645.2169
2932.1946	-274.28415
2965.5781	-414.14636
2976.4128	-386.16806
2940.44	-437.8017
2952.2688	-431.75333
2916.4336	-293.29547
2992.8538	-121.731155
3010.1567	-254.3733
3018.382	-196.88167
2989.1987	-350.5058
3002.6094	-306.0887
2978.0667	-169.68143
2939.8906	-533.2503
2988.158	-428.83896
2981.0864	-472.2892
2699.869	257.7499
2727.2815	295.63803
2589.4502	465.43787
2924.994	-24.255705
2840.3682	131.54285
2817.0366	90.96755
2882.2688	231.2297
2862.8645	178.92276
2943.0537	23.23337
2986.0652	-37.947174
2992.8992	-109.51738
2922.5464	-207.75053
3034.4927	125.274445
3033.1577	1.1932452
3028.0432	71.5464
3024.8337	-135.31783
3030.0107	-68.5462
3026.5527	59.567036
3017.8806	404.24316
2996.6187	286.30673
2976.6235	355.80508
3021.672	147.57906
3012.2942	215.2412
3029.0195	336.9818
2882.5312	17.765305
2963.1907	109.00271
2976.0452	36.023933
2870.5813	689.077
2878.5605	750.41705
2768.8838	897.4167
3013.4873	467.3626
2962.075	606.7629
2956.702	541.56256
2945.9417	729.939
2958.5696	671.4896
3005.526	532.335
2827.8257	483.41467
2853.4546	435.89905
2773.7517	356.47314
2929.5974	639.191
2904.8098	529.7397
2878.3352	575.7162
2954.0864	416.9401
2931.6724	479.72775
2955.064	588.41547
2834.9504	766.50214
2813.09	668.9339
2800.037	679.81775
2852.9617	615.1701
2830.9895	646.31665
2854.86	749.2777
2709.991	488.72232
2782.6218	560.75134
2802.885	527.15894
2784.3943	1094.3252
2762.938	1115.8447
2678.2473	1250.0479
2852.203	864.73737
2821.1082	985.7302
2842.2034	958.8142
2787.1865	1009.2157
2799.521	1000.13086
2831.8796	877.4242
-2275.062	-3449.2139
-2261.477	-3466.966
-2325.2039	-3529.5571
-2128.9814	-3291.377
-2193.884	-3377.9617
-2207.9949	-3364.0474
-2170.668	-3389.2275
-2178.6875	-3386.3174
-2115.099	-3299.9707
-2186.9084	-3242.6938
-2248.746	-3323.6
-2256.2957	-3319.3445
-2224.8245	-3352.5273
-2238.6868	-3339.5454
-2175.3867	-3252.7124
-2367.8623	-3489.3289
-2302.267	-3416.8525
-2288.3044	-3429.5166
-1990.6886	-2994.028
-2010.5409	-2989.8267
-1963.2277	-2891.338
-2116.2812	-3168.2844
-2059.712	-3079.39
-2043.5073	-3088.4272
-2079.4646	-3061.7297
-2073.0862	-3071.0293
-2129.0786	-3157.4368
2065.2668	-905.73724
2069.7524	-943.2785
1885.1038	-918.99585
2399.6506	-942.37506
2242.0898	-951.19055
2237.353	-915.9819
2241.4683	-986.2618
2243.0308	-976.3877
2401.1262	-967.02997
2373.7092	-745.80426
2214.0269	-745.5631
2199.7524	-670.7517
2231.2217	-868.90356
2223.054	-810.752
2382.3804	-808.54724
1866.1747	-771.0281
2050.154	-795.9371
2058.7874	-856.5422
2775.9705	-745.4687
2771.8054	-696.2559
2865.5864	-622.89435
2528.3457	-788.0489
2658.9023	-752.42175
2664.7073	-803.2447
2639.4736	-624.0655
2650.9058	-692.26215
2518.8203	-727.24084
1960.1132	-293.92313
1979.0938	-386.53094
1795.0366	-347.71152
2312.354	-424.90237
2151.375	-415.4841
2132.084	-323.32108
2184.7742	-589.6083
2169.3362	-503.72076
2330.0088	-510.71292
2231.1475	-69.65231
2070.4487	-47.28848
2049.0125	44.260433
2112.8982	-230.3934
2091.2512	-137.98299
2253.2024	-157.98515
1740.4086	-53.360916
1920.6018	-101.83764
1939.5643	-198.12225
2689.6162	-189.31674
2670.5154	-110.61335
2785.7754	-54.625725
2403.8293	-159.82191
2543.2788	-145.15723
2563.8718	-226.73047
2500.12	18.56365
2522.0786	-63.259293
2382.5808	-74.93544
1818.5773	396.84695
1831.7358	331.28018
1663.251	391.08105
2148.6577	250.42026
1992.9888	283.51373
1978.3011	348.09116
2028.847	130.14189
2010.5293	210.71434
2167.307	179.36493
2099.8274	441.91666
1950.1085	478.73004
1946.416	496.5684
1965.795	403.3126
1957.3507	446.5669
2107.6753	410.96548
1640.0836	559.3905
1801.2883	497.7604
1808.7054	452.75003
2524.7163	361.852
2507.398	401.82642
2619.1104	437.36472
2250.2148	389.74347
2384.638	386.80154
2398.3206	344.85568
2367.5056	435.1427
2373.9304	416.39722
2240.614	420.58636
-2823.4004	-3926.4995
-2814.5398	-3944.9836
-2883.619	-3969.9753
-2669.4856	-3850.566
-2741.1619	-3903.4766
-2751.4119	-3883.9417
-2723.4998	-3921.73
-2732.1057	-3915.7275
-2658.6575	-3863.1475
-2715.9766	-3789.1672
-2784.1265	-3836.9553
-2786.4878	-3821.5369
-2764.3416	-3869.4285
-2774.9226	-3851.321
-2707.7505	-3804.5334
-2910.3022	-3913.4717
-2842.329	-3887.1812
-2831.8047	-3904.02
-2490.1787	-3642.5728
-2505.2017	-3633.1104
-2435.537	-3560.0337
-2640.2395	-3752.8645
-2573.0308	-3694.1604
-2558.4094	-3705.4695
-2588.8843	-3672.4583
-2582.576	-3680.6113
-2648.6785	-3736.5469
368.9654	-529.4686
367.51617	-577.962
141.9609	-534.1151
818.0981	-680.65784
593.2533	-627.56177
592.228	-581.2815
592.4743	-676.17065
593.2224	-659.74396
818.4847	-711.3866
808.7068	-428.78757
590.91156	-367.3473
588.6666	-277.61572
592.6766	-520.59894
592.19965	-449.38748
812.89764	-507.82797
152.9058	-342.29193
372.34637	-393.39014
370.29318	-468.074
1472.2593	-746.5595
1464.7958	-682.80005
1669.4205	-731.7335
1033.8169	-567.51636
1251.6052	-625.8484
1258.2782	-692.6568
1233.6562	-464.89578
1243.2722	-549.426
1027.1005	-489.91452
377.29364	213.37297
375.84808	99.0213
171.79759	163.94612
788.25775	-37.1471
581.55707	31.498232
579.8646	143.42722
586.0805	-178.45299
583.5101	-76.248184
793.7079	-141.62363
770.91907	403.6321
577.11725	482.62357
575.63214	594.43085
578.288	256.96024
577.8877	371.44003
774.1874	294.29886
183.8667	523.42694
380.20874	448.74213
378.50226	330.12906
1376.6206	-32.22606
1362.9927	69.90137
1553.8726	5.582712
972.73047	217.13081
1168.9788	141.75696
1180.6246	36.52188
1150.6967	348.81915
1159.0612	246.35532
965.5265	324.19507
395.40677	1058.5465
392.20914	979.1674
205.40115	1068.2832
763.7491	795.9996
577.97864	886.6391
580.2506	964.8309
576.3171	701.5075
576.91895	799.38385
764.50854	710.34467
767.2078	1017.8765
585.23627	1112.7565
586.0799	1129.5144
581.7548	1030.331
583.41455	1075.0024
765.78314	984.3164
217.65607	1263.4587
400.93024	1173.2217
397.69897	1122.5023
1304.3602	666.5362
1301.0646	713.28125
1472.6578	632.3894
946.89764	890.7617
1126.4258	799.7674
1126.8749	753.0995
1123.0621	848.1835
1124.3168	832.0995
946.94305	923.4262
-3220.4307	-3737.4275
-3218.6897	-3776.8027
-3193.2283	-3702.3816
-3191.1758	-3905.265
-3217.992	-3846.7048
-3219.3364	-3812.9973
-3204.479	-3878.9783
-3212.321	-3867.1987
-3186.592	-3925.328
-3180.2349	-3780.3538
-3207.0723	-3695.3816
-3199.9712	-3672.8013
-3215.4702	-3769.2837
-3212.5444	-3730.7507
-3184.9006	-3808.9998
-3199.7178	-3532.2256
-3217.6506	-3637.6763
-3220.6619	-3689.4512
-3033.8152	-3946.554
-3037.1848	-3922.5735
-2974.4226	-3923.9019
-3145.6113	-3866.3103
-3095.2268	-3904.805
-3097.2354	-3931.1711
-3091.8035	-3869.1345
-3094.9578	-3883.03
-3144.2166	-3843.361
-1449.9248	-433.51492
-1488.2852	-536.7535
-1723.3577	-592.80145
-1011.6657	-469.31726
-1248.837	-494.88464
-1222.2563	-407.97278
-1285.5267	-597.02167
-1271.7968	-560.8268
-1026.5258	-523.7351
-926.1153	-83.91771
-1142.7229	-68.87253
-1117.1622	62.019615
-1195.4315	-306.1326
-1167.6376	-193.34506
-946.46564	-198.58797
-1592.9785	-198.97691
-1382.7422	-191.77264
-1415.7008	-317.4202
-293.3245	-345.8954
-283.35913	-262.24155
-64.27601	-298.2085
-725.15515	-212.54288
-503.4045	-233.70198
-517.317	-322.13278
-473.9948	-23.882826
-489.0045	-133.44383
-706.1675	-105.12183
-1235.2356	659.7261
-1255.4242	513.08655
-1452.049	542.4571
-849.53265	438.29657
-1053.5541	479.02893
-1036.3301	621.5751
-1092.6359	197.69746
-1072.6519	336.14047
-865.4144	301.68546
-790.0878	990.2441
-987.2177	1037.8597
-972.24786	1166.8245
-1019.1457	764.01715
-1002.97205	905.4668
-804.1045	854.8514
-1393.094	984.6788
-1198.884	947.70166
-1217.976	805.8954
-217.39116	542.03687
-209.59242	669.6878
-12.300238	599.7704
-606.5221	798.0369
-406.6245	737.461
-417.53995	606.5852
-387.78134	992.70294
-397.28485	869.13043
-594.6716	931.7515
-1114.2816	1639.999
-1125.7662	1555.1952
-1311.687	1592.1797
-741.7834	1450.4291
-935.0069	1507.0886
-924.8101	1593.7872
-958.8336	1293.4525
-945.18085	1407.6204
-752.06775	1347.3563
-711.9945	1692.883
-902.75305	1745.6586
-897.85754	1765.1672
-915.53467	1660.0668
-908.4956	1713.9277
-717.1713	1657.8112
-1280.1819	1792.3793
-1097.442	1759.7767
-1105.1875	1707.0703
-155.64911	1385.5916
-151.25122	1433.7382
33.885353	1351.0
-526.16296	1590.5992
-337.79007	1516.3243
-343.42526	1462.8563
-332.1674	1567.7869
-334.6689	1547.4196
-522.0471	1626.2933
-2654.9412	-3284.999
-2643.7585	-3349.7651
-2506.884	-3325.8591
-2870.1138	-3414.6785
-2763.8992	-3379.6143
-2775.0615	-3314.654
-2748.9	-3442.0
-2755.0874	-3422.4114
-2861.4377	-3457.1086
-2897.2368	-3039.0464
-2801.5818	-3005.8508
-2803.5977	-2866.968
-2785.736	-3229.6245
-2795.644	-3126.6953
-2895.3271	-3162.3804
-2553.9626	-3074.6033
-2682.1868	-3097.3347
-2668.2424	-3200.649
-3117.4885	-3433.1262
-3116.9163	-3336.6252
-3164.5405	-3426.3027
-2982.3384	-3207.2292
-3056.4492	-3264.6694
-3055.1877	-3365.9856
-3033.9565	-2985.8533
-3049.225	-3138.575
-2979.5632	-3082.3987
-2694.4363	-2187.498
-2703.192	-2365.5242
-2605.7803	-2354.956
-2848.2415	-2386.4448
-2783.7874	-2375.7112
-2766.0676	-2192.5918
-2800.9255	-2714.6714
-2795.5703	-2549.9915
-2869.5083	-2568.1895
-2700.4517	-1603.3054
-2683.76	-1614.637
-2647.9521	-1413.9685
-2743.4463	-2004.8632
-2716.4438	-1812.6636
-2747.5044	-1806.6531
-2597.6694	-1816.4242
-2665.9302	-1815.7347
-2682.7454	-2003.6077
-2838.3433	-1995.0837
-2748.3088	-1774.7557
-2731.9192	-1767.4202
-2761.888	-1797.3684
-2760.9976	-1785.8695
-2832.5735	-2001.0103
-2563.0757	-1351.1464
-2669.3274	-1568.7942
-2693.815	-1586.7316
-2531.4067	-640.59766
-2554.1118	-834.05383
-2538.8206	-849.5587
-2483.0823	-800.3669
-2534.809	-817.2889
-2501.7922	-625.6907
-2608.661	-1211.2809
-2570.946	-1013.16125
-2531.2944	-993.6292
-2341.5776	-64.316666
-2421.0518	-69.0151
-2398.1748	109.96955
-2472.294	-436.0318
-2446.5288	-250.734
-2370.3398	-243.7126
-2501.3882	-276.11475
-2489.7117	-261.52557
-2510.2559	-448.3295
-2020.0713	-378.57962
-1977.0762	-216.61494
-1792.2036	-206.58235
-2267.0217	-235.39857
-2135.2026	-227.46268
-2176.119	-396.6608
-2066.007	111.826294
-2098.9885	-56.704723
-2233.6396	-59.332302
-2392.3826	782.7677
-2408.4995	623.0469
-2441.6042	620.0168
-2249.1096	621.77936
-2343.001	625.40625
-2325.9963	782.4838
-2378.1504	286.36987
-2360.0266	458.61032
-2269.3423	457.3726
-2167.9841	1202.8583
-2266.0298	1196.1583
-2241.9316	1305.091
-2307.2422	934.7455
-2287.7734	1072.3473
-2190.5154	1073.6506
-2401.991	1059.3823
-2359.44	1067.6902
-2376.6133	931.3012
-1784.0847	894.9597
-1761.3495	1040.2573
-1581.0974	1015.58527
-2068.6921	1069.1097
-1926.2092	1059.068
-1947.4215	913.6568
-1881.769	1321.8076
-1903.9946	1196.9146
-2047.469	1201.2844
-2195.6956	1499.0046
-2239.6208	1463.6576
-2287.7258	1383.4204
-2071.8984	1576.0
-2167.9436	1531.703
-2131.8472	1577.3679
-2220.2495	1393.5558
-2196.0598	1469.9114
-2097.062	1506.8536
-1960.0438	1716.9507
-2017.4816	1632.9685
-1990.6036	1632.9929
-2092.8896	1609.4393
-2054.5278	1627.3651
-1984.8947	1706.7706
-2100.0596	1403.5652
-2091.0164	1524.9261
-2145.332	1517.4554
-1631.5453	1770.1376
-1618.4744	1815.8103
-1455.1613	1811.8926
-1886.079	1765.04
-1764.7136	1799.3864
-1779.4591	1757.987
-1736.9893	1834.9404
-1750.957	1822.6475
-1868.3481	1784.8514
-1350.1416	-3100.5132
-1334.4237	-3157.1152
-1162.309	-3107.9084
-1678.4529	-3232.053
-1505.6616	-3200.458
-1522.9357	-3139.97
-1489.579	-3254.0918
-1495.176	-3237.5715
-1666.6023	-3272.8662
-1777.0619	-2880.4688
-1601.1713	-2856.451
-1634.6213	-2729.8435
-1544.4392	-3062.2854
-1570.9908	-2967.333
-1744.9039	-2994.5337
-1223.3271	-2891.9946
-1396.989	-2933.9146
-1371.2468	-3025.0295
-2238.0317	-3143.186
-2262.5063	-3041.3005
-2413.946	-3056.5923
-1920.6893	-3015.0671
-2097.7917	-3028.479
-2069.187	-3130.8337
-2155.4443	-2779.3486
-2127.498	-2910.4307
-1955.7637	-2899.0132
-1602.1108	-2114.853
-1566.3066	-2274.4055
-1388.7045	-2252.2305
-1919.2819	-2305.2634
-1743.9513	-2290.5896
-1780.7844	-2128.012
-1670.7065	-2593.7415
-1706.7488	-2446.68
-1885.5695	-2462.299
-2030.7487	-1624.5757
-1871.2712	-1617.9563
-1894.5884	-1438.0844
-1815.5988	-1962.9825
-1844.7351	-1792.8202
-2007.8264	-1802.3826
-1488.7285	-1767.9021
-1667.1588	-1782.179
-1636.0006	-1950.5667
-2399.9897	-1995.7968
-2410.1328	-1816.398
-2512.3633	-1817.3756
-2157.4163	-1808.9325
-2291.4863	-1814.0057
-2275.342	-1990.5166
-2314.1829	-1446.2258
-2304.1853	-1631.7609
-2174.9717	-1629.3945
-1807.4558	-702.9321
-1793.8605	-885.4757
-1614.1195	-883.73376
-2102.7148	-885.7883
-1955.8608	-887.5917
-1970.0532	-703.39453
-1916.0382	-1255.7772
-1936.9226	-1070.9835
-2086.597	-1073.0033
-2149.6218	-138.46547
-2009.2502	-147.4497
-2017.3774	31.777891
-1986.4052	-514.5215
-1999.0509	-328.66895
-2140.765	-321.7304
-1660.8289	-336.19016
-1837.6727	-333.74472
-1822.6744	-517.9722
-2434.4036	-484.83615
-2435.678	-295.90222
-2482.211	-285.5565
-2262.035	-313.5306
-2361.6155	-305.12494
-2356.0803	-493.33893
-2362.5618	64.515366
-2363.156	-118.862656
-2267.7336	-128.53859
-1897.4177	673.8569
-1886.7233	521.6477
-1708.9822	500.27032
-2172.2405	557.9402
-2042.7405	539.79834
-2049.2756	697.8114
-2024.8695	207.69766
-2033.9906	377.26544
-2166.9385	391.91687
-2186.9106	1153.9242
-2080.0784	1129.944
-2091.0835	1267.2693
-2058.3093	847.44025
-2068.5244	990.99146
-2186.2546	1014.7329
-1749.9755	911.82697
-1923.7325	958.46906
-1908.9777	816.6391
-2406.877	903.724
-2398.6313	1041.8585
-2416.5747	1050.5583
-2280.7922	1027.8464
-2352.9973	1033.7378
-2357.9885	895.4322
-2320.231	1284.0873
-2340.399	1167.0355
-2274.2666	1163.9905
14.71557	-2569.5334
33.446148	-2604.9495
198.46248	-2501.0828
-302.86884	-2782.7346
-134.02394	-2698.465
-151.19704	-2658.8076
-114.989456	-2736.5483
-121.22148	-2725.8604
-291.44647	-2810.3064
-394.92535	-2529.962
-229.50731	-2461.902
-260.6598	-2370.2837
-173.33287	-2606.8604
-199.50214	-2541.418
-366.80554	-2614.2583
125.93911	-2373.7532
-35.872578	-2461.0388
-7.937783	-2520.8123
-853.594	-2878.6172
-877.5494	-2797.5176
-1050.85	-2848.172
-536.0285	-2681.8562
-706.39886	-2743.6597
-682.1578	-2820.6958
-765.3193	-2543.7996
-733.7915	-2649.6208
-564.03937	-2592.537
-224.55748	-1850.1544
-195.46745	-1976.5908
-37.107018	-1918.6433
-523.3635	-2078.0022
-356.8225	-2030.6323
-387.75317	-1899.6555
-293.5289	-2267.034
-325.67795	-2154.4263
-491.1807	-2205.6519
-634.9554	-1487.1946
-464.16022	-1454.3304
-482.96442	-1293.3611
-415.7109	-1756.0881
-441.5165	-1609.9458
-611.13995	-1646.4174
-114.461716	-1525.0334
-275.94666	-1568.8688
-251.80121	-1713.5452
-1102.6965	-1890.5771
-1133.0388	-1730.3899
-1310.4617	-1750.6095
-782.22784	-1677.5854
-956.84607	-1705.711
-927.8896	-1862.9813
-1008.7953	-1374.0858
-984.7062	-1541.7148
-808.2558	-1517.0654
-333.83795	-585.64484
-335.6642	-759.87085
-159.06662	-725.7594
-697.3401	-815.12134
-514.89795	-789.49426
-518.0023	-615.0572
-497.88916	-1129.585
-508.66522	-961.1297
-686.8275	-987.69354
-706.4856	-122.53355
-508.42004	-97.236084
-501.11786	65.92456
-516.6981	-438.79407
-513.6317	-266.11917
-707.9121	-291.22906
-129.90308	-199.41026
-321.73697	-234.22107
-330.39725	-408.4661
-1280.7261	-509.68222
-1290.9772	-331.87814
-1479.206	-336.1814
-904.44855	-309.45825
-1099.3103	-323.90793
-1091.549	-499.3066
-1107.8998	15.053729
-1104.4028	-151.22072
-907.2954	-139.23224
-254.43695	641.48395
-264.14484	524.8353
-46.45002	569.224
-693.2538	471.2821
-479.11447	496.15826
-472.8168	610.6874
-493.6663	220.81174
-486.38516	364.47665
-696.2987	342.07016
-687.7471	818.35333
-462.6411	836.6741
-461.12506	863.3988
-468.4559	707.5895
-464.3845	783.96216
-686.4415	767.10956
-14.066488	859.2158
-240.92041	813.847
-246.67915	738.09546
-1332.7797	716.272
-1341.468	813.36176
-1551.9811	859.8023
-907.2776	768.75073
-1126.1997	784.18964
-1120.984	693.49255
-1133.625	884.4622
-1130.0465	850.55975
-908.8756	827.9646
1230.7053	-1469.3024
1300.6967	-1402.4541
1439.9075	-1168.8689
1001.425	-1805.5376
1153.6849	-1616.3268
1100.7822	-1654.2548
1220.219	-1545.4906
1195.8444	-1574.5624
1032.4211	-1786.4762
815.78894	-1815.6244
931.8543	-1701.7424
884.55524	-1682.5343
1042.9445	-1684.0803
986.4289	-1703.0063
863.33044	-1831.2625
1178.4009	-1429.0963
1092.6646	-1566.0605
1160.0076	-1526.6431
471.36505	-2219.2437
438.56033	-2180.8572
283.59476	-2280.1206
729.73755	-1956.5024
587.2184	-2072.4028
624.0798	-2100.696
509.25208	-1972.0809
548.89764	-2030.8173
686.6573	-1924.6158
879.5594	-1342.7501
899.076	-1428.8204
1001.24036	-1344.8333
669.32196	-1582.9084
789.02075	-1508.7258
765.82654	-1419.1531
845.31915	-1641.9276
814.76685	-1584.5505
698.7479	-1664.9657
598.0358	-1157.6179
720.3984	-1107.4786
718.634	-988.43335
746.40985	-1322.356
730.2712	-1218.9807
608.49506	-1278.6451
949.4956	-1076.7883
844.3983	-1153.2375
860.5504	-1250.4417
213.30228	-1563.4314
193.86728	-1434.0485
42.283455	-1481.1989
476.8696	-1331.6895
339.45367	-1385.5631
357.20584	-1509.548
320.28046	-1106.4015
326.35944	-1249.8572
466.14737	-1205.1445
997.8968	-374.31827
930.25085	-549.6186
1041.7786	-561.14417
659.8612	-571.37823
801.72125	-554.7403
856.69086	-376.25214
731.49133	-860.9719
759.03107	-716.26074
626.5388	-736.70166
879.7133	194.5942
1079.321	235.75749
1161.302	459.55118
923.0969	-183.82991
997.7636	20.815552
816.5144	-6.8068147
1333.8263	32.3996
1171.3988	36.161205
1078.7083	-178.43452
224.30022	-300.0017
250.50592	-121.87784
60.871696	-161.35153
629.3967	-43.352795
441.16132	-82.51337
404.51276	-264.58017
519.30975	279.55273
479.55838	99.82539
679.6493	147.42522
1620.4236	1313.3275
1590.7823	1168.0546
1851.6605	1304.9889
1095.3472	943.27136
1339.0143	1047.9586
1370.1775	1190.5353
1235.9629	679.4523
1295.3066	878.59827
1054.8412	781.18835
1171.7255	1330.7991
1415.4243	1446.2117
1418.895	1471.2125
1392.4319	1301.8455
1406.6864	1389.9825
1162.4719	1274.4833
1899.595	1640.7716
1653.2972	1511.2545
1640.1998	1426.1066
437.1639	915.19135
449.9134	993.6776
216.41243	920.57043
922.9418	1173.682
685.3367	1080.1289
671.14264	998.04114
698.29846	1158.0636
694.81335	1133.4077
932.5215	1228.6053
1894.5259	-147.54785
1875.789	-306.064
2074.5408	-26.11895
1555.4355	-739.4201
1703.8014	-541.7716
1720.294	-388.6354
1563.1848	-931.9957
1652.2184	-721.03564
1514.1509	-902.142
1439.8843	-285.54187
1585.9254	-60.59279
1476.4716	-1.1058834
1705.5671	-257.29288
1662.032	-148.13512
1508.8959	-368.71054
2039.9022	373.49997
1837.2162	100.39538
1882.6277	-16.46388
1181.7281	-960.3846
1151.7712	-871.1492
1050.8632	-988.1855
1375.8069	-561.994
1258.6699	-730.3667
1294.3707	-822.9485
1133.4015	-595.6994
1205.2474	-653.5715
1314.1498	-482.8878
3545.1575	1825.1477
3559.5742	1775.2515
3703.206	1930.6735
3213.3645	1395.0671
3399.4204	1597.6042
3383.1323	1653.103
3400.1494	1535.7147
3401.373	1558.2803
3217.674	1349.1903
3134.333	1706.934
3313.47	1877.0374
3283.89	1962.2778
3364.2246	1719.2365
3342.6958	1794.8188
3162.0671	1616.0288
3648.352	2093.733
3502.8215	1953.5641
3526.0051	1885.331
2535.548	819.21643
2509.7651	932.8881
2269.4822	656.23804
2965.3425	1415.2932
2747.556	1189.8395
2769.1106	1083.2767
2677.5657	1419.0377
2715.1252	1300.6025
2934.6162	1516.3785
3341.8906	2407.4763
3364.6946	2340.6382
3508.0876	2449.0522
3025.9758	2088.162
3205.0771	2220.7493
3183.195	2293.4106
3253.7732	2050.7915
3229.079	2138.4487
3048.556	1997.105
2971.5356	2326.8223
3140.9407	2435.4387
3132.591	2450.435
3166.2075	2354.7407
3154.282	2401.501
2980.7817	2290.3992
3449.1436	2605.3066
3308.5034	2507.654
3323.1384	2464.173
2377.312	1844.4106
2376.633	1915.4084
2143.5857	1779.0529
2795.5256	2171.0898
2594.0288	2047.5328
2598.601	1981.2911
2583.986	2108.6729
2588.7966	2089.9006
2788.8396	2209.1633
4305.105	2562.7837
4317.1064	2526.9712
4336.944	2544.6096
4219.6006	2436.8274
4278.631	2490.5173
4266.057	2526.425
4286.9507	2445.4075
4287.297	2462.6392
4229.209	2410.5847
4140.253	2621.9731
4198.901	2671.005
4170.3525	2725.158
4246.946	2570.4014
4224.5635	2619.7625
4166.026	2568.3953
4282.5054	2669.807
4264.9775	2653.846
4286.7876	2606.2437
3919.9768	2271.178
3897.4197	2327.4158
3779.6367	2217.5225
4092.4177	2501.721
4001.1946	2421.4854
4022.512	2369.0066
3946.2148	2538.8225
3975.0103	2479.3167
4064.568	2557.6914
4106.963	2963.821
4131.9473	2916.8484
4151.1494	2928.7942
4029.4976	2843.771
4091.239	2888.1013
4067.2383	2934.5857
4143.606	2781.2073
4117.1064	2835.4583
4056.3962	2789.809
3945.783	2991.8562
4002.344	3030.6384
3990.285	3039.513
4040.9246	2975.792
4020.2083	3008.82
3960.5693	2969.057
4082.4155	3045.4836
4062.5933	3035.0068
4083.6074	3003.3887
3710.8748	2741.5002
3693.3623	2779.2168
3576.8313	2696.138
3885.4084	2916.4512
3796.2935	2853.8179
3813.9922	2816.35
3771.4514	2888.6736
3782.3816	2877.8384
3870.7273	2940.886
