-62.232986	-75.43942
120.1174	-331.358
-262.8849	-846.0483
1094.0958	-847.97736
827.71277	507.09387
13.448838	878.0304
672.388	100.28885
672.3882	100.288864
672.3882	100.288864
656.4221	110.01282
659.4683	108.957596
537.8132	-106.3966
12.635842	878.67847
13.282109	880.0772
82.26457	851.8786
13.205619	879.5449
82.2648	851.87933
82.46704	851.6029
302.6171	734.1248
304.62628	728.05884
603.4656	406.17294
57.431053	956.8326
540.7342	-587.3951
469.99213	-698.1467
463.46408	-695.3989
342.22144	726.5622
540.78	137.06186
88.6933	929.5563
541.54456	-103.06639
205.00232	810.099
644.32275	222.04352
600.4996	461.9497
522.49713	625.6405
392.20593	359.71106
392.20596	359.71106
348.50226	439.31577
302.23047	608.86786
302.23044	608.86774
302.23047	608.86774
302.23047	608.86774
492.33182	202.36945
340.92218	728.4915
346.39178	714.44794
398.78983	526.25916
236.29738	572.20526
236.81548	571.2072
123.95377	689.0576
236.73048	571.8256
686.17426	226.40005
576.65967	-622.021
657.4291	110.96703
57.602646	956.0581
812.0437	476.55463
466.0169	-695.00916
67.87351	769.0636
830.2224	508.50742
810.97485	470.43948
577.91626	-617.04236
348.39954	724.5011
361.926	702.4368
440.34015	719.7833
656.0419	108.005745
605.76514	463.99786
7.004187	307.41684
12.370119	302.73483
8.900698	305.89313
-118.058975	604.75354
220.15659	147.95216
8.986026	307.8438
-118.19901	608.5876
220.15659	147.95221
-48.367386	806.5464
499.21594	-586.8712
450.61682	-663.6715
538.6758	-101.28157
656.202	110.26816
-90.53467	772.0764
-90.53463	772.0763
67.522316	768.8413
153.29666	705.8167
153.12273	705.3097
578.64905	-615.2141
578.7613	-611.84283
6.9794836	881.78864
472.72717	-700.0493
655.3075	110.83123
-91.12449	771.161
926.72205	508.38306
828.82275	505.03394
926.223	507.3912
822.6855	505.50247
459.97437	-698.91
642.1228	222.11656
540.7799	137.0618
540.77997	137.06189
519.2943	-112.43752
848.23865	577.1285
492.29218	202.14807
541.86676	-102.38577
545.8758	-359.18982
545.8758	-359.18982
684.62067	227.63869
639.7369	226.27325
212.32446	920.4855
600.4995	461.9497
-71.588875	490.0332
685.66394	225.18427
821.163	522.8097
517.778	-104.978195
67.52232	768.84125
-90.53465	772.07635
897.7475	541.07355
499.21585	-586.8712
849.4822	-115.61073
539.8633	-16.820642
539.8632	-16.82064
503.86035	-243.80942
503.78668	-243.90988
504.2968	-242.90463
811.08466	466.0254
14.598289	876.9321
643.42847	220.95416
643.2974	221.96663
642.4457	221.83296
379.67346	775.4457
539.2858	-103.98597
512.0066	-119.76622
506.21313	-107.951706
516.13727	-119.384445
510.888	-114.37521
302.939	730.87195
540.77997	137.06186
459.88287	-699.76196
572.86676	-614.57684
595.43005	463.86523
610.2604	165.03304
337.26758	723.72565
-45.160847	799.66986
652.1196	104.70351
536.09973	134.04192
639.52527	223.54417
347.4323	438.57965
324.04037	406.61584
651.9961	110.12661
840.77826	565.3012
212.02954	923.0035
379.6734	775.4456
67.986084	769.51746
852.8344	573.9348
812.0862	476.2811
353.0461	720.3962
651.1447	111.58255
810.8819	474.3645
379.6734	775.44556
446.7607	720.32666
446.349	719.6973
519.5222	629.02454
446.93988	720.088
379.67346	775.44543
445.67664	720.9684
205.00237	810.099
92.50515	934.83246
398.84155	526.23956
398.84152	526.2396
398.84155	526.23956
398.78918	525.5685
90.794075	924.8807
338.40274	726.6644
-140.1045	842.22723
-29.745722	800.1203
-137.87349	839.2881
-137.23935	839.76105
810.8923	477.3575
379.67352	775.44556
520.1289	627.88074
806.69385	473.7356
58.307632	957.26715
615.50183	403.56647
811.5931	525.06195
611.318	398.5284
616.5368	406.93335
351.25827	726.74304
123.76202	689.96216
131.00916	684.87476
121.71019	686.1461
-57.632156	854.08167
685.5687	227.28888
-57.63216	854.0817
650.2357	103.1821
519.8579	629.3665
210.10138	918.68225
398.1173	526.6263
841.6399	567.94556
842.4031	567.66205
379.67352	775.44556
897.74756	541.07367
211.31091	921.61017
813.64325	480.87857
816.78516	471.6712
606.4045	401.79337
124.40316	684.5562
812.8832	474.53488
487.6633	199.69267
542.3732	137.91026
897.74744	541.07355
651.75653	107.62361
520.251	-120.08582
523.0758	-108.595566
659.4603	110.14675
651.41907	96.36571
646.59515	188.39812
645.9553	189.2703
650.1541	184.33823
653.6804	186.06763
485.5626	-693.1929
499.21606	-586.87115
-57.63217	854.0819
105.697296	879.3256
105.83366	879.6503
-39.289154	809.5102
3.2035124	880.5427
2.1306536	880.6272
599.29614	462.36743
-39.112274	802.22406
-37.47703	807.3389
2.1810615	879.9535
-137.98112	840.61334
-29.773716	801.3817
-57.63217	854.0819
-138.86641	841.2129
-137.61023	840.9248
450.61682	-663.67163
344.05402	730.897
567.4291	-73.455284
567.4291	-73.455284
524.18286	-111.40041
611.0603	154.2105
605.9484	153.41226
-459.75684	77.95022
-797.59937	-519.437
-769.364	-532.27515
-557.486	-54.257057
-487.1905	-506.5517
-768.4638	-645.6255
-58.1716	-997.97296
-498.45425	-699.21216
-387.55914	-863.35565
-499.6593	-701.5378
-423.0105	-699.98016
-437.191	-615.9651
-423.0105	-699.98035
-406.12946	159.5451
-459.7567	77.9502
-459.75684	77.950195
-496.41852	-705.72705
-491.33417	-706.0303
-322.24542	-817.30225
-401.59943	-704.09924
-433.70242	-632.5928
-322.53778	-817.19275
-547.61664	96.87067
-547.54376	95.72036
-432.28674	-638.0073
185.09409	175.31142
-547.9153	97.06692
729.8994	-323.36438
-551.4005	98.34883
-551.7701	96.28585
68.57345	-780.52026
68.573456	-780.5203
-35.91838	-1026.0944
-34.945927	-1026.9039
15.143679	-1073.1621
-36.147583	-1026.6127
-36.147583	-1026.6124
-36.147587	-1026.6127
-554.8349	-54.825665
-767.0786	-655.208
-380.93906	-855.9031
-431.46082	-623.53033
-431.21017	-630.9886
-556.8773	95.733185
-436.62872	-624.52246
-447.0818	-626.9468
-444.03012	-624.7949
-449.1722	-627.79974
-554.5387	-53.628067
-549.05615	-52.699257
-678.53687	59.398376
-459.75662	77.95022
-679.74725	57.911102
-57.222057	-1013.88477
-63.082123	-1013.1757
-391.94794	-866.32874
702.58325	-374.87384
-431.311	-623.9773
-430.5327	-627.02893
703.8284	-377.12527
-392.2482	-864.9081
-430.51022	-632.56757
703.9363	-378.25903
-444.8225	-622.70685
-436.04642	-627.0646
-613.27594	-559.1525
-429.92307	-630.6117
-431.3763	-629.41644
-432.312	-630.6772
-612.3504	-558.8042
729.89307	-323.52768
-845.5895	-849.98315
-401.59927	-704.0994
-429.75278	-634.8553
-436.46143	-633.84235
-433.01816	-626.74084
-672.2252	-541.1457
-668.3509	-536.6658
-459.307	-628.6154
-679.7666	71.11665
-676.4541	67.213646
-459.7566	77.950325
-459.75623	77.95113
219.09732	199.76636
-459.75662	77.95022
729.8929	-323.52808
-60.38843	-1011.8987
-65.03644	-1009.4802
-812.49304	-481.04538
-617.5573	-371.07373
-622.046	-368.24603
-497.71884	-708.1786
-497.01352	-708.316
702.3689	-376.35684
-775.6827	-650.0127
-792.83966	-516.8891
-549.6492	97.26997
-55.418198	-997.5903
-683.1952	63.51744
-459.75693	77.95012
-688.9	55.639877
-688.8781	56.059383
703.73804	-376.94748
321.39514	-609.9369
-777.79346	-652.40814
-773.34875	-647.8272
-430.49976	-639.5931
-441.68604	-636.92004
324.5842	-605.5763
-533.0388	91.13878
-532.2433	88.7547
-573.59485	55.473198
-549.86115	95.92383
-556.76324	-54.7432
-532.57654	89.55329
-765.447	-656.2859
-858.5123	-616.04785
-769.3013	-654.73865
-666.91003	-542.83813
-527.964	-984.21906
-845.5893	-849.98303
-68.53827	-999.13275
-399.254	-694.67944
-67.60605	-1001.5219
-65.59487	-1004.3059
-488.95392	-502.66016
-491.14813	-505.95746
-493.50665	-510.0937
-446.29492	-628.05963
-409.3127	159.28395
-401.59937	-704.09924
-549.3607	96.48645
-404.1715	164.53897
-392.25674	-864.1393
10.061861	-1075.418
-59.443413	-1002.36255
-765.4705	-657.52106
-380.78595	-860.4263
-459.7567	77.9502
-528.51013	-983.5073
-383.27267	-864.11304
-616.83813	-371.42346
711.28906	-378.43604
-399.25757	-694.69116
-550.86664	90.89066
106.152115	-166.86374
-140.35306	-122.82941
-56.47987	-71.273964
-69.443825	-69.8874
-69.830864	-66.17146
353.66412	-262.19168
-146.9299	-295.9438
340.03778	-306.59927
339.49994	-308.34772
336.88815	-302.08087
-43.81981	-62.781357
308.53418	-305.35986
-133.33136	-126.40028
-105.039154	25.803417
-105.03914	25.803423
-104.963524	26.004417
-105.46536	26.58318
-105.039154	25.803417
174.9597	-424.27887
174.8259	-423.652
153.96742	-393.04266
308.53406	-305.35986
308.53412	-305.35986
307.6527	-304.82697
4.2514067	-271.65982
4.2514076	-271.65982
308.61322	-306.33255
71.85807	-523.39795
72.34407	-523.3741
-9.391048	-417.9046
311.21408	-193.1452
225.84567	-251.23878
311.07416	-198.58351
380.0485	-208.24518
380.95535	-209.05235
-129.55283	-122.91147
-132.9506	-131.93474
-138.54251	-126.990135
-137.27548	-129.6982
176.5297	-422.51828
345.4436	-308.40988
370.97864	-213.9263
225.84567	-251.2388
-141.91399	-126.11212
-277.5461	-162.65749
323.36768	-213.13425
106.32224	-135.90137
357.12915	-257.49884
307.3925	-305.15958
345.2624	-282.0612
307.64743	-312.409
139.20378	-539.2528
139.2038	-539.2527
334.46814	-293.65994
4.251407	-271.65988
174.94913	-422.94705
174.612	-423.1583
380.64813	-275.1286
380.6482	-275.1281
380.64825	-275.12805
309.1486	-203.21884
372.76688	-215.00592
106.1521	-166.86378
106.00911	-135.31557
-43.819805	-62.781353
53.47793	-462.94135
53.47793	-462.94135
379.6327	-207.7936
4.2514076	-271.65988
319.62213	-214.03914
80.82858	-355.98468
106.92122	-135.19687
106.10109	-134.95432
4.2514076	-271.65988
308.53418	-305.35986
139.20381	-539.2528
321.0537	-210.36182
308.53412	-305.35986
139.20378	-539.2527
106.1521	-166.86371
80.399475	-355.4566
307.15457	-195.30295
3.9377377	-272.1729
380.64825	-275.12805
78.98315	-354.99994
314.6452	-201.00195
378.2478	-210.48706
106.963745	-135.24245
259.0539	-384.57642
259.0539	-384.5764
-15.486983	-420.06158
546.8428	-708.77295
465.71	-695.2709
429.5127	-732.1744
429.5127	-732.17456
461.46002	-816.1565
407.2238	-847.1913
437.58548	-813.67847
542.7679	-704.7997
433.95645	-812.094
429.51276	-732.1742
429.5128	-732.1744
437.60178	-812.08875
436.15323	-812.718
543.13885	-712.5209
-815.49097	-859.89954
438.09726	-809.66284
641.3702	901.38293
544.7729	-714.5419
437.09213	-812.21075
436.90747	-812.6545
435.4594	-813.815
464.8848	-695.5854
459.89935	-698.9102
437.11624	-811.3703
461.45996	-816.1566
485.56256	-693.1929
879.0089	-665.34314
882.8726	-664.6762
1015.3408	-580.3696
1019.4037	-582.1371
1015.5327	-584.8003
966.03284	-713.65265
888.61035	-899.28253
888.153	-898.36847
849.5635	-914.6831
918.00244	-1010.2345
841.00415	-915.6294
950.8941	-766.7717
947.5608	-771.17126
956.2277	-767.62354
658.9612	-832.3355
247.94601	112.37312
246.55536	110.5945
248.16475	110.84312
345.25223	-17.597548
246.75784	111.73175
246.77048	110.45351
644.815	-1065.456
887.9455	-667.627
1016.3943	-596.9067
1042.8884	-614.28015
1016.31744	-595.79004
1167.3096	-816.99066
1167.0247	-823.3213
1042.8887	-614.28076
1042.8887	-614.28076
1016.7685	-595.23206
1017.06354	-594.19867
969.3024	-652.8397
971.754	-655.018
951.8544	-775.0696
904.35114	-919.39154
901.5248	-901.6095
901.52454	-901.6094
951.70416	-775.50867
883.46484	-899.29297
884.41656	-898.1837
882.56213	-898.66
947.0099	-770.51385
843.375	-915.4415
843.25354	-914.23816
841.6793	-911.36176
887.5503	-899.1712
970.55853	-711.33966
958.8224	-712.4558
883.32935	-664.29926
948.29065	-768.2495
949.07104	-778.49756
957.8946	-711.14496
888.6353	-898.239
887.3285	-898.55804
887.97906	-898.07263
969.7649	-653.4763
901.5248	-901.6096
888.5931	-898.44824
887.85803	-899.87415
843.0475	-931.6931
841.2882	-915.23047
890.91315	-899.45123
888.0783	-902.27106
1045.2035	-424.43872
849.87665	-915.30634
836.9973	-917.28937
967.7188	-722.40326
960.221	-719.4463
885.07764	-899.2739
883.494	-664.2158
918.00244	-1010.2345
918.0026	-1010.2347
967.36597	-654.9518
903.8839	-920.30615
1250.8237	690.7472
197.64386	1299.16
1125.0486	736.1704
1127.8496	737.52637
156.69798	1362.8778
161.02562	1050.9808
184.12894	1269.8859
194.65071	1292.97
188.12393	1299.6487
182.68915	1269.8105
183.54593	1268.8699
53.347973	1281.3124
48.275215	1283.5668
1288.2961	626.2422
917.60876	701.5833
918.5659	703.0878
930.80505	710.04767
1284.3346	639.799
1286.4456	643.2811
1018.9955	750.82526
1014.59094	745.4913
1019.63367	744.3521
1292.4229	623.1269
1287.4226	623.783
1297.9143	623.13306
1292.408	624.218
1290.904	618.33606
1292.7146	623.18646
1126.5193	728.34076
1126.519	728.34094
1047.8214	717.45667
1126.519	728.34106
1129.9446	744.58
1163.5845	738.04517
1163.5845	738.04504
1129.9167	743.2965
1163.5842	738.0449
195.16183	1293.9004
193.9322	1294.6262
217.03102	1279.9807
164.19737	1061.5576
163.74377	1058.7529
46.939816	1284.433
45.84233	1284.7352
217.03102	1279.9807
1290.9077	617.2869
223.19502	1154.5774
224.11194	1158.7542
48.275192	1283.5671
48.275204	1283.567
190.57631	1348.4177
184.33636	1269.9827
1043.2135	713.32654
1046.3295	711.5949
1281.5197	640.2009
1282.8298	640.02966
91.67084	1195.7883
95.59836	1199.3065
95.9513	1199.7157
95.55394	1199.6179
106.28768	1372.4241
100.62531	1364.3053
-90.129105	1401.3408
113.05182	1105.7449
112.3859	1105.4615
196.30795	1293.7568
194.96346	1293.5796
1044.173	713.9363
111.14305	1329.347
111.14305	1329.3469
29.688456	1404.8973
27.59525	1404.6035
99.56048	1360.938
101.26586	1365.0426
166.0962	1059.2212
163.14172	1058.1416
103.56246	1111.1232
217.33284	1098.8304
105.32129	1108.9629
30.950186	1301.655
30.950212	1301.6547
1046.8187	716.572
1244.3591	687.84937
1047.1133	716.67267
1251.1707	695.6614
1254.1191	694.77057
1166.1447	758.60156
1166.1448	758.60156
156.51315	1357.8435
156.19379	1357.5708
876.4627	700.1151
876.46277	700.11505
96.433975	1199.1243
96.49352	1199.3528
30.950214	1301.6548
30.014627	1410.0242
-12.818382	1377.984
114.74414	1221.7163
114.888466	1222.1604
114.39433	1221.0199
162.70226	1238.3232
217.031	1279.9807
163.45859	1050.0404
48.275192	1283.5663
48.275204	1283.5667
215.76904	1100.4121
141.88216	1213.0907
212.79974	1096.5232
213.71402	1101.0392
106.78147	1109.0327
110.67356	1107.8867
141.88214	1213.0905
141.88216	1213.0906
29.451807	1283.46
29.095915	1283.4375
1126.5195	728.3412
1126.2393	728.1793
920.3179	703.55505
217.98203	1099.6841
919.4516	700.61957
924.76733	707.178
1243.353	689.16016
1243.8036	688.047
-89.43451	1368.7195
-89.434494	1368.7197
161.00989	1239.8545
166.40886	1247.5967
164.6591	1240.4161
48.275223	1283.567
30.183643	1409.7444
1015.2918	747.1045
-86.947716	1451.1816
-87.50488	1450.9023
141.88219	1213.0907
-90.12909	1401.3411
-90.12908	1401.341
1131.0385	738.75214
1127.3629	735.6814
-12.81838	1377.9836
-12.818379	1377.9836
158.90912	1099.0795
158.73538	1099.2643
98.64227	1201.1559
97.065414	1200.9349
162.54288	1051.054
161.91847	1051.4996
1122.9149	739.3644
1128.6791	742.21405
1127.2869	743.3214
164.4568	1059.4619
162.03896	1057.112
213.20636	1094.745
163.67204	1052.0051
-89.434525	1368.7197
-89.43455	1368.7197
1250.5132	690.3466
28.0743	1284.2609
28.395042	1284.7057
209.32257	1176.8545
207.60883	1176.9424
215.44327	1151.1617
225.80626	1152.1748
858.1857	655.3602
858.18567	655.3602
551.44037	-173.23141
643.5767	-118.282074
418.98096	-359.3378
560.04553	-428.30124
563.31415	-423.6734
418.90213	-359.06525
551.41956	-423.69995
418.10828	-359.75977
692.2584	-457.4192
643.3884	-116.927475
551.19635	-172.51529
646.9291	-108.3024
643.3318	-116.83991
496.5885	-8.885962
651.7916	-110.482475
744.2243	-413.71625
628.71136	-181.13434
628.7114	-181.13434
628.7114	-181.13431
730.47644	-173.64839
558.7912	-439.76324
563.18896	-436.45474
555.34283	-425.22
554.5208	-430.63928
552.1074	-174.19107
744.6231	-413.01953
763.24146	-374.12427
763.24146	-374.1243
888.05005	-33.201378
730.7156	-172.55283
738.35254	-161.81317
931.93774	-1.6102555
888.05005	-33.201378
730.8377	-173.91661
888.0498	-33.20138
741.45544	-416.5248
643.4079	-116.21428
887.7759	178.69408
564.0801	-426.929
558.9106	-430.20496
564.44684	-431.57343
692.2584	-457.4192
742.26044	-418.09613
763.2417	-374.1244
749.2878	-413.84933
692.2583	-457.41928
931.9663	-1.6213145
932.763	-1.8895626
709.9403	-326.62073
573.10626	-450.7164
573.1062	-450.71643
-153.41681	-294.56335
710.2208	-326.60663
331.913	-741.9426
331.9129	-741.94275
467.45288	-529.65674
459.94693	-532.8262
459.65802	-532.1648
932.43066	-1.2928643
692.2588	-457.41898
692.2586	-457.41907
438.3521	-454.1306
438.3521	-454.1306
416.7018	-356.01807
763.2416	-374.1244
465.3606	-531.0114
643.6252	-116.35613
749.4617	-350.35617
749.4603	-350.35153
463.0022	-535.5208
465.14337	-537.91455
334.73752	-733.391
333.55862	-733.23083
427.74103	-367.79312
427.75995	-374.36368
554.9682	-436.08493
542.37726	-308.3122
542.37726	-308.31223
738.40857	-418.3147
914.5019	-401.28992
908.9468	-398.80438
744.73596	-413.26266
763.2417	-374.12445
333.06305	-732.8891
734.8532	-170.56175
729.95386	-166.16757
539.91034	-1070.8141
540.1699	-1070.5323
547.37683	-1033.7068
552.3792	-1034.2612
583.2456	-1153.5533
658.9608	-832.33716
650.14795	-1073.2631
649.6949	-1074.0193
649.0526	-1100.8706
581.4294	-1147.5432
582.5351	-1153.6692
582.51294	-1154.0823
546.5746	-1037.1101
539.34863	-1071.6648
538.99774	-1070.5682
539.3958	-1070.7485
758.46063	-488.52582
752.92334	-489.45624
631.57336	-1042.9512
539.3486	-1071.6648
549.8627	-1032.0249
568.2858	-1167.4736
555.0209	-1272.0653
548.9924	-1342.5361
720.8135	-1170.1685
693.0812	-1133.5176
649.0528	-1100.8702
539.34863	-1071.665
539.34863	-1071.6649
649.0527	-1100.8705
649.0526	-1100.8706
649.7345	-1101.3896
548.62836	-1091.7369
523.96564	-1030.1644
643.31213	-1188.163
650.28735	-1190.2584
649.0526	-1100.8702
631.53894	-1043.189
649.0526	-1100.8706
646.6342	-1189.8262
539.34863	-1071.6649
649.0524	-1100.8707
650.0093	-1068.3539
650.8126	-1068.7275
612.6124	-1129.91
568.28577	-1167.4734
507.9579	-1077.4098
545.6721	-1039.0278
582.9182	-1148.5164
508.2623	-1071.6929
572.4163	-1154.1221
580.2477	-1150.026
555.50604	-1037.9078
574.2698	-1149.8816
549.3501	-1340.8502
567.6125	-1166.7084
649.0527	-1100.8705
544.244	-1088.7664
648.13525	-1191.0138
644.74304	-1188.0448
523.81494	-1029.8134
549.0411	-1345.3596
550.0284	-1344.1226
548.89	-1342.4336
543.563	-1341.6633
509.8027	-1074.5209
649.0528	-1100.8702
578.4719	-1151.5831
566.67847	-1151.1953
568.28577	-1167.4736
581.5343	-1150.2242
578.0809	-1147.2671
505.59875	-1070.3302
693.0812	-1133.5175
577.7264	-1147.6765
568.1417	-1166.6963
510.68768	-1072.9263
508.9647	-1075.8726
548.63763	-1031.0459
646.6571	-1064.5852
647.25653	-1070.7898
642.20715	-1066.4822
720.8135	-1170.1683
720.8136	-1170.1686
720.8136	-1170.1686
643.0439	-1064.1499
548.8191	-1268.8645
547.3566	-1247.6964
567.6394	-1270.4338
567.63947	-1270.4341
548.36786	-1246.809
548.3806	-1246.81
567.6395	-1270.4341
548.36786	-1246.8091
640.3545	-1072.7428
642.0731	-1074.2698
802.93274	-1231.6458
775.14075	-1258.4972
775.14075	-1258.4971
802.93274	-1231.6458
802.93286	-1231.6458
775.1406	-1258.4972
802.93286	-1231.6459
510.78308	-1075.9827
510.58398	-1076.2148
579.4202	-1150.9281
543.9373	-1088.7229
641.04553	-1072.5663
-227.86496	1210.9011
-243.61356	970.5969
-243.60394	970.5348
-243.61768	970.8302
-506.625	459.2418
-505.1576	459.5186
-505.0559	458.00665
-505.40268	452.8853
-227.86507	1210.9011
-227.57057	1205.8325
-184.01395	937.1222
-183.74457	943.4498
-263.83762	1187.5646
-227.57057	1205.8324
-227.57056	1205.8326
-268.36084	1247.6268
-248.22542	1214.7057
-268.36084	1247.6268
-248.08871	1214.9816
-505.48828	453.27286
-438.33832	536.53174
-505.82278	457.24768
-432.03275	535.933
-385.1455	429.3401
-385.0832	428.16632
-266.5997	1186.3136
-258.37903	1186.904
-10.564838	841.0139
-503.69937	460.02762
-269.35962	1185.3508
-435.67093	537.0801
-268.3608	1247.6271
-261.6846	1195.8873
-261.40152	1194.3569
-253.6946	1154.7825
-262.9538	1188.1597
-243.60394	970.5348
-251.39764	1143.7352
-255.48413	1160.2974
-262.6481	1198.6858
-263.7167	1199.5194
-508.0977	458.46072
-502.6079	451.7652
-290.22205	1254.2916
-241.69217	1244.3304
-176.50848	1186.8228
-206.78815	217.16504
-206.78815	217.1651
-384.39185	429.75763
-384.39185	429.75763
-442.0252	537.61865
-514.50653	455.89624
-505.146	458.961
-509.19653	516.5895
-8.604066	840.3978
-8.604067	840.39795
-5.9063954	835.9343
-287.05722	1236.927
-436.22607	537.92816
-242.01897	1244.3096
-267.2868	1187.4667
-287.05722	1236.927
-183.8948	944.3411
-177.57744	1189.7789
-260.7896	1189.9553
-267.4768	1187.3152
-287.05725	1236.9268
-248.08902	1220.3375
-182.9649	1181.872
-181.87865	1180.0107
-183.7546	936.2501
-181.31616	936.2418
-176.36812	1182.565
-261.5136	1187.579
-181.54828	1180.844
-183.18077	1182.5013
-185.55368	1183.7733
-501.4624	451.7517
-437.2017	537.53723
-509.19653	516.5895
-509.1964	516.5895
-227.86502	1210.9011
-384.83853	429.07864
-384.75073	429.49612
-383.8217	429.7945
-496.61832	459.19116
-500.90137	460.4758
-243.4829	970.5571
-243.58162	970.5315
-500.5496	459.03314
-511.0301	455.19775
-507.47504	456.16876
-268.3608	1247.6272
-256.56476	1158.4647
-257.4019	1156.4171
-182.79778	938.29596
-71.27895	492.14758
-71.0498	491.10254
-500.41614	458.04724
-334.6131	512.83514
-68.152084	494.2326
-266.77258	1184.9042
-265.65033	1185.7102
-206.7881	217.165
-187.35075	1190.7224
-70.488335	491.4601
-71.756516	490.37195
-112.95152	531.88995
-546.2136	482.41776
-546.5859	480.9825
-250.848	1157.8236
-544.14526	488.59103
-240.17462	1139.437
-500.41608	458.04712
-241.71236	1244.3076
-290.22202	1254.2917
-265.79053	1186.5979
-513.7043	457.11697
-510.31436	455.33292
-334.60938	512.9253
-227.86496	1210.9011
-499.64352	451.44992
-467.32285	472.67236
-501.09024	455.17615
-260.82156	1192.2336
-258.68497	1191.6362
-500.41614	458.04712
-541.85815	-1335.5637
-535.07	-1345.6862
-530.8266	-1332.5579
-1028.5104	-410.6702
-650.22363	-355.54736
-1026.5245	-407.89478
-146.1063	-813.6238
-474.21545	-782.259
-478.07468	-785.2514
-398.02295	-1036.0403
-465.30045	-1021.48755
-1294.0806	-360.45087
-988.22095	64.39079
-914.5411	33.683937
-588.1089	-521.49725
-579.84656	-487.47287
-592.6157	-520.8074
-308.40735	-90.25112
-583.8673	-348.74298
-585.50366	-351.8092
-411.9355	-288.20032
-379.18137	-1167.8771
-314.0003	-37.792675
-1288.3457	-788.99744
-354.5669	-63.416542
-456.7923	-719.14197
-454.40152	-716.4102
-450.20203	-712.55585
-452.8322	-717.7387
-1211.726	-865.8975
-728.08624	-755.05457
-626.2354	-558.1078
-627.4009	-557.809
-1214.175	-698.9918
-1214.329	-699.3096
-1204.2614	-688.31555
-52.18658	-826.1212
-153.50085	-769.21936
-354.5669	-63.416534
-407.87234	-286.91003
-821.53265	-1035.9701
-822.4369	-1034.0936
-747.851	-67.85585
-700.2796	-333.47144
-1137.3138	-898.7478
-888.2256	50.768578
-617.914	-186.04663
-619.52277	-189.98569
-729.1132	-756.6492
-599.5165	-1175.1162
-582.0827	-263.40417
-582.08264	-263.40417
-76.18994	-330.8576
-469.3462	-765.3375
102.22581	-1028.3882
-744.2809	-665.76447
-439.72687	-736.1034
-1052.0033	-785.3509
-1046.3242	-388.1323
-1053.087	-400.62073
-1030.5311	-406.71262
-1097.2107	-334.01495
-1096.8425	-333.65332
-634.25134	-106.479004
334.0522	-731.92944
-277.2233	-162.44977
8.737452	-805.575
102.992744	-1018.8152
9.457277	-806.50665
-986.4745	66.333145
-673.65106	-657.21924
-623.653	-112.94453
-533.55225	-572.8576
-190.50854	-442.9478
-747.4564	-628.41095
-441.75443	-524.3995
-613.16907	-177.36589
-622.26917	-179.825
-612.11365	-176.62369
-614.0853	-178.59363
-430.35443	-1296.7311
-860.82214	-466.22064
-860.822	-466.22064
-698.4678	-332.99097
-735.59973	-823.2904
-1035.98	17.436382
-746.6118	-626.0182
-1070.7252	-758.5626
-746.6106	-626.0281
-1263.5652	-396.5224
-1096.8667	-333.4012
-811.608	-1036.4028
-613.63556	-1122.2258
-694.0564	-149.41884
-379.18146	-1167.8773
331.91278	-741.9431
263.52664	-675.6925
-229.11476	-254.9716
-705.40356	-396.55878
-626.8482	-558.56305
-1026.979	-408.6841
249.09761	-676.55835
-1131.7515	-272.38834
-1131.9316	-272.47983
-968.8672	-987.7344
-974.18085	-516.0463
-628.7227	-558.8718
-649.6644	-570.8909
-627.07166	-559.21875
-595.7936	-835.71466
-814.64014	-860.834
-596.8484	-839.36346
-363.0741	-1332.84
-814.7027	-865.8343
-946.79456	-219.06091
-814.192	-857.09485
-650.9398	-352.052
-1215.6616	-698.081
-831.05554	-711.6605
-888.2256	50.768578
-618.463	-181.12328
-923.46216	-466.15628
-1179.4452	-60.83442
-809.44885	-867.7892
-946.79456	-219.0609
-691.7856	-322.15787
-748.0896	-641.8456
-986.35736	66.9836
-1051.888	-785.3442
-1051.383	-785.0495
-1070.4103	135.91745
-1070.2433	135.32864
-913.8296	31.335327
-353.74875	-62.86102
-750.9718	-625.1052
-746.6107	-626.0305
-399.48578	-1036.3335
-371.6906	-1072.3076
-12.047108	-539.0483
-70.16868	-602.33105
-66.34706	-606.52734
-816.8668	-858.91754
-170.16312	-632.5845
-170.18137	-632.1212
-98.474884	-734.59814
-484.15125	-688.1434
-969.62085	-519.8959
-1051.9966	-754.00745
-1008.7243	56.44538
-816.7591	-860.7435
-774.4636	-1087.2123
-779.9193	-1098.387
-393.90082	-276.2339
-387.00262	-279.72272
331.91284	-741.9429
-9.800374	-540.3143
-10.310062	-539.19086
-579.2824	-486.03357
-245.26015	-1372.5222
-1225.7686	565.854
-448.07083	-704.60034
261.61298	-671.37146
-734.15045	-827.8552
-604.2565	-694.60376
-308.33224	-89.97425
-307.1166	-90.61
-992.3855	-26.254215
427.1911	-375.62607
429.4906	-375.0241
-581.6589	-729.9208
429.36578	-369.53128
431.2291	-375.27222
-1014.72144	-74.308716
-1067.9415	-759.8379
-1067.1941	-760.1052
-368.97815	-129.66829
-616.15894	-189.04935
-620.4585	-192.069
-1129.065	-176.45193
-1014.72144	-74.308716
-728.363	-758.2882
-1131.7515	-272.38828
-195.75034	-432.963
-629.532	-105.2018
-586.41595	-345.62537
-747.4765	-616.28925
-1070.1227	135.70416
-245.40535	-1372.785
-9.749636	-417.22592
-614.5487	-189.40047
110.135864	-1024.1432
-446.4778	-702.8428
-97.963104	-737.0588
-97.49046	-735.5
-738.0812	-822.10803
-410.0899	-305.42407
-346.6123	-239.38948
-628.2118	-553.0729
-628.1321	-554.9287
251.92644	-674.6311
255.32953	-679.1232
-449.87274	-62.19103
-306.2998	-90.92103
-449.56104	-62.068504
-329.87595	-74.211815
-1215.6893	-697.1039
-636.73804	-115.27782
-630.9106	-107.40211
-356.2294	-659.50995
-465.30048	-1021.48773
-1260.3804	-418.78955
-1260.8651	-418.54437
-195.93391	-1286.3057
-377.5189	-1253.6256
-300.651	-1267.1338
-1096.8668	-333.40115
-803.57764	-1058.1838
-824.3624	-1032.8159
-813.10675	-1041.3547
-822.27246	-858.17834
-1314.8757	291.99533
-665.3814	-107.73619
-1250.3269	-416.87534
-1249.8755	-418.38412
-705.40344	-396.55878
-58.43477	-824.5254
-271.14337	-1128.7296
111.64946	-1023.00055
111.707375	-1020.9413
110.79668	-1021.6162
-484.15125	-688.1433
-194.29733	-449.53235
258.61133	-675.0038
-404.1251	-400.28592
-404.07178	-400.48315
-1288.3457	-788.99756
-74.123215	-729.2862
-97.82915	-737.4774
-1138.4191	-180.00775
-1136.9631	-179.69522
-270.5064	-1128.5243
-425.1363	-1299.2076
-1167.9664	-52.792454
-279.85977	-464.1595
-279.85974	-464.1595
-586.24927	-346.51978
-583.0474	-347.16953
-1295.5	-377.62714
-629.6717	-114.51076
-816.8118	-859.7274
-816.34766	-859.74725
-1212.16	-861.47437
-1149.1836	-791.36975
-626.02545	-108.30346
-1318.1923	393.5879
-1319.0712	395.61478
-815.28204	-859.7352
-681.38354	-153.00122
-430.69727	-1306.1697
-430.69733	-1306.17
-477.82864	-386.86096
-848.4901	-529.3102
-746.7457	-628.05914
-349.11932	-283.99036
-348.57892	-283.98828
-230.04239	-248.65813
-316.88846	-246.45547
-584.81177	-351.34152
-320.60175	-241.94855
-1014.7214	-74.308716
-911.5475	29.349497
-1261.8732	-418.02365
-433.01398	-1298.8508
-402.11902	-285.9799
-410.05356	-289.3354
-813.8016	-1030.9219
-1085.0898	-438.76196
-1085.1235	-438.9706
-749.1572	-65.425705
-1070.435	-766.35144
-831.79205	-717.16174
-1063.7627	-761.8605
-159.02325	-768.3642
-159.00752	-768.26794
-432.9723	-1302.1019
-431.41586	-1299.3672
-382.19144	-286.86478
-1149.1836	-791.36993
-102.4534	-727.4814
-99.8832	-733.3408
-149.97893	-725.63586
-615.9725	-742.7402
-862.33795	-1048.5066
-6.7977023	-703.5046
-13.320829	-707.3031
-1139.0156	-179.55055
-812.19946	-1036.6667
-819.71765	-1040.5215
-1048.3638	-453.42725
-974.97046	-515.3721
-377.51907	-1253.6257
-377.51898	-1253.6257
-465.30035	-1021.4874
-599.9182	-1188.8726
-151.13452	-723.9672
-587.82227	-342.1695
-478.83282	-215.8147
-339.46808	-731.7158
-349.28665	-349.8321
-349.28674	-349.83215
-465.30045	-1021.48755
-465.30035	-1021.4873
-571.60547	-350.9818
-583.86017	-341.51038
-383.80994	-497.1947
-743.06665	-68.634575
-742.0818	-67.74214
-685.9508	-155.55835
87.65814	-761.07733
-7.5172706	-702.26917
-333.14514	-295.02338
-692.48846	-148.3838
-689.4434	-154.00626
-629.18896	-106.04791
-252.51651	-1425.945
-245.3605	-1372.558
-1203.7568	-693.51843
-1217.2883	-691.8194
-168.27832	-778.0246
-587.85333	-733.1676
-418.95654	-290.55408
-417.75027	-292.8806
-103.596466	-729.3247
-697.05945	-160.56183
-388.63068	-424.23315
-415.91202	-287.362
-413.16376	-286.73163
-698.4937	-157.38303
-1171.2559	-47.83013
-168.12302	-777.7746
-151.32373	-769.9912
-150.90933	-769.8417
465.54083	-536.0239
-596.1295	-838.6267
-699.67773	-162.66212
-689.1578	-152.52974
-684.8495	-149.31671
-1069.5343	135.62938
-310.25287	253.42603
-923.80066	-472.92633
-356.23053	-659.51013
-847.3727	-528.8806
-848.4686	-528.9801
-565.62646	-456.89847
-746.61084	-626.03064
-869.96985	-630.42706
-746.61084	-626.03064
-1225.7688	565.85406
-474.86496	-781.7805
-445.755	-736.87164
-455.96332	-717.6484
-743.9495	-70.26169
-741.80304	-68.06294
-740.97217	-66.143425
175.30377	-420.97748
-419.01318	-293.03522
-103.103	-728.146
-159.85822	-767.6162
-627.10535	-554.16003
-628.0151	-550.35345
-451.5587	-60.38019
-450.56635	-61.467743
-450.14398	-61.76741
-590.2525	-353.90924
-915.68115	-130.43703
-968.8673	-987.7345
-816.8365	-860.57916
41.257233	-1056.6616
-475.3919	-393.81128
-519.44653	-328.36108
-476.80817	-388.42178
-1009.11914	57.243134
-701.4459	-322.30588
-624.9849	-107.00128
-528.2945	-1336.9716
-465.30023	-1021.4871
-1205.9716	-869.8285
-1149.1837	-791.36975
-1067.1938	-760.1052
-161.20636	-766.7543
-297.68362	-1268.2341
-383.79205	-496.66302
-746.6106	-626.0303
-444.0805	-734.9915
-396.15842	-774.3425
-474.865	-781.7805
-474.19995	-781.05176
-396.15924	-774.80884
-430.69727	-1306.1697
-582.5774	-350.786
-1173.8093	-819.0363
-1067.1941	-760.10535
-816.09436	-862.24115
-823.1597	-858.7156
-862.3384	-1048.5066
-862.33813	-1048.5065
-862.33813	-1048.5063
-813.1304	-859.5148
-610.76154	-1121.6111
-988.35297	69.52464
-930.2554	-463.75214
-598.1977	-1170.6707
-330.40286	-665.64825
-811.5198	-1028.8868
-853.8687	-449.25854
-853.8052	-449.0408
-633.35443	-108.52435
-586.5281	-732.5593
-586.528	-732.5593
-371.43768	-944.3611
-371.06165	-943.5482
1046.3845	-424.54437
1045.2036	-424.43872
-1014.72144	-74.30872
-611.3772	-1119.3213
-607.8015	-840.6693
-814.3775	-858.4571
-813.01685	-868.12006
-628.73956	-554.3263
-818.0118	-1035.742
-482.6732	-216.82823
-1035.5312	16.43369
-670.4082	-655.6839
-669.7219	-656.1924
-1066.2175	220.96948
-598.1818	-1174.8353
-735.63104	-759.58875
-396.18134	-1035.5272
-356.23734	-659.5117
-192.56274	-457.9038
-196.24803	-461.60022
119.052444	-1017.1424
-333.23422	-286.96222
-1288.3453	-788.99756
-626.8041	-557.36975
-848.4903	-529.3101
-408.3008	-291.94385
-576.04504	-344.70325
-153.78395	-766.90393
-414.41272	128.17307
-412.71152	130.12479
22.368626	-587.3432
-10.663387	-538.723
-111.52542	-411.71576
-404.2942	-296.02954
-388.63074	-424.23312
-473.61362	-208.58543
-1131.7515	-272.38834
-946.79474	-219.06091
-886.8147	-474.46814
-886.8149	-474.46802
-886.8147	-474.46808
-869.43835	-628.8971
-1309.6458	293.81262
-604.2564	-694.6036
-626.15674	-560.4737
-475.1311	-199.07997
-477.10443	-387.48517
-405.12482	-289.08267
-403.2503	-280.19528
-809.5166	-1033.507
-816.92334	-868.0114
-1137.6735	-181.2513
-812.96606	-1029.9458
-446.92377	-525.5707
-372.2321	-943.3198
-775.7327	-1087.1707
-1066.2178	220.96945
-465.30045	-1021.48755
-465.30023	-1021.4871
-820.39343	-862.66064
-649.6643	-570.891
-537.35614	-1332.364
-1019.6143	-180.30618
-982.3969	11.206446
-1328.4124	306.084
-1295.8331	-360.74005
-977.93915	11.791754
-982.8354	10.502735
-325.60837	-668.3961
-694.6052	-337.0416
-196.69725	-455.5498
-439.4479	-738.8598
-1294.217	-360.52478
-1369.7737	286.18137
-871.2204	96.47015
-1208.5518	-866.4025
-609.3056	-1106.0841
-812.28125	-1036.5715
-409.362	-274.16013
-379.18127	-1167.8771
-871.37244	96.43259
-1139.5558	-179.81085
-1297.3462	701.4593
-377.51923	-1253.6259
-671.3578	-655.70465
-396.81207	-1036.2678
-399.04922	-1032.7944
-396.089	-1035.5234
-195.78278	-1290.2667
-340.8069	40.114777
-308.57846	-35.378662
-1371.9585	291.5232
-749.5901	-66.82855
-731.42004	-259.212
-1328.7278	306.15186
334.90738	-731.22424
-368.83664	-130.04578
-1426.5576	307.8758
-77.21828	-331.28967
-503.5635	-130.16379
-76.189926	-330.8576
16.40833	-360.87738
-183.31607	-235.86652
-1076.188	-572.4263
-823.4823	-333.74738
-186.88766	-1296.6665
-887.7929	-473.62888
-887.5492	-474.25854
-1078.3411	-564.8721
-1259.8784	881.35913
-913.1247	-130.67584
-1251.1146	-410.95157
88.99638	-756.868
22.368412	-587.3431
-971.65625	4.0214915
-1384.8401	319.66058
-580.2144	-865.00366
-582.4936	-859.82733
-1073.495	-563.996
-278.32086	-291.28384
-733.26715	-262.82465
-239.81886	-418.08606
-744.281	-665.76465
-270.5053	-1128.5244
-533.67004	-571.9325
-1421.0073	306.85092
-288.6864	-1176.9094
-885.55365	-677.85657
-190.5398	-444.4541
-754.4025	-626.5059
-1012.18555	-176.61737
-229.54546	-1093.7917
-225.22668	-1094.5049
-612.8367	-1097.8379
-1297.6904	-356.1612
-529.01324	-1346.5314
-503.7647	-1335.9055
-340.80695	40.114784
-381.17438	-1395.2908
-503.7646	-1335.9058
-1035.2217	15.486154
-692.0134	-334.51666
-731.0849	-261.67734
-339.46814	-731.7158
-1030.2758	-410.12964
-191.7091	-1290.951
-232.7553	-1093.6906
-1023.7926	-410.27393
-73.55113	-729.5584
-737.92957	-755.97473
-397.19342	-294.35046
-593.2938	-732.022
-161.01678	-650.72546
-1262.1245	-417.98254
-871.4914	91.361885
-615.3197	-172.04439
-715.1307	-208.64876
-911.9504	-129.97919
-1252.5222	-498.17886
-1251.1339	644.0242
-1131.7515	-272.38837
-1296.4448	694.3982
-538.2783	-585.77014
-531.2468	-1338.3091
-1423.4087	307.8503
-537.0234	-860.01154
-309.5798	-90.37511
-270.50626	-1128.5243
-613.26184	-1101.9143
-660.57947	-708.897
-1091.133	-47.190033
-193.81693	-458.75827
-1370.5791	264.8233
-613.9542	-1096.1582
-218.39836	-1334.8049
-228.5724	-1340.5154
-77.67477	-331.4397
-1318.8408	297.71692
-1297.1385	-352.89362
-24.269737	-516.49713
-533.65845	-573.8801
-437.26947	-550.7353
-1025.4866	-415.2924
-229.55457	-1095.1149
-1370.9186	264.38626
-870.395	86.086426
-869.2276	86.839745
-1368.0728	284.60095
-1382.7903	269.10056
-1380.281	265.15048
-1377.3412	379.77832
-1315.796	407.39017
-229.59238	-1328.6372
-288.6864	-1176.9094
-814.56836	-1040.9985
-149.09505	-228.76782
-149.09529	-228.76778
-750.82025	-619.93115
-815.7684	-860.56854
-26.510902	-503.517
-1110.8225	-536.28357
-490.4392	-1279.3469
-254.86871	64.3973
-705.4035	-396.55884
-1380.622	266.3366
-577.0367	-860.58624
-228.31665	-1329.0256
-233.15543	-1334.5024
-1297.4244	695.6124
-281.84717	-299.07825
-183.31612	-235.86658
-691.65076	-333.12424
-1319.4554	287.52057
-407.341	-294.08313
-377.02747	96.00981
-1261.163	-401.29
-1320.9866	418.7696
-538.27814	-585.77
-538.27826	-585.77
-503.76465	-1335.9056
-1250.9941	-410.8888
-186.6807	-1294.6161
-871.3723	96.43265
-1131.3099	-8.119818
-969.6205	-519.89624
-809.4098	-1041.8676
6.978524	-597.58
-977.442	11.951101
-992.931	-25.755497
-669.2689	-657.2688
-1257.2075	800.19336
-616.18274	-1098.9316
-304.72412	-93.89236
-1296.6831	694.8717
-348.281	-751.2762
-1259.4402	881.5585
-1137.871	-901.59595
-1022.91144	83.59601
-975.00946	-515.9744
-1369.6902	286.2917
-823.6764	-333.62708
-823.6765	-333.627
-349.28665	-349.8322
-1130.8467	-9.190809
-259.68805	-393.8806
-199.13095	-440.3621
-261.8468	66.637886
-308.86978	-35.221375
-726.98584	-773.33887
-694.12933	-147.70738
-354.91608	-62.847706
-333.74982	-663.14325
-981.9738	9.286211
-26.510902	-503.517
-1049.1897	-452.00385
-111.52475	-411.71698
-709.3285	-212.29083
-715.9228	-209.23058
-1332.4844	531.9136
-1369.347	286.0172
-1540.1959	109.10121
-1460.3196	230.41849
-1461.4138	229.36705
-1013.5926	-3.7180007
-673.49097	-656.99084
-309.04922	-91.26038
-574.0412	-1206.6786
-570.92914	-1210.9391
-228.15326	-253.4259
-307.53598	-42.327408
-536.4828	-1340.1558
-613.62665	-1101.2708
-1057.5898	-930.69275
-1382.3337	269.87646
-193.78181	-445.9231
-188.34825	-448.21396
-386.60956	-1399.5562
-321.43497	-664.1084
-313.74472	-660.20374
-1006.83887	-180.13353
-387.71054	-285.37756
-415.7046	-295.56155
-344.94434	-247.06773
16.3931	-360.87195
-1048.2865	-453.548
-1251.1342	644.02435
-1225.7683	565.854
-1374.9135	284.93204
-1428.8043	333.6702
-705.40375	-396.5587
-1393.4438	289.37234
-1183.7815	203.92561
-270.49982	-1128.5254
331.91278	-741.943
-377.5191	-1253.6257
-538.2782	-585.77
-974.6764	-515.926
-254.70828	64.40958
-161.21347	-653.0571
-871.3722	96.43318
-228.98056	-1096.9685
-323.068	-668.9586
43.677708	-1053.8198
173.04915	-422.8424
-1332.4843	531.9136
-1329.4966	289.4909
-1301.2621	701.17456
-660.5795	-708.897
-1381.9573	377.29373
-1382.3337	269.8765
-1527.0469	127.67081
-1527.0465	127.67081
-1527.0469	127.67084
-1008.47925	57.34228
-1131.31	-8.1198225
-1009.11096	56.37462
-1091.1332	-47.190037
-308.9384	254.06445
-330.16504	-74.75772
-270.50632	-1128.5243
114.10716	-1027.1416
-26.510906	-503.51697
-26.510906	-503.51703
-1251.1339	644.0242
-1137.7146	-179.78159
-380.06348	-1391.8633
-270.50632	-1128.5242
-1366.1208	289.66055
-1024.741	-407.6785
-619.9632	-191.14624
-479.466	-385.27225
-925.4385	-209.10928
-161.20116	-651.07477
-792.6232	-742.2363
-1317.8862	415.5684
-1315.7498	407.32074
-924.5366	-683.4903
-388.63074	-424.23306
-679.114	-156.92932
-533.6646	-573.1715
-438.47186	-746.9227
-229.75656	-248.48718
-353.41672	-758.3448
-614.7048	-170.40448
-1027.7981	-408.17114
-1263.1351	-402.26956
-21.607513	-516.3477
-474.0374	-781.6037
6.419245	-596.5189
-670.2051	-657.92993
-749.57043	-65.315445
-982.7871	0.32442665
-1423.9729	331.61252
-492.0781	-1274.157
-705.0717	-397.38507
-431.30652	-1307.6307
109.85122	-1127.9299
-731.4062	-262.67905
-1369.3944	286.69598
-1371.214	286.2172
-871.3723	96.43261
-1232.3402	-858.8876
-293.9222	-105.51474
-870.91614	-629.3017
-1070.8137	136.53088
-609.7627	-1108.769
-380.21082	-1390.7258
-160.99524	-651.3349
-975.20197	-515.1481
-383.75977	-496.672
-930.3165	-206.8886
-146.10631	-813.6238
-968.721	-518.8891
-1262.9772	885.97784
-1076.5996	-566.9613
-1079.1774	-567.14813
-1293.1958	698.0954
-1318.4559	414.38928
115.76289	-621.206
-160.8043	-768.5923
-348.33307	-284.45334
-1370.9182	264.38626
105.07971	-1027.5934
-540.19354	-864.2512
-1057.5898	-930.6926
-969.62085	-519.8959
-974.7483	-515.0452
-330.1969	-293.91705
-692.2226	-333.93176
-1012.9074	-3.8480244
-437.49435	-551.3221
-437.49435	-551.322
-338.2293	-669.50476
-867.6565	-624.43896
-1110.8224	-536.2835
-152.78163	-763.9203
-196.1117	-458.93042
-1189.4673	198.7258
-192.29124	-458.86884
-346.21783	-249.20592
-308.28546	-35.432533
-381.36838	-1397.0592
-616.3066	-1095.6411
-515.6151	-324.6185
-229.29193	-257.32303
-538.27826	-585.7699
-672.0914	-1097.4844
-1307.0872	-359.30426
-1258.6394	880.9706
-1370.0388	285.48978
-73.40306	-598.5945
-24.386066	-517.2242
-331.62173	-294.3724
-221.38232	-1446.6077
-249.30815	-1430.2728
-1257.2075	800.19336
-223.76329	-1328.9471
-1008.2425	-179.40335
-1394.5688	295.83148
44.941975	-1052.255
-145.95168	-814.14276
-340.80695	40.11478
-298.97366	-307.143
-613.03394	-1095.0139
-579.2737	-488.7556
-149.09503	-228.76785
-1322.0303	286.8526
-856.0487	-1050.2911
-379.89288	-1400.4664
-1332.484	531.9136
-1252.5558	-498.322
-1310.6068	391.09647
-692.95197	-144.06607
-618.017	-169.18007
-1370.9421	264.395
-314.1462	-79.71837
-330.99136	-292.57578
-183.3161	-235.86658
-600.9452	-1176.5956
-792.6233	-742.2364
-1263.2891	885.09753
-312.5622	-458.7661
-445.3549	-736.67224
-229.8046	-259.39764
-475.17514	-208.70985
-476.62827	-198.71509
-57.798225	-411.05716
-189.26251	-1294.6222
-490.4392	-1279.347
-910.0409	-129.40723
-699.93744	-335.23395
104.39897	-1021.95215
105.506325	-1023.178
106.15251	-1021.57825
36.456142	-1048.4536
-221.38226	-1446.6079
-221.38222	-1446.6083
-540.1511	-1334.3677
-476.6718	-197.67809
-476.4536	-198.152
-149.09503	-228.76788
-379.18146	-1167.8773
-323.72766	-286.67773
103.51018	-1023.7777
-257.35	-399.46368
-1328.7278	306.15186
-871.37036	96.43639
-1043.681	16.277176
-743.0193	-644.72986
-377.51917	-1253.6257
-1073.1871	-571.39276
-431.49628	-1307.7207
-1012.64557	-891.68036
-610.6799	-1129.4675
-1023.24475	83.96552
-1028.628	-409.05063
-1369.263	286.83713
-1395.1494	294.21002
-660.57935	-708.8971
-1394.6838	296.4066
-352.7398	-750.8768
-355.31232	-752.1814
-439.523	-734.3491
-361.67798	-761.48254
22.368633	-587.34314
22.36863	-587.3432
-377.0274	96.00981
-316.11194	252.43263
-744.2807	-665.7644
-888.55475	-675.35736
331.91284	-741.943
-731.7874	-259.33826
-885.85974	-986.87695
-449.95987	-65.354256
-349.28656	-349.83215
-1131.3099	-8.119817
-57.798214	-411.0572
-1306.9932	415.67987
-1308.4032	412.97513
-414.89883	137.10455
-296.20105	-101.4574
-664.5011	-654.8274
-315.03552	252.15096
-1035.5066	18.395473
-1426.5575	307.8758
-668.2427	-656.23444
-503.47348	-130.63666
-1066.2177	220.96947
-969.6211	-519.896
-298.9736	-307.14288
331.91278	-741.9429
115.7629	-621.206
-194.40662	-458.4948
-197.5048	-460.02713
-197.10197	-460.2868
110.282196	-1127.3597
-1085.9834	-438.3447
-885.68933	-680.3598
-330.74915	-292.5907
-1072.6503	-568.82837
-244.79231	-415.41486
-532.6057	-1346.4954
-191.34071	-1293.6168
-701.08264	-643.2935
-853.73474	-903.6748
-474.10278	-781.8914
-812.54785	-1037.7126
-574.0412	-1206.6786
-885.8597	-986.87695
-853.7346	-903.67505
-317.57437	-664.16266
-1075.6038	-573.8781
-1389.4009	385.01898
-712.4321	-242.12038
-660.57935	-708.8968
-400.58472	-287.611
-615.9724	-742.74
-615.9725	-742.74
22.368637	-587.3431
-18.60739	-520.9106
86.32493	-761.39746
-111.36962	-410.95096
-1317.9583	414.82562
-1540.1956	109.10122
-1540.1956	109.10122
-298.97363	-307.14288
-473.74017	-212.78227
-1288.6985	-359.26935
-356.01752	-754.66986
-320.88306	-287.81866
-1319.3396	414.9142
-1325.7588	296.34473
-1325.934	296.1488
6.86957	-597.20355
-532.8739	-1336.4521
-1218.4268	-867.268
-969.6211	-519.89575
-1384.8398	319.66055
-1370.9186	264.38626
-1329.6621	303.94873
-1325.5342	296.52103
-1047.8342	-452.67175
-533.4673	-572.182
-976.2873	-516.7403
-976.6882	-515.808
-17.529432	-511.43854
-17.38446	-512.155
-1251.7778	-411.00815
110.28223	-1127.3597
-740.31384	-640.98083
-57.79821	-411.05713
-1181.7283	203.23703
-912.9564	-135.47194
-310.10144	-498.50967
-1133.2067	-893.4107
-1013.119	-891.4264
-1299.7969	-361.58362
-733.286	-261.56482
-1307.1205	-362.15784
-1291.2786	-363.34918
-1138.7074	-894.6337
-856.0487	-1050.291
-1070.026	-759.68884
-1069.5012	-757.62915
-277.6203	-298.77783
-1019.8345	-908.1662
-437.4913	-551.33636
-613.75604	-1102.0137
-627.0533	-557.1767
-1232.34	-858.8877
-1357.0741	-719.42535
-1169.1143	-816.7191
-1168.402	-818.8342
-1232.3402	-858.8876
-740.6089	-637.9021
-774.89954	-1090.3313
-1205.5011	-870.44275
-1429.1936	307.6521
-1222.2744	-881.35565
-57.798225	-411.05713
-1131.0487	-893.14746
-1016.7191	-892.2246
-1013.2972	-893.0477
-1013.51196	-892.12335
-1013.0575	-891.0352
-484.14697	-688.1393
-183.61969	-235.82596
-1009.0023	-180.62466
-310.10144	-498.5097
-1165.5542	-846.44104
-1205.4348	-688.4243
-1252.3081	-493.05453
-1369.7915	285.3864
-1014.5599	-892.464
-1223.69	-886.5897
-1214.1752	-698.992
-283.47537	-294.34207
-348.75446	-284.51376
-731.11255	-262.352
-992.931	-25.755497
-1232.34	-858.88763
-715.8398	-238.52083
-672.0912	-1097.4845
-51.978573	-820.42725
-1173.3353	-821.9437
-732.2214	-269.11804
-1138.3079	-893.7306
-1171.8828	-817.8663
-52.90729	-823.3086
-337.3056	-663.83325
-233.52255	-1100.2693
-924.6526	-461.5065
-339.445	-660.83093
-255.77417	-401.77942
-731.9486	-261.53717
104.493034	-1024.8022
-333.41064	-663.4661
-383.75983	-496.67206
-383.75095	-496.66824
-811.31036	-1035.7662
-1136.4785	-901.34937
-1232.3398	-858.8876
-1165.5544	-846.44135
-1066.8918	-760.9203
-1067.1943	-760.10547
-406.87537	-291.7851
-712.99304	-242.20538
-331.8437	-664.9274
-337.77234	-659.3598
-333.41855	-663.92035
-672.0912	-1097.4844
-672.09155	-1097.4844
-730.4123	-260.89755
-1165.5543	-846.44116
-1214.1752	-698.992
-859.5137	-633.9406
-1014.2077	-893.23724
-816.5255	-860.2832
-819.0411	-1036.1184
-1019.8343	-908.16626
-148.19812	-768.4931
-1369.5751	286.02347
-1012.7355	-892.0806
-1173.9076	-821.1927
-672.0914	-1097.4844
-730.582	-262.4679
-732.2737	-256.20853
-258.87427	-398.34842
-927.7472	-688.04895
-919.18066	-678.4839
-312.5622	-458.7661
-1453.2555	226.79782
-332.76642	-664.2356
-731.08405	-266.27975
-749.86694	-69.47124
-863.41766	-625.5248
-672.0912	-1097.4844
-1141.1533	-178.65115
-1198.2639	-692.8803
-1452.5657	255.13284
-1452.5657	255.13283
-1453.9918	228.32489
-234.4538	-1097.5563
-922.948	-459.51196
-1356.6136	-715.22327
-1351.7009	-720.89795
-224.8021	-1327.3132
-1206.1704	-689.7983
-1192.5714	-692.78235
-1221.4595	-674.4687
-1209.648	-866.4889
-1209.1948	-864.45154
-600.9229	-1176.7372
-1318.1755	419.22363
-1313.9977	421.08414
-768.76715	-1092.0112
-351.7914	-1237.3944
-356.54633	-1241.9949
-820.6139	-1035.738
-363.07407	-1332.8396
-363.074	-1332.8396
-356.2293	-659.5098
-574.04126	-1206.6787
-968.8673	-987.7345
-817.78503	-858.8008
-1019.8347	-908.16626
-1019.8345	-908.16626
-602.737	-1129.686
-968.86707	-987.73425
-1205.5183	-695.9296
-1210.0695	-864.58124
-1210.4924	-865.17554
-565.62646	-456.89853
-303.64993	-91.60912
-1052.9319	-785.1094
-908.10645	-130.26581
-356.2293	-659.50995
-818.43445	-854.9385
-584.53613	-800.4892
-584.5552	-800.50964
-722.49963	-939.3318
-407.6656	-299.0124
-722.49976	-939.33167
-413.54297	-299.88223
-35.303444	-277.91702
-461.34396	837.58185
423.35495	-355.6875
-427.6499	934.027
-756.61414	457.49448
-30.816679	-275.97092
-30.702667	-275.94574
-30.702671	-275.94577
-30.532024	-275.90204
6.054782	604.73047
-250.62692	459.35278
-459.44058	612.8157
-470.48367	605.77264
-457.76062	615.4913
-495.32935	936.4922
-298.62665	303.2249
-376.07996	232.17706
-488.5697	259.94272
-493.0594	255.91917
-490.72583	267.46884
-516.20996	323.40247
1011.31177	115.76545
-450.37836	431.58725
1011.1937	116.117485
-298.6266	303.22498
-450.40665	426.73535
-465.58597	617.5936
-376.76965	232.97824
-544.25726	669.57336
652.82336	72.20454
-109.035034	605.4171
-187.62361	821.45703
-186.13358	822.13806
-186.73032	821.8277
-379.77734	-97.446014
-484.9623	249.2185
-679.01917	952.4833
-541.48865	662.60626
-653.2097	234.0837
-495.32935	936.4922
-425.67017	1202.2515
-438.541	824.8593
-703.8124	-371.3401
-548.22095	811.3154
-570.5544	650.6723
-547.6162	807.8961
-569.64465	650.3036
-574.5927	652.50867
-469.99188	609.58777
-581.3347	-310.40045
-312.16748	850.1782
-704.14484	-371.05334
-177.70486	-451.38702
-54.947014	482.75964
-54.947746	482.75995
-54.948242	482.76068
-376.6012	232.58638
-54.947746	482.75995
-250.10811	460.30615
-150.08731	-297.60013
8.366502	604.4613
1.7654563	665.08923
-480.7764	963.8974
-475.08072	977.9754
-477.75934	967.80554
-480.43857	961.82184
-475.48782	978.29803
3.9602141	664.8484
-182.57217	-452.90723
-182.1442	-454.19135
-182.16478	-453.65375
-181.74213	787.8789
-180.01312	787.59973
-654.43976	245.08167
-546.4939	654.2227
-133.26787	-120.49634
-587.1563	-307.29507
-147.32347	-303.87323
-133.89311	-122.495766
-133.96848	-119.93683
-376.8898	-95.41976
-372.89752	-95.07981
2.8486114	660.5972
-466.2234	610.2465
-448.7832	826.4867
-187.40903	790.7103
-190.41327	825.99274
-181.84445	788.1574
-671.4954	-312.94116
-450.838	830.8622
-376.15002	231.85966
-114.08446	609.75684
-113.48172	608.17224
-113.65346	608.23566
-182.66876	-454.09918
-184.55095	-454.45966
-122.28039	-353.22858
-149.98991	-302.1564
-704.1491	-371.80923
-146.19905	-297.28592
-538.1902	664.5068
-249.85022	460.56958
-53.053707	-65.926636
-447.39398	837.9847
-104.72207	608.6473
-540.31744	662.8773
-466.68045	612.3504
250.89194	106.645775
-373.47842	-95.096176
-514.2676	328.58044
-425.9408	1202.4012
-460.7143	609.425
-459.72598	608.5809
-315.27966	854.5991
-486.76263	259.79492
-655.37585	243.0394
-488.40442	256.28415
-490.29913	261.0927
-488.30634	253.81027
-492.10263	256.35672
-655.36865	239.3911
-321.59656	859.9317
-314.4536	854.74243
-313.03748	853.3597
-313.8802	853.40216
-58.47492	-63.882744
-375.0888	-95.396805
-495.32922	936.492
-480.3168	964.635
3.341304	659.25146
-636.8633	266.17014
-671.496	-312.94098
-553.5043	336.3576
-671.5022	-312.941
-436.72458	829.3283
386.72308	-18.314148
-455.18634	842.19086
379.14026	-12.543448
-112.86759	608.2067
-115.16313	607.2161
-471.88873	607.46936
-467.17575	611.6256
-464.90894	617.03973
-671.49567	-312.94104
-633.258	263.33264
-634.72845	261.5402
237.11719	94.68889
-313.82474	859.0402
-455.0563	834.5236
-122.21597	-353.61133
-258.9755	733.53485
-368.58038	269.4508
-250.2031	460.34787
-655.0869	240.14908
-450.40253	431.83835
652.4857	66.74501
-546.2229	663.389
651.48596	65.15953
378.3584	-8.847963
237.11719	94.68889
396.83774	-1.2470548
-492.5208	264.6854
-671.49536	-312.94116
-187.67104	786.5582
-114.14094	609.77325
-456.33	608.4382
-656.35486	241.66542
-122.00212	-353.5991
-495.3294	936.49194
-562.73914	-304.62436
-562.6266	-304.53696
-368.58038	269.4508
-188.27234	786.3617
-562.7391	-304.62436
-585.1085	-311.09644
-314.4779	854.8884
-481.5721	962.6148
-458.52963	834.7882
-316.23468	851.08435
-399.685	657.11945
-399.6849	657.1195
-703.8124	-371.34018
-471.55167	555.0968
-448.73276	836.00195
-189.79216	785.9467
-422.40698	935.9363
-405.36707	78.56845
-405.7296	78.56297
-405.51764	78.671715
-405.3682	78.56267
-457.27982	833.60986
2.5264406	603.9133
-495.32944	936.492
-464.89883	832.8898
-495.05112	936.2637
-495.3294	936.49194
416.20715	-52.387222
-376.56506	230.9859
-366.18805	264.45148
-511.00247	323.95197
-377.67795	233.04672
-630.96155	261.44022
-182.09471	-453.90567
-704.26935	-371.99756
-1074.7582	81.58826
-1074.9305	83.77109
-258.97556	733.53467
-564.72095	652.975
496.58838	-8.885962
646.61816	-113.80147
-446.78204	929.2479
-446.78207	929.24805
560.24225	-422.28348
-399.685	657.1194
-432.8032	839.5944
-432.008	826.7461
-425.9389	1202.4019
-425.93884	1202.4016
-766.8568	450.3004
-339.10608	612.7642
-339.10608	612.7642
686.6356	999.8623
919.4665	966.63965
601.31604	391.8176
-169.13083	85.08404
828.86194	1014.77783
1198.7537	60.19851
1051.059	124.99175
802.6686	279.86823
727.92346	246.48175
690.25696	1008.5186
640.5649	194.03796
-60.947613	125.09834
-64.96945	123.54303
-63.018402	122.92893
580.04626	-631.53125
445.57834	825.79535
446.27774	823.9198
445.58795	825.2219
611.0699	-344.38718
605.6347	-337.80276
218.03778	885.8326
-888.54034	-150.8718
-106.08696	181.24268
-63.110462	123.304
603.65027	389.82983
606.5727	389.63687
703.8528	995.7306
782.542	22.016127
775.6293	13.47376
-686.35376	92.92372
-685.3543	89.39106
-938.99994	-117.98799
-181.82147	89.93979
-329.02542	558.41583
1057.4363	126.590614
1056.2616	126.262024
265.2818	112.00234
270.55762	111.96324
605.4423	623.34607
569.202	384.54117
560.962	296.01163
561.3188	294.81534
697.04346	1004.36835
-144.5858	230.8391
845.9669	142.53589
845.9671	142.53587
583.1794	660.7871
217.60919	982.02136
228.5065	971.19476
-286.65515	662.18506
217.60918	982.02136
201.50082	952.2511
779.5326	921.3166
-286.61945	683.7478
-239.20473	646.9251
-283.46698	685.56384
-238.28474	645.5628
228.5065	971.1947
-389.25775	-767.6666
688.23004	1000.4644
602.87555	610.69104
-188.57042	85.51466
608.57983	391.7587
602.5652	395.69043
692.16956	1007.9761
922.8903	1116.7129
372.5316	1127.6267
479.14697	844.92865
689.0248	1005.39
965.2478	928.79565
688.37744	1003.6811
901.5357	1053.7047
689.5106	1006.6854
138.12796	359.6422
-186.7425	490.0741
298.84903	1121.2659
220.5207	886.3954
187.01555	528.9906
613.63715	-336.04956
-206.7699	-62.556824
967.6043	588.925
-250.14143	670.86334
-249.7442	671.19073
441.18512	908.2098
443.96194	905.36383
440.3444	909.23737
709.3774	1138.3103
689.42944	1005.57007
832.99774	1015.91907
832.81824	1014.6967
-285.43857	674.4885
-284.42468	676.8216
-287.54877	668.44696
-284.2631	667.0049
839.0441	1021.89185
561.7329	729.1459
-205.8798	-62.04466
194.50082	525.5275
633.79297	153.10138
-175.25967	79.58571
716.6132	1147.1642
700.6326	1001.79266
594.44666	612.1339
49.751198	73.53605
-185.39445	491.04047
-291.73907	491.70557
-332.71	576.4907
834.4992	1018.5576
823.0026	1015.1383
803.3932	577.838
803.39325	577.838
641.1724	938.03735
172.81186	322.57623
278.6959	318.1858
1045.3193	684.98956
1051.8824	685.36615
690.9385	1003.83386
593.6132	617.8348
137.79607	359.1407
-106.086975	181.2427
630.51495	899.84326
631.4206	899.9432
630.9708	900.1808
394.29486	445.6147
696.74896	990.83374
705.7275	988.7299
222.1331	883.2759
-56.359447	295.9293
-17.055008	229.55733
-293.3337	686.81555
946.15234	-110.406075
-312.88367	542.353
-335.50116	563.8237
306.58286	879.3594
772.4783	18.159847
695.23987	1004.1034
577.918	-617.04663
252.78629	583.7303
916.7578	1052.4138
-693.8394	414.34583
-689.3583	348.98462
-688.9215	349.0305
-574.99115	337.89017
-574.4003	338.0159
-665.9016	560.5645
-550.85205	252.48752
-551.2902	258.28543
-581.99426	231.25449
-192.26202	403.3407
-16.772093	165.92354
608.8867	391.1621
561.0582	722.22626
803.2763	279.18744
-184.97018	484.62894
-193.1263	481.86176
-16.880293	165.43094
1053.0181	686.41785
1051.0643	686.3233
-60.812584	451.00708
571.5644	149.52258
634.76935	147.46759
583.5901	658.8919
588.9595	661.03754
725.90173	1142.4807
1055.6045	126.62437
-234.35132	642.7976
-106.086975	181.2427
-178.4329	89.130905
-458.49594	208.32939
832.1044	1014.1394
-147.79472	325.77206
-106.08693	181.24265
-323.07376	568.9233
-321.01376	564.0584
705.1532	998.5723
-190.46709	-71.06435
-284.36133	665.1629
505.3189	321.48743
613.944	-332.6916
-187.6792	83.497406
281.99966	315.073
297.6101	228.67166
452.2437	353.09943
615.35284	-333.80194
879.3602	30.957073
199.84764	526.0679
192.04681	536.5587
-249.60544	670.14404
-27.678926	-49.94027
446.14203	824.63904
440.82776	825.17633
-173.38646	86.483475
-186.38025	83.38447
806.07855	62.886883
246.37405	582.75854
943.4861	-110.27436
1025.296	529.3623
560.2046	191.05026
501.74042	306.9209
423.94287	866.7251
419.1281	865.7177
424.1623	867.5747
1210.4238	815.61676
812.45044	778.7257
261.96484	1125.9026
74.11645	96.439674
-190.85977	83.80172
-60.65569	123.71263
74.11644	96.43967
937.15424	712.066
-119.72828	344.1764
-174.2262	85.52005
937.4561	712.4242
-62.177086	124.63716
879.36035	30.957073
565.50867	725.5248
228.36386	971.9271
403.96426	1016.0371
384.7636	1150.5786
298.77252	1121.837
369.9735	1126.7571
331.08688	1211.351
372.45813	1131.3977
372.95346	1210.819
199.72739	530.23303
448.19797	349.32233
735.45984	816.45624
369.856	300.3114
270.54218	112.81119
739.91	981.2827
606.73706	392.19464
-31.756687	470.45776
967.7597	1121.4011
922.8904	1116.7129
915.7423	59.57188
802.2632	279.22122
843.64636	9.517198
727.9375	246.50174
551.62915	991.7036
551.75696	991.96497
-592.01825	321.54938
967.75977	1121.4011
727.9255	246.48547
617.3677	389.595
894.7644	927.4535
-927.94934	-127.53707
639.99243	194.82338
640.3598	195.09093
568.56323	154.07983
719.69574	403.3321
-696.0376	413.864
-693.786	412.21738
1085.127	-123.621216
1210.4219	815.6186
1210.4237	815.6172
609.7584	-337.31503
-62.47862	123.12567
-55.72121	123.10022
843.9334	8.966393
609.1118	-347.79327
849.5116	-536.54767
-197.84357	282.9335
-208.16818	-521.6408
-389.25806	-767.6666
1025.7716	-126.3582
1015.34143	-127.78831
-223.1582	312.69647
-31.298391	466.0757
693.9084	611.59357
555.9356	183.5721
-783.9939	-91.39879
785.1439	12.581463
727.92346	246.48175
728.7301	246.50684
-681.9946	89.50863
727.9245	246.47937
727.9236	246.48056
-790.88367	-84.91347
-626.73804	474.3603
843.7353	10.407856
776.432	925.4096
613.84045	-345.7257
605.52075	-334.9745
-685.18005	90.607414
571.5598	149.52176
584.67395	-547.80865
605.8215	621.3224
596.3744	615.0985
1084.049	-123.66256
31.32182	554.266
565.23553	385.3745
561.329	295.9392
697.1719	1002.62585
603.2256	387.02466
561.245	295.44357
-143.85501	231.518
444.7536	76.24384
-144.91614	231.5109
-662.3767	94.16351
-289.22858	487.4347
-246.90927	493.66888
-1024.7543	-164.09656
620.72614	1097.1246
924.876	967.2246
917.9059	961.2829
924.40283	968.7933
918.5806	961.5783
297.3339	229.90875
-470.66943	-42.870514
1049.5149	686.95184
-471.6372	-37.617004
-470.6693	-42.87053
-470.6694	-42.87052
742.4969	985.10736
744.25134	986.9314
743.19556	984.9839
745.0145	986.44763
638.62744	767.21814
638.62744	767.2183
-788.9564	-87.77652
50.47291	-952.0939
-173.97362	-586.4723
1072.1138	295.59937
-27.200651	-1292.562
1195.2897	291.31854
861.7456	32.831688
-389.25958	-767.6663
1069.674	286.9711
-4.1163855	-1130.0435
-663.00226	94.22302
-669.75476	97.20261
449.97577	80.805664
-201.84288	279.07925
922.89026	1116.7129
736.78156	807.7536
965.2477	928.7959
965.2479	928.7959
965.2477	928.7959
690.152	1004.5968
690.39185	1005.2225
684.4844	1002.54504
901.3583	1054.3138
902.13513	1054.252
920.2196	1078.0476
920.2196	1078.0476
-916.15857	-166.60844
-918.108	-163.96912
-926.9528	-134.50662
840.2937	-535.36926
-185.63997	489.62796
-188.62427	486.36258
972.4945	584.84906
841.2654	-528.8843
-691.6819	87.123474
-929.85144	-125.84929
-921.7426	-168.19054
611.4172	-309.0041
-213.51291	-58.36454
-206.38998	-63.593925
-211.71729	-67.10254
-879.0453	-230.79668
-877.041	-240.7692
-593.4812	321.12598
243.15839	577.8286
254.62837	577.0082
59.323456	444.48633
-68.93925	446.29147
-786.3681	-88.475174
128.40128	193.60304
736.00146	808.06525
-929.76465	-128.9156
533.82056	1100.4412
540.87427	1095.2871
551.66394	991.76074
532.3361	1099.2618
-60.79032	288.95282
968.21826	587.6607
1210.424	815.6167
699.01746	1002.12305
692.0685	1001.70355
-270.23383	-72.59942
-50.56263	1.1008229
920.13367	-583.2989
-61.586327	292.01797
781.44946	920.99054
33.08898	553.1293
-191.85712	404.13068
817.99445	71.47763
-888.5403	-150.8718
655.2062	781.1168
1203.9507	60.56166
-695.44885	412.90778
-694.5984	409.30347
841.67596	4.030286
622.57056	1098.4792
836.16125	1011.2243
834.3982	1013.9293
815.8497	1015.78406
824.0439	1028.9432
622.0751	1098.5403
688.1571	1004.9801
1049.5508	686.96936
1051.6528	685.2172
674.96924	972.93945
646.74084	899.88776
696.1073	1006.0604
651.3403	686.3372
651.4892	686.5972
674.72504	972.9609
641.37024	901.38293
694.3574	1007.37964
851.8755	-10.004419
-691.28906	91.12503
-692.5559	86.71546
762.8259	859.84485
640.92535	938.23737
917.40106	-583.49023
-53.366653	337.42752
138.56004	360.12714
-55.438675	289.69678
-216.55084	263.5917
641.7529	933.5126
630.9708	900.18066
709.8923	397.42572
721.94495	396.60336
712.0905	388.6875
713.9692	385.57263
686.2922	999.4498
696.75226	999.264
394.33353	445.21582
394.1406	446.91998
-694.6438	86.933525
-106.08696	181.24275
-106.08693	181.2428
-133.76651	163.81128
-133.76752	164.23012
-217.03226	268.77173
-216.94492	272.26895
788.23645	931.11475
621.21924	1098.4956
669.30444	95.441025
805.62933	59.76196
133.95995	-708.56055
814.397	182.94815
-17.746279	229.95547
61.110428	288.61008
-18.267061	229.6244
-18.267061	229.62439
49.751198	73.53606
49.751205	73.53606
-14.118414	224.9043
56.37794	286.21646
742.75183	804.4248
725.82434	-60.590473
521.97363	-5.3450203
731.2714	-59.0123
774.03723	18.777473
735.78015	808.83716
256.4623	589.17
-215.60158	76.71998
-162.01445	106.13158
-215.60156	76.71997
-161.67163	105.27076
445.65244	79.46273
568.10205	155.35173
1013.7799	-132.86612
916.75793	1052.4138
-905.90814	894.0873
-695.66187	412.10385
-574.4004	338.01587
-666.5243	560.91174
-666.52435	560.9117
-550.9276	252.41316
-581.9943	231.25452
735.514	809.4202
736.22186	808.0151
803.2355	283.40848
813.6925	64.28035
-24.517208	161.99873
-21.280972	170.93262
-196.8708	405.33307
-18.639616	166.40443
-69.041245	446.03162
-458.49603	208.32944
-458.49603	208.32939
630.02734	145.04477
1053.29	128.6134
59.323483	444.48624
719.74976	392.89035
855.7633	-45.247913
-69.87016	439.34167
49.751205	73.53605
-71.769646	440.37247
-24.86684	-1286.168
172.81189	322.5763
694.5532	611.33655
-65.022804	290.5106
59.32347	444.48633
927.5357	399.4557
927.53577	399.45572
-70.52746	438.9806
-93.635574	367.32306
-148.99869	328.43475
-62.74082	447.30252
-942.03	-111.4241
16.87127	-289.21524
642.6355	937.5875
696.76544	1005.47516
-132.39943	341.6706
639.5975	939.3253
-218.2796	323.96893
927.452	400.65106
964.1709	393.94742
570.6745	381.5355
922.90234	-576.50775
-690.99884	418.7339
1085.1799	-122.32914
509.91318	308.4292
841.2302	4.0455003
842.2002	4.7999525
551.56775	992.64716
551.986	991.0713
690.006	1008.19763
642.2607	902.9404
643.0244	903.24133
536.95276	1089.6279
622.7072	1091.3673
618.3731	-332.68765
627.91406	-337.61273
578.78656	-454.8445
618.6145	-331.25778
578.7866	-454.8446
629.5187	900.19446
669.2085	95.27318
448.2132	349.29977
451.94476	347.72992
532.6801	-159.83524
533.3096	-160.31085
-99.82613	123.06843
854.8286	-50.52205
845.9673	142.53586
-917.2794	-167.33015
-916.6497	-167.1588
849.7775	-6.817499
-28.7309	-51.255882
38.796757	596.8618
-217.83556	323.03195
113.90054	72.13962
-172.03241	88.63227
-179.56053	83.00087
813.8531	63.211212
-882.48285	-239.22319
97.15805	575.72363
557.01636	183.50186
501.9521	307.85464
838.5989	-520.45325
1210.4238	815.6168
-945.2979	-246.85684
1210.4238	815.61707
1210.4237	815.6172
737.2257	810.2167
812.45044	778.7257
1210.4238	815.61707
606.83124	391.4407
1210.4238	815.61694
122.60332	27.931433
485.75275	27.354567
1029.3914	525.69165
964.1253	394.26013
-62.43168	289.7449
-905.0261	896.8127
534.8206	1094.4436
499.82434	11.328421
-68.90757	287.74094
-909.2766	895.43933
-934.20135	-127.910545
-936.05774	-132.74686
840.3675	-536.08923
-837.65594	-77.221634
875.9706	978.8748
719.66974	739.08594
716.99896	739.00464
894.7643	927.4536
-992.4542	-143.39882
-270.23386	-72.5994
-937.72577	-119.84986
-791.753	-85.454216
506.00012	824.75555
505.998	824.7499
349.912	898.4678
347.0022	902.93713
689.2418	1004.7042
-216.84792	262.31635
266.0637	110.97246
622.1068	947.4404
692.65375	612.03955
694.8542	606.41205
-666.5242	560.91174
915.76	59.652157
762.8258	859.845
-938.19214	-126.99555
-123.90144	-18.281363
786.88086	931.3827
693.84033	611.8079
30.97897	158.6975
-175.22906	-579.72473
-389.2595	-767.66656
-216.1635	323.93292
-217.96149	323.8377
624.6399	1096.7994
781.22095	921.7911
741.3473	985.2948
709.3834	388.0456
-672.052	88.71942
369.85593	300.3114
731.0284	989.8178
737.9635	985.49976
604.67474	392.26013
755.2746	165.3911
755.7281	165.22476
47.62041	-952.1553
22.017403	-290.73886
-127.14441	-14.193887
-199.34091	-78.29578
-188.31927	339.3584
-67.08324	287.6323
113.659515	72.190445
485.06534	27.276833
568.3852	184.07549
626.34814	903.0511
875.9706	978.8749
27.758198	546.836
257.03366	588.4904
27.413513	157.31401
450.68192	344.34662
-289.6317	487.76605
622.79913	1101.8082
670.2845	94.90358
297.86728	226.75981
136.64932	27.756195
-105.13266	121.24828
727.9251	246.47093
690.6267	1004.5252
-24.907282	-1287.6227
-3.4074597	-1130.0591
915.76	59.652153
49.781693	-957.1759
49.75397	-956.67175
1071.9111	294.72272
1070.2859	294.29877
-213.31885	-56.321724
-26.729645	470.35892
138.23428	359.71246
809.47516	64.819595
-696.1853	85.00785
49.78174	-957.1758
-175.36421	-584.323
1070.6844	294.91348
-27.076359	-1289.5197
1195.2896	291.31854
862.3002	32.479588
-389.25952	-767.6665
1071.4406	290.84192
-3.4074593	-1130.0591
-208.07481	-521.29956
-389.2593	-767.6665
25.281923	170.96268
786.01624	9.0721245
613.6801	-347.1537
571.92664	149.909
-53.366653	337.42755
-189.54025	404.52716
-188.31927	339.35837
-200.76843	278.41412
683.1479	1006.05237
-175.06564	-579.07074
-389.25946	-767.6666
-626.738	474.36035
848.85095	-7.3360014
-672.2675	90.24063
655.2062	781.1168
740.2963	812.9448
128.40126	193.60307
673.23645	61.82595
-936.08673	-128.62323
725.4359	-59.77303
690.46606	1004.5803
-187.12065	487.57117
447.9703	349.03415
609.85156	391.6682
817.80853	73.70217
723.9956	-55.088924
1029.2024	525.1613
1031.1763	524.7501
784.329	934.5493
669.11804	94.81453
786.05927	930.54663
172.81189	322.57614
172.81186	322.57623
-838.33307	-81.03044
720.8573	448.92737
29.15316	155.74915
31.390867	172.01294
27.29128	155.75162
720.8572	448.92737
856.7676	-8.463288
-27.931118	-52.22868
775.11774	7.7630024
786.2658	15.299179
133.95995	-708.5605
811.0339	178.69722
755.2091	165.37277
855.9595	-45.58455
713.5743	398.33618
963.3764	394.27722
-58.370773	293.4588
655.2063	781.11664
-927.65234	-127.86407
721.4062	-52.995335
-228.07892	311.5896
256.1877	588.93805
252.05139	590.5521
673.6944	61.76761
-54.60872	294.55023
531.64606	1098.1263
532.7517	1092.7095
-794.4414	20.598581
736.06476	809.1404
-106.087	181.24275
616.27606	387.18216
703.8229	389.92496
875.97076	978.8749
556.3295	297.00647
135.90247	25.584248
690.0304	997.15875
667.4161	94.165405
485.89996	28.208977
-93.635574	367.32306
-145.24152	327.00894
-989.5696	-147.93958
49.781693	-957.176
-25.423716	-1286.3164
-51.74964	-2.572847
576.0448	382.15295
-689.751	419.8477
-32.617294	465.7159
902.094	1053.6685
-217.91756	263.07468
689.4882	998.44556
531.5252	1103.151
732.9279	975.7069
618.5293	1101.0872
621.11505	1099.3517
836.6549	1016.8616
-220.60805	315.68494
-188.57162	489.75043
-158.96407	111.14755
321.87808	232.46103
-64.65628	117.48666
136.9502	25.468029
137.14845	25.034704
-69.476	123.15716
321.68533	232.39134
-162.04532	106.510315
731.3311	-65.80165
97.158035	575.72375
97.158035	575.72363
-470.6693	-42.87054
692.115	1002.0026
915.8145	-582.56665
122.78283	28.180317
485.77747	27.586699
746.2305	809.7613
571.5636	149.52747
842.7878	9.451858
915.7602	59.652153
134.95456	24.310593
-882.87573	-241.2039
-183.66402	64.70727
601.7863	391.32166
229.75674	884.7586
621.26886	1099.8546
566.6113	725.6682
925.2495	911.68427
584.543	-547.40845
532.4713	1097.533
403.96423	1016.0371
-217.44687	257.9321
609.4715	389.91663
571.5607	149.51689
628.2728	692.9109
217.60916	982.0212
200.68326	952.7505
261.9649	1125.9028
582.2932	-542.27637
894.7645	927.4533
529.96716	1100.8677
570.31226	381.324
479.1471	844.9287
479.14703	844.9286
219.90857	885.84546
222.7778	888.959
-691.69055	92.39241
711.53265	1143.184
503.8902	8.0956955
824.9573	1022.6221
-945.298	-246.85681
558.08606	725.40436
721.4552	1146.0212
-945.2978	-246.85681
384.20444	1150.8064
384.64697	1152.4707
-270.23383	-72.5994
298.7725	1121.8369
298.77252	1121.8373
-217.27805	323.79205
305.82446	878.8183
306.48334	879.114
573.6339	386.734
-910.5874	897.55505
726.033	-52.145668
562.84174	723.18616
561.1918	722.5452
788.04474	931.45746
-794.43604	20.785507
719.931	1139.1198
610.228	389.21664
541.463	1095.8828
369.1021	1122.2732
326.5964	1208.5161
325.84717	1209.1559
325.62183	1203.5166
311.14618	1193.4014
328.1447	1208.9785
323.058	1213.9697
372.45813	1131.3978
-228.12686	316.89838
578.7867	-454.84473
-993.15393	-141.08565
635.8673	1117.1812
708.7424	1148.7905
-880.05585	-238.56918
-679.08057	88.42662
925.2495	911.68427
783.078	11.366349
-188.31906	490.77975
261.9649	1125.9028
372.95352	1210.819
372.5803	1212.1531
715.78235	383.98923
714.5507	391.79642
610.6049	395.7233
726.0538	397.858
566.2967	389.34216
723.8651	398.73477
-186.19551	402.50128
-185.87372	405.53558
321.94702	233.55774
30.89818	168.36823
-29.045	454.17752
-29.474983	461.87302
-1024.7544	-164.09656
201.95227	530.6044
200.61285	529.96533
195.69244	533.00476
200.20447	535.96124
228.24434	890.40533
220.2262	-358.03815
91.97338	140.98158
17.841763	198.29765
-431.68054	973.04083
-502.3459	1008.1396
203.80142	-89.40079
51.932262	-135.266
649.956	-178.00305
655.9459	-180.72035
-163.73203	1069.12
-109.6857	-861.10205
-107.08391	-860.0647
-106.0292	-858.42584
11.525154	-826.07056
-104.08351	-853.8876
155.297	514.8383
-530.63367	1007.9678
-466.85107	744.16516
-12.657171	-130.69978
-19.640537	-128.69162
16.399166	389.4946
17.84176	198.2976
-370.82736	-938.16437
46.584167	-678.13385
-201.34142	-205.55258
395.54578	232.95775
64.56299	-666.4029
-784.9291	643.7822
-26.767612	-129.58597
-167.03796	167.80606
-167.69519	165.06448
-1127.5688	716.97687
-438.99017	1202.5298
-438.12305	970.81775
216.80786	-562.3879
-77.15099	-226.78683
116.820145	-337.7414
149.51468	524.3958
17.841763	198.29765
-466.83774	990.5604
-466.74088	990.4296
206.24399	-93.216484
-75.10231	-227.38806
-75.69394	-227.03383
310.26297	993.00507
-388.97488	1024.4114
-695.5054	600.49414
-584.2236	600.6759
-594.40375	609.69
-585.7685	605.0588
72.16296	-667.508
82.07302	-670.1361
-168.50479	166.06407
-703.9392	594.85223
403.1648	1219.4141
31.500488	838.9906
401.5674	1215.113
45.31225	-619.5538
-75.6029	-225.86287
-290.2461	-116.05681
-1127.8386	717.9645
-260.17493	-936.8015
-260.17493	-936.80145
-386.37515	1040.5181
-465.95233	745.36707
242.28487	-263.41028
244.11844	-263.4831
-661.08154	562.4692
-661.08167	562.46924
-289.34436	-116.674126
-943.0984	1019.2386
-818.8098	900.5606
-290.2041	-115.551285
46.551853	-678.09717
-610.9568	728.60724
-610.9568	728.6071
-606.0827	679.5869
-609.85547	727.96436
-623.2795	502.52356
409.5178	518.0389
-592.5397	-1151.9521
-598.8065	-1157.1814
-593.6727	-1162.5975
-650.89124	-1217.4587
267.98822	-574.59467
-1027.9674	601.5781
-1027.7776	601.5799
-1027.8196	601.9501
533.7715	640.3141
211.65414	-562.3148
-875.7437	809.8069
-52.615986	-888.91534
538.36694	640.26514
799.53827	-248.60455
409.6659	518.8207
91.97337	140.98158
143.6165	529.7969
107.61257	609.5219
-657.26184	-1213.5403
-200.96954	-205.61037
-198.88312	-208.28996
-706.8954	588.977
243.78598	-264.16296
-406.20856	-931.9778
-406.20825	-931.9781
-372.9413	-935.56915
247.33844	-447.25604
454.55627	1342.5413
454.55612	1342.5409
402.27332	1214.357
322.92783	148.16125
405.63113	1291.9249
520.7954	1405.9955
230.51895	-512.8887
227.94334	-517.9931
223.66545	-358.2334
215.80328	-361.63104
227.79852	-517.91974
220.63116	-363.14716
-4.0156894	-771.69037
-571.42993	551.62506
-26.975325	-812.07025
-106.60951	-856.76794
-651.98596	-1176.8008
-651.9858	-1176.8009
185.10785	-429.4778
8.21237	-427.96014
-68.1005	-433.13748
-87.10388	-222.78934
245.9607	-417.6438
-1126.0405	634.93274
-1145.1919	684.5936
-1126.0112	634.9719
-1145.1919	684.5938
-594.422	664.37775
231.475	940.7892
231.53815	940.06433
-651.98596	-1176.8008
-594.6664	-1159.4319
-654.7345	-1218.9902
-429.72104	973.7515
-860.91345	635.9022
17.84176	198.2976
-742.1882	540.6891
-96.781906	-817.9294
-183.12727	-1011.54236
-509.74677	1053.2456
54.605694	-131.02858
51.18967	-135.98912
-207.11966	-903.6687
212.28041	-563.6824
-207.11967	-903.6688
800.0162	-248.2149
653.12585	-180.87189
800.0161	-248.2149
800.8222	-248.96411
784.6068	-157.59404
-166.27548	1074.4099
-64.19812	-912.1644
88.12091	-660.2501
-152.08354	155.89693
-158.05663	158.05286
-12.546955	-132.633
405.6789	1291.5929
405.38788	1292.1602
407.26367	1292.0869
-530.63385	1007.9679
-467.1133	744.9181
-538.604	1056.4407
-538.60394	1056.4407
-538.604	1056.4407
-538.604	1056.4408
-530.6338	1007.9678
242.87762	-258.94653
13.836094	-823.72656
-108.65181	-858.0292
-106.14496	-859.8971
-109.3456	-859.63556
-25.477203	-128.18788
114.98131	-338.46036
395.84692	232.99649
155.06784	516.0296
-944.25366	1022.5271
784.3286	-146.40997
-466.0278	744.5376
-469.64798	738.9377
-106.9304	-862.5738
269.03375	-575.53613
269.62598	-575.13226
83.066795	-773.1202
46.0087	-677.7337
-742.1878	540.689
-742.188	540.68915
-1145.1809	684.5716
-1145.2358	684.87415
220.1367	-355.76553
784.09326	-149.5624
247.33847	-447.25604
247.33849	-447.25604
453.6468	1377.4175
80.224396	-679.36475
88.120895	-660.25037
93.23559	-663.51917
80.22438	-679.3646
88.120926	-660.2501
53.472298	-316.6138
88.12091	-660.25024
93.235596	-663.51917
93.23561	-663.5193
-30.307	-808.1848
12.215582	-825.59546
-216.48611	223.4485
-465.5429	989.55145
-465.97913	990.03424
-1127.8374	717.94006
-1126.6991	687.79913
-1128.19	686.3026
-1127.8374	717.9402
-1127.4167	685.8207
-1127.8376	717.9402
-1126.9359	686.0965
46.33574	-620.5883
53.472298	-316.61377
-623.27936	502.52356
248.51047	-266.76364
279.63794	-542.70825
220.90405	-363.01483
248.0983	-267.18256
46.606174	-677.81396
-119.45011	-848.24536
-609.65857	727.41425
171.18863	-522.29663
171.20047	-522.28156
-104.939224	-857.7926
-183.14157	-1011.4941
245.55353	-418.56247
-860.9133	635.9023
200.43546	-887.0487
200.43546	-887.04865
-66.85926	-433.0048
700.71716	-183.7973
454.56467	1342.5416
-880.1522	811.03345
83.06678	-773.1201
202.25075	-91.44934
206.07559	-92.76539
134.65636	603.84143
-103.25708	-851.90405
202.6665	-132.9266
-878.5194	812.90717
414.89667	525.5635
396.5874	232.69434
786.1938	-149.09773
-785.9165	642.9686
-783.7411	638.1742
-191.92944	-106.13907
704.6477	-180.02008
2.0674548	-817.30945
52.125877	-617.9741
91.97336	140.98161
245.95512	-417.63647
454.5562	1342.5413
454.39423	1328.1342
665.6648	-183.41338
46.584164	-678.13367
52.462482	-135.86317
-818.8098	900.56067
-1145.1366	684.4904
-77.12846	-227.87357
-876.81323	810.12463
-1129.4261	685.22455
-1127.8376	717.94055
247.33849	-447.25598
767.928	1198.085
-742.18805	540.689
-432.86737	971.6587
-183.12732	-1011.54224
-260.17493	-936.8015
-119.47373	-847.4978
-438.41827	1203.6205
63.16009	-670.87634
62.854786	-669.23755
-436.9299	1198.8782
-438.0989	970.78284
-438.0989	970.7828
-438.10767	970.7934
-818.80994	900.56067
150.54355	521.3024
134.66403	603.8295
-181.08353	-104.92127
-262.89255	-846.2793
250.20306	-264.49744
243.71736	-264.07565
116.02161	-338.77838
115.072136	-335.21484
-183.12729	-1011.5425
-438.43002	1203.4789
-509.74677	1053.2455
-52.737	-889.5365
-104.04407	-856.8555
-6.9682875	-126.749466
243.18008	-267.91663
252.53448	-446.79886
151.3516	510.6473
20.93054	387.18225
-75.84392	-224.94037
767.928	1198.085
-1145.192	684.5936
-260.17493	-936.8015
767.9282	1198.0853
457.94247	1325.5596
293.8281	-71.526184
458.22284	1326.1102
462.1175	1295.8302
-695.02466	680.8056
-623.204	502.3642
457.8384	1332.8848
-371.54077	-935.8723
297.54437	-75.84344
-188.17084	-101.72851
-107.188736	-858.24945
-102.2754	-861.6455
-64.19812	-912.1644
-465.8349	990.5006
788.2704	-144.18767
391.57166	55.15305
151.56204	777.1246
15.539841	-824.7947
-22.073093	-134.85645
-170.1525	166.73389
-594.664	664.0667
-509.74664	1053.2455
-373.55496	-935.33496
-4.0156894	-771.6904
8.21237	-427.9602
767.92786	1198.085
202.2438	-91.082085
-381.22498	1044.438
-388.9084	1042.9133
-25.092712	-128.30289
-378.6266	1039.6245
-387.45242	1024.3695
-384.81317	1033.6785
120.44368	-339.02206
122.33461	-332.63788
78.40427	-669.3143
82.564804	-667.80206
398.66733	1216.3447
397.51645	1219.5826
263.83832	395.73685
-696.94086	600.52374
-413.9355	987.92535
-413.79727	988.3602
-150.25931	162.26457
73.397514	-670.2095
81.01492	-669.51874
392.6041	62.343895
453.6468	1377.4177
454.55627	1342.5415
-281.56723	-85.38635
202.6665	-132.9266
134.65636	603.8414
-1127.8379	717.9446
-406.20856	-931.97784
-425.79968	977.27264
520.7955	1405.9954
-101.76448	-847.53516
458.84244	1326.4442
417.28632	1281.9524
-104.64543	-854.78735
404.93793	1292.062
243.4356	-265.61456
-100.11692	-855.4512
279.63794	-542.7083
74.60598	-33.83718
-168.2277	171.3524
387.44675	64.200294
-66.801445	-434.20697
-89.46452	-227.98666
311.04022	993.3033
-76.34423	-226.30217
-76.70143	-224.1617
247.33844	-447.256
181.97574	-434.13022
62.967915	-667.0967
403.0524	1219.0958
-1270.1128	765.7187
-1270.1129	765.71875
-1270.1125	765.7189
417.28638	1281.9526
-378.01477	1040.0288
-571.2105	551.98663
-399.8154	1042.8168
520.7954	1405.9956
403.2962	1218.7614
48.11515	-615.7098
-39.75592	-155.16754
108.21575	608.9708
145.17957	519.2001
149.454	519.75287
13.80899	391.47934
-656.76306	-1213.8903
-658.6121	-1213.3302
-218.31206	221.87872
-214.85594	221.78352
-40.378204	-155.78374
247.33849	-447.25604
47.171547	-617.37634
47.334465	-620.9999
-75.96362	-226.73386
200.43541	-887.0486
151.28586	776.7854
151.4695	777.0157
704.6477	-180.02005
704.5838	-180.55643
657.9164	-182.78561
-708.2681	599.2798
783.6603	-153.64343
212.48283	-557.97955
210.93622	-549.2032
216.53566	-560.039
-260.17496	-936.8014
-260.17496	-936.8015
-291.51678	-117.0343
-878.4707	811.684
-435.9634	975.6408
767.9281	1198.0852
726.9087	-231.1195
-386.69794	1036.1387
-381.04578	1039.3828
-392.66632	1036.848
-101.260284	-852.5426
244.2836	-264.2039
243.39882	-267.71512
247.3385	-447.25604
402.768	1219.8804
403.04993	1220.146
-661.0816	562.46924
-438.22333	970.54877
-25.413454	-140.73209
-1145.333	684.916
88.65288	-659.1842
93.773315	-663.37683
-695.5964	680.4286
727.2117	-227.60782
-1122.2168	695.0678
51.140717	-679.00946
213.23987	-563.372
207.18097	-97.90436
-67.84431	-225.00792
417.28622	1281.9525
-877.75574	809.91815
74.36717	-33.975388
177.35567	-102.02435
322.31512	148.04028
322.31512	148.04028
1173.1647	-522.957
1148.0698	-548.0697
1078.3605	-467.0434
737.30597	-671.0916
1137.1477	-350.13672
1137.1481	-350.13687
1137.1454	-350.13556
1399.5437	-170.94858
1399.7449	-170.96912
1401.7319	-118.35744
1470.9497	-123.25348
1137.1482	-350.13705
1137.1482	-350.13702
1073.4438	-468.6917
1016.56323	-339.18686
1078.3536	-473.82663
1016.56323	-339.18683
1016.563	-339.18695
1149.363	-545.4433
1208.033	-568.95184
849.485	-115.612755
849.48517	-115.61273
1246.614	-242.37393
1246.7557	-242.62253
740.1043	-666.44476
1137.1454	-350.13556
1367.6891	-163.11479
1266.8606	-198.04604
1271.7335	-199.9118
1179.7242	-524.5466
1251.3496	-202.77283
1115.5791	-159.36589
1115.5791	-159.36588
849.48535	-115.6127
1178.5422	-239.4323
1137.1481	-350.13696
1096.9259	-257.57175
1251.3724	-227.75485
1096.5398	-252.49973
1071.1194	-467.4493
1238.626	-326.6234
1115.6212	-159.72806
1370.074	-139.78793
1370.0737	-139.78796
1079.5305	-466.9089
1082.2787	-470.61282
731.29333	-671.7888
1379.0942	-183.6008
1267.8477	-199.66356
1092.6588	-192.09
1379.3531	-187.58286
1267.0261	-200.21669
1182.482	-342.1429
731.4389	-672.7833
986.15326	-281.7152
736.73334	-672.60736
1183.6831	-341.00418
1174.8422	-537.82117
1168.7697	-534.7193
950.17065	-558.0639
1410.4675	-167.47867
1364.9478	-536.45844
1162.3909	-533.1118
1165.7317	-537.0408
1148.7141	-542.52985
1177.7943	-534.84814
1364.9481	-536.4585
1251.2915	-202.81526
1403.906	-256.14963
1285.1614	-570.16504
1364.9485	-536.4586
1263.3173	-205.90445
1364.9478	-536.4584
1370.074	-139.78793
1293.2488	-142.02147
1178.5422	-239.43228
1178.5422	-239.43228
1178.4976	-339.4419
704.52155	-814.6642
703.53955	-815.152
1284.2872	-339.49753
1279.9025	-335.65414
1170.2617	-537.6521
1272.997	-338.51672
1273.045	-337.83115
1176.3121	-254.96223
1176.5281	-254.4137
1178.4972	-339.44177
1283.3937	-341.03174
1152.6783	-540.17725
1158.3743	-540.4873
1150.2249	-545.4148
1182.5315	-241.89801
1178.5422	-239.43228
1167.7028	-535.47925
1171.8855	-536.3181
1258.4337	-366.01904
1283.5603	-243.08229
1283.5638	-243.25421
1251.1268	-322.06396
1364.9485	-536.4586
1241.5166	-244.50064
1241.5166	-244.50066
701.0638	-811.20667
699.6538	-814.61053
1404.2778	-254.2139
1246.1201	-202.51013
702.61694	-815.3641
1411.0837	-168.49454
1283.852	-243.20554
1283.5496	-243.2633
1235.111	-266.3556
704.95764	-809.88904
1173.9713	-535.3932
1178.4974	-339.44183
1178.4976	-339.4419
942.6368	-556.2314
944.9036	-553.39526
1245.0739	-329.2776
1178.7375	-239.60904
849.0115	-115.41499
849.48535	-115.6127
1251.3494	-202.7728
1243.3372	-331.52264
1258.434	-366.01898
1258.4197	-366.00018
948.0634	-554.9687
1378.1495	-185.38145
1376.5355	-184.88786
947.2021	-553.0479
1176.3121	-254.96216
1285.1614	-570.16504
1370.0737	-139.78792
1370.0735	-139.78758
1397.805	-119.42321
951.0658	-553.4718
948.99774	-548.1884
1251.3723	-227.75485
1403.2312	-253.37051
1403.7744	-253.69263
1408.1691	-254.67523
1404.2615	-253.69048
1244.207	-273.4778
989.0814	-276.55142
1251.3496	-202.77286
945.72595	-557.66846
1245.1702	-324.22275
1263.2896	-207.02483
1177.0994	-335.08588
1177.2457	-335.3819
1282.8586	-331.83356
1283.0486	-333.96182
1170.7639	-532.3093
1240.6877	-274.3679
1240.0836	-266.37943
942.48315	-554.1404
1098.1389	-262.53088
942.845	-552.0947
1178.4972	-339.44177
1177.7816	-539.5959
1404.6599	-255.04538
1396.2195	-116.07657
1178.497	-339.4419
1293.2489	-142.02147
1293.2485	-142.0215
957.7288	-548.084
1251.3494	-202.77283
1370.074	-139.78758
1413.2266	-119.97292
1178.4971	-339.44183
1273.11	-338.64026
1252.9777	-323.2773
1367.6892	-163.11476
1370.0739	-139.78798
1159.586	-491.711
1159.586	-491.71097
1171.4756	-537.75525
1078.8319	-464.80957
1251.2819	-328.4248
731.74133	-671.35077
1258.434	-366.01892
1398.8015	-170.98969
1398.8019	-170.98965
1173.7837	-522.1301
1177.0748	-337.3202
1379.3557	-180.77084
1077.97	-471.01212
736.9599	-672.59546
1265.4163	-202.01431
991.3659	-281.44604
1092.6586	-192.09003
1092.6588	-192.08997
1092.6589	-192.08997
1207.9922	-568.89844
1208.0328	-568.9519
703.9068	-815.657
1410.4694	-167.62337
1016.563	-339.18695
-11.474382	-1217.2572
224.67375	-1152.9664
1048.2295	-733.81866
699.25684	-682.34143
509.25775	-878.2103
146.80568	-1352.3105
247.2836	-1056.3345
-11.752497	-1219.5854
182.55507	-1337.2195
226.85141	-1151.9381
215.45454	-1081.376
265.91122	-1225.7552
268.00922	-1227.009
484.25	51.67884
368.4651	-773.15686
255.18471	-1056.2566
260.70575	-1228.8135
240.37836	-974.7827
235.53926	-976.1158
-10.211302	-1216.3042
248.70468	-1295.6825
243.27505	-1295.5885
247.3693	-1295.5176
253.62323	-1207.8303
320.92072	-1372.2399
253.6232	-1207.8301
-4.769593	-1215.0562
93.030716	-1112.1957
699.25696	-682.3413
297.42593	-1102.654
297.4259	-1102.654
236.32895	-1160.4924
297.4259	-1102.6543
508.0689	-879.38416
289.36053	-939.2837
341.4235	-16.662819
251.06723	-1061.1902
69.39766	-1022.503
75.00456	-1017.8537
75.03296	-1020.30524
-144.63565	-124.32107
143.1908	-1359.6893
211.64136	-1083.43
333.43616	533.85236
333.4361	533.8524
253.62317	-1207.8303
499.37344	363.2013
557.4285	-481.9442
-8.78982	-1221.2515
271.172	-1229.6384
267.78806	-1225.8115
1049.0172	-731.95953
264.38895	-1226.2759
247.63199	-1055.1654
236.31009	-1080.2452
248.18271	-1054.2312
501.3664	398.56155
291.94476	-944.13074
253.62323	-1207.8298
190.66902	-1355.4432
190.27979	-1353.6285
226.7533	-1084.2623
302.62122	-938.35986
254.78859	-1047.8479
266.54825	-1227.8109
231.68489	-1155.6654
253.62323	-1207.8306
289.3604	-939.2838
505.96103	394.35223
268.36298	-1228.6099
266.69482	-1226.8635
302.6212	-938.3601
249.39009	-1052.48
248.62183	-1053.8961
253.62323	-1207.8306
564.05133	294.82162
484.94757	51.395245
488.7665	392.7568
489.80554	400.3051
486.69293	391.7672
297.4259	-1102.6543
253.62328	-1207.83
221.86876	-1087.706
226.19249	-1080.124
216.51657	-1079.4313
231.72432	-1097.5194
504.77655	393.84372
506.88998	395.56094
415.36465	-7.1401577
294.08145	-941.7936
302.6212	-938.3601
289.36047	-939.28375
238.34642	-1083.573
147.08943	-1356.8921
107.3671	-1209.6382
111.653046	-1207.1304
106.27026	-1209.4143
368.4013	-773.27856
368.46515	-773.1568
368.46512	-773.1567
249.99756	-1053.7002
146.30919	-1356.3063
146.55489	-1356.2242
1048.6257	-732.54565
1049.6654	-733.3023
1237.7341	-811.857
1048.8765	-733.40265
183.32071	-1338.0967
182.81598	-1338.5457
184.78976	-1344.0771
503.88797	397.67545
503.00662	398.85788
-16.673185	-1214.6156
-12.810083	-1217.8965
-16.249533	-1212.428
-7.727528	-1211.6355
-11.9419155	-1214.4945
-14.580687	-1216.3816
-13.032893	-1217.9497
108.18252	-1209.055
557.1986	-481.44955
557.4085	-481.7297
1237.7339	-811.8568
1237.7341	-811.8567
-13.116654	-1216.9729
325.516	-1368.5741
324.89062	-1368.998
325.04208	-1368.7633
326.07452	-1369.5566
326.21918	-1369.8936
93.03076	-1112.1958
93.03074	-1112.1958
289.36053	-939.28345
289.36053	-939.28357
1077.1422	87.40612
1056.8794	16.331865
1055.9126	18.049524
1060.8452	20.213852
1077.1422	87.40613
1077.1423	87.40611
1125.0682	122.8666
1361.0024	172.16296
1358.5497	167.32678
1010.8416	-172.76888
1330.9564	188.16008
1337.4094	185.4643
976.8744	-930.04767
1002.33856	-908.34814
1237.7341	-811.8567
1208.2229	-852.2989
388.4117	-745.29395
1160.0132	-934.6823
1086.0793	202.94936
938.68005	-212.30478
881.9363	-208.6709
976.5579	-929.54346
1002.339	-908.3481
1002.3392	-908.34814
1237.7339	-811.8568
1210.4109	-852.23016
1213.1401	-854.1106
1205.4585	-855.0738
1204.9408	-855.85596
1086.4788	203.95657
620.39	-500.818
682.4753	-367.09262
475.30865	-713.2385
474.87094	-712.8766
1125.2498	122.29007
1339.189	187.85158
1156.2367	457.5431
1148.0098	461.62512
798.732	-682.11206
733.6703	-449.54254
1013.4657	-177.82681
1079.6304	518.5584
1078.6195	518.42993
1079.6305	518.55835
710.78235	-432.00244
710.1862	-433.42303
710.40186	-432.10388
710.6903	-432.8265
580.04614	-631.53125
1278.8243	187.97594
1279.8207	186.83237
1090.0542	203.44583
1091.1052	203.22818
1126.0837	340.1159
1119.926	339.6744
385.33038	-735.3469
1120.3612	409.94348
1085.4323	336.7605
954.97076	-901.2918
989.16925	15.436831
985.8794	20.635666
983.37415	17.535727
986.22644	22.619993
1166.6548	-817.2147
1167.778	-817.5979
1166.8713	-817.58655
1123.6885	-896.33325
474.95407	-713.01666
475.68326	-712.28467
1023.57574	-174.45543
974.72314	-935.5317
1002.33875	-908.34814
1085.4324	336.7604
1085.4323	336.7605
1157.354	262.19946
1085.0819	202.78648
1098.6273	480.09924
1123.7684	335.78577
1159.7937	470.62177
1005.12787	-165.65565
1109.4878	324.55017
1124.9456	337.42212
799.00543	-682.1577
936.4979	-116.10974
995.9153	-935.48047
1322.7863	147.69055
1277.9088	185.15837
1278.3503	188.05048
1277.2952	187.3547
1123.6887	-896.33325
1123.6887	-896.33325
1124.7507	122.79537
545.6077	-704.9966
943.77875	-112.13759
1039.2007	-941.78394
1039.2007	-941.78375
728.88684	-446.742
726.43286	-445.6641
728.88684	-446.742
1287.6923	178.1175
1397.1942	141.0362
1362.8741	211.61945
1362.8745	211.61949
1209.9043	-855.4668
1205.6704	-859.6656
791.8774	-311.0495
1289.1533	178.52151
1322.7859	147.69055
1337.7888	181.95564
1083.5457	249.24956
1083.6284	249.29985
1083.6284	249.2998
1083.6285	249.2998
1122.6002	122.87413
1333.1239	253.53448
1281.5308	186.1131
982.9155	-274.74054
983.8362	-274.87653
984.1619	-276.4255
388.2882	-745.1312
624.7483	-499.3718
1020.67535	-175.0531
1239.0924	212.3188
1123.6882	-896.33325
1125.2988	121.45836
1006.5319	-166.204
939.5133	-109.376
1331.7675	188.20554
1044.0315	-984.7667
1382.0676	159.78964
1072.4972	180.49667
976.7306	-930.54834
682.91113	-366.91968
1322.7864	147.69055
977.1435	-940.29956
977.5792	-940.2822
1009.183	-167.0331
1125.4845	121.81682
1129.7891	124.73105
625.3936	-497.4896
625.9248	-497.44687
387.99832	-739.9523
1090.8285	482.1184
1056.0579	413.9189
1002.339	-908.3481
1362.8745	211.61942
883.5481	-213.3389
1097.798	482.82422
1096.978	478.36612
1134.6975	343.5014
1129.6581	338.30774
1125.5265	334.17526
1096.9136	480.25406
1083.6284	249.29974
1243.5082	200.98753
1242.077	209.92628
1088.9734	198.87738
1120.3611	409.94354
1149.8953	452.4373
1153.8038	457.34055
938.4131	-216.55266
1157.3542	262.1995
1090.0333	204.27994
956.5277	-225.77322
388.30756	-745.26434
376.89917	-850.6157
376.89917	-850.6157
376.8991	-850.61554
1157.3541	262.19946
948.6909	-109.83222
1109.3959	324.46216
705.1765	-426.0296
1085.4325	336.7603
1335.5876	246.63211
1408.9729	206.33192
1240.1669	207.32607
1333.9427	254.48671
1157.3542	262.19946
1120.3612	409.9434
945.56885	-220.37906
1239.9673	212.20578
1243.0023	203.16551
1408.9729	206.33186
1408.9727	206.33188
946.53186	-109.48355
1335.76	251.664
1124.2178	123.15535
621.2848	-506.29535
1010.1474	-166.63054
1060.9386	414.02765
1052.9907	411.8604
1056.6631	415.90222
1063.1233	418.36026
1056.8362	416.36093
1059.5465	419.91003
922.7318	-1176.0372
922.73206	-1176.0372
922.73206	-1176.0374
922.73193	-1176.0374
1039.2007	-941.78406
1160.0132	-934.68225
1160.0132	-934.6824
1160.0131	-934.68225
1369.7656	68.343155
798.82416	-682.6444
1123.688	-896.33325
1123.6882	-896.3333
995.9152	-935.48047
995.9153	-935.4802
1288.4532	177.86284
920.577	-1206.928
920.57715	-1206.9277
920.57715	-1206.9281
920.577	-1206.9277
1397.7916	140.11987
1397.1946	141.03606
1397.0923	141.1097
1397.9429	141.17934
1361.0022	172.163
790.8933	-310.8053
1119.2947	161.41956
1119.2948	161.41956
1119.287	161.42456
1038.675	-188.01254
975.1803	-928.6244
976.9331	-929.7686
975.323	-928.9116
1044.0312	-984.76697
1044.0315	-984.7667
1044.0317	-984.76697
1044.0317	-984.76697
1044.0312	-984.76697
1382.2644	160.40602
1382.4347	160.0267
1382.4877	159.75357
1382.273	160.8834
939.27527	-112.76257
1361.002	172.16296
1361.0023	172.16301
473.94955	-713.214
1370.3687	68.863594
1369.7657	68.343155
580.04626	-631.53125
580.04614	-631.53125
475.92316	-713.40796
475.55606	-711.51135
171.40364	155.69986
284.82883	198.95044
287.29572	144.14969
170.29457	150.7778
266.79904	159.18793
185.85924	178.63716
236.59407	264.8241
191.79732	175.18004
189.50243	179.21883
180.96808	175.85782
190.11118	176.01422
181.11255	158.05278
223.89456	267.9036
230.64764	263.09186
132.68747	151.88948
182.4488	157.53061
224.04803	238.87648
150.43985	146.2042
226.58754	242.95763
284.52374	199.00494
186.64429	186.30746
284.39337	198.87167
189.7068	173.8249
219.62033	323.3337
217.19801	324.40015
154.51099	151.1332
226.82034	237.87093
161.49773	147.73817
234.10857	269.91324
284.68347	199.01065
284.6835	199.01065
221.02979	325.0241
220.58698	325.28
257.66202	171.05984
226.19972	239.79448
-459.75693	77.95013
159.04103	155.57611
221.15561	326.01794
225.66988	239.58746
174.31659	149.20798
166.20847	156.83488
184.37346	160.60197
169.71907	157.13521
166.09285	150.81306
213.63156	323.7917
224.41324	241.32285
224.91951	238.47989
164.64468	155.42145
185.31508	158.54053
142.80403	157.72736
284.92935	203.1052
183.3139	174.38965
215.84094	318.4257
218.72176	318.9001
184.84892	188.78418
227.31627	239.98257
232.7175	261.19116
165.85156	150.5444
167.65022	154.07872
189.17876	171.62094
169.7789	152.96959
221.33836	328.00836
242.24017	253.38524
242.24011	253.38522
242.24017	253.38524
167.78278	154.35878
226.6807	236.64986
225.14319	239.81569
225.1417	238.70543
223.09447	239.32594
217.48166	323.59695
184.36435	180.9924
226.77838	239.10056
190.78387	174.16475
167.51193	151.24557
189.6549	176.35251
227.8359	266.46387
184.65761	161.2811
219.81076	239.79372
223.65253	240.37285
267.1425	159.9584
141.79742	145.78008
257.66202	171.05984
160.91997	152.96396
184.81416	160.9343
225.65799	238.8684
147.6677	147.37404
187.10583	161.79501
185.64055	179.17831
219.88025	325.4298
284.7017	199.01398
284.25342	199.31613
224.3664	242.03204
-816.1695	210.29579
-817.767	211.32582
-864.2636	269.00592
-459.75693	77.95027
-863.5253	269.62622
-765.4706	-654.2872
-860.0293	-617.27625
-817.78265	210.22546
-812.493	-481.04538
-812.1343	206.0926
-857.09076	-614.49133
-845.5895	-849.9833
-864.26733	269.00482
-845.6199	-849.9789
-811.68933	209.26022
-816.49225	208.74336
-815.1638	208.64134
-815.328	131.10555
-817.0148	125.99434
-817.507	125.34943
-817.5013	126.5827
-816.6714	125.92708
-814.61237	207.4556
-817.74316	207.70578
658.9612	-832.3352
540.7342	-587.3951
460.53143	-702.90234
577.9182	-617.0471
577.9183	-617.04706
686.90735	-867.13513
686.9075	-867.1349
644.72845	-791.98303
644.7284	-791.98315
716.42847	-846.55615
644.72833	-791.98315
716.4282	-846.556
716.4281	-846.5561
658.96106	-832.3353
658.96106	-832.3353
546.00366	-359.18445
461.97406	-697.6466
459.7206	-701.83234
686.9075	-867.1349
658.9609	-832.3352
658.9612	-832.3352
658.9609	-832.3355
658.9612	-832.3352
-980.80237	504.91104
-987.7058	518.8459
-623.2053	1056.9441
-910.8627	692.9312
-1046.0984	580.7561
-1263.1981	-0.49993038
-967.7384	884.06067
-620.53296	518.71375
-1046.0984	580.7561
-620.53296	518.71375
-535.01227	569.4243
-1031.355	597.6173
-876.1365	450.9869
-866.8213	442.2604
-868.1128	442.98767
-927.6264	580.5309
-1010.5188	249.04726
-149.90979	862.4484
-980.72046	505.64777
865.56525	539.01715
863.515	535.4818
-1096.1335	485.1772
-948.2212	1018.59143
-1010.5912	302.6004
-766.35034	447.0671
-661.8082	479.0503
-152.20499	864.91736
-866.7766	821.26587
-958.2479	320.61334
-1101.0283	480.8977
948.79517	468.22665
-1011.23773	257.6801
-1257.7756	-10.615862
-1011.69403	255.20277
-1014.37103	252.53577
-950.9317	888.7423
-950.93164	888.7424
-889.99927	544.77075
64.28748	861.6184
64.28749	861.61835
-679.1668	949.20844
-886.7108	932.4756
-944.04974	1014.5759
-154.83133	869.66125
-866.7766	821.2662
-982.6974	520.729
-1036.4338	282.31403
-1037.2092	284.20978
-874.0369	475.85266
-826.8511	676.7057
-826.8511	676.70557
-971.4969	519.32715
-694.0192	102.31705
-823.51196	259.1913
-818.2566	265.69684
-891.3137	544.09814
-906.5582	799.8469
-1033.9	275.79742
240.25214	-155.2423
-651.27673	1094.1194
-906.3844	799.6538
-906.3844	799.6538
-1097.0923	484.41248
-1027.8684	562.8878
-847.76434	981.3688
-681.5387	950.0634
859.4958	538.5953
-668.6097	941.0751
-675.51514	946.1077
-667.11237	951.9066
250.72328	-160.1514
-483.45657	-65.60585
532.5355	-306.6882
738.18634	521.74585
-672.9349	950.0982
-884.8005	931.4523
-661.5067	479.049
-1031.7748	279.322
-906.38416	799.6536
64.28748	861.6184
950.3962	465.46677
-984.6161	181.89003
-984.61597	181.88998
861.4349	528.57043
-752.14575	492.68665
-1168.4889	172.17899
-970.759	387.8705
-891.65027	644.78564
-984.20215	318.32568
-1007.9748	303.72278
-984.8815	843.9153
-9.825166	881.02997
-1046.0984	580.75616
-754.29877	489.9457
-984.9867	843.6998
-1095.8403	484.82007
-769.0406	463.15936
-770.88684	1158.9733
-770.88696	1158.9735
254.12097	-148.66254
252.48807	-150.46921
-964.2217	386.61835
-677.66785	947.3165
-823.1939	912.68097
-661.50635	479.04922
-575.26654	651.78955
-570.9899	650.88654
-537.69293	564.55225
-892.23236	931.89966
-984.6158	181.88995
-767.4309	686.30176
-720.007	938.93726
-1031.7449	279.78763
-766.52344	446.94397
-958.8413	320.4425
-954.2977	324.48083
-938.10254	497.0362
-751.5246	492.96075
-889.2312	541.9133
-750.2884	496.39368
-890.575	537.77026
922.87805	374.7552
-890.2335	543.79553
-1046.0981	580.756
-739.4276	962.52325
-984.20215	318.32568
-816.5322	1044.5938
-537.6925	565.23755
-537.46423	565.07153
-676.1543	962.2873
-694.4325	101.6492
-1031.7449	279.7876
-789.72644	1086.9569
854.3958	520.7075
-981.6363	507.45514
-814.40125	1123.7167
18.118418	198.50742
-971.0392	881.4027
-968.2798	885.9455
953.3712	463.88538
-849.0458	500.6464
-907.9518	499.53894
101.17284	-137.2281
-950.07654	1016.5094
-816.5323	1044.5939
-1095.2635	484.56027
-985.4143	518.6526
-826.8512	676.7058
-988.0084	850.4702
-151.77637	863.8825
-969.3792	879.1509
-670.2246	941.7623
-967.57886	885.136
-891.16064	545.51276
-821.9323	912.1827
-938.1018	497.03546
-938.10254	497.0362
859.40247	524.93036
-967.57886	885.136
-623.20544	1056.9443
-1338.3185	-64.44396
-661.5065	479.04913
-995.8052	680.8625
-853.81177	497.93533
-673.22705	953.44183
-1072.3856	84.94157
-824.9338	907.8674
-258.97556	733.53467
-984.20197	318.32574
-884.1449	930.1306
-927.3815	875.39746
-984.61597	181.89008
-910.8627	692.931
-814.40125	1123.7167
-814.40137	1123.7168
-927.3363	875.40094
-985.63544	848.82336
-907.95197	499.53903
-814.40155	1123.7169
-966.23114	880.4843
-1260.1539	4.5205812
-1012.39435	302.8873
-1343.4825	-66.345924
-847.7643	981.36865
-676.07007	955.1168
-570.67847	646.8188
-997.7441	681.2556
-987.9788	852.01514
-868.0161	441.07758
-868.818	441.2896
-1046.0981	580.756
-9.996876	883.7299
-958.5668	321.16226
-150.05261	862.21936
-767.4309	686.3016
-661.5066	479.04907
-899.64343	1001.1775
-899.64343	1001.1775
-739.28455	961.39374
-891.6835	644.69104
252.96353	-146.51244
-814.4016	1123.7169
-874.027	475.84335
-907.9518	499.53873
-1258.5284	-2.8540707
-869.2637	737.506
-704.41895	1122.3118
-1258.8698	-6.1705785
-887.82227	920.74274
-867.7384	742.3389
-752.8772	490.00293
-620.5329	518.7136
-965.2936	385.799
-678.8943	946.5349
-390.0403	-207.51553
-198.04552	827.0636
-196.37369	825.08813
-765.42554	462.69955
231.09872	-137.16922
253.57776	-145.74484
-1027.8684	562.8879
-150.32469	861.2796
-907.95154	499.53882
-907.95154	499.53888
-913.23456	514.98016
759.13214	327.80585
689.8996	221.35669
759.132	327.80594
689.8407	221.24838
-975.02496	521.05927
-948.56683	280.1235
-943.7108	280.52573
-948.65063	281.2054
-9.373063	882.3395
-891.6505	644.78564
-866.77686	821.266
956.7264	456.9649
-1413.1798	-120.320786
-1408.2627	-133.89868
-1168.4886	172.17892
-1219.5497	167.88641
-1377.9083	-143.34889
-1377.5807	-149.25432
-1408.2628	-133.89871
-1412.2917	-120.02261
-1377.9087	-143.34888
-1220.3679	169.40723
-1408.263	-133.89871
-1346.4307	-97.655174
-1220.1606	165.93123
-1411.3606	-167.90753
-1331.645	-105.73088
-1168.4888	172.17896
-1411.8889	-168.57242
-1331.6443	-105.730835
-720.02124	938.83374
-739.7174	962.6586
-1408.2631	-133.89874
-1095.2762	88.44138
-1091.4084	85.27515
-1327.8838	-137.3073
-1377.9087	-143.34888
-1377.5806	-149.25432
-1346.4309	-97.65518
-1331.6448	-105.73086
-1220.1399	160.9864
-1338.3188	-64.443954
-1367.1644	-127.98324
-1417.377	-116.93867
-1411.4855	-169.15779
-1331.6448	-105.73088
-1331.6445	-105.730835
-1331.6445	-105.73086
-1338.3191	-64.443954
-1338.3197	-64.44395
-1338.3201	-64.44388
-751.59546	458.09647
-1367.1643	-127.98325
-1335.7567	-63.873116
-1414.5006	-118.50751
-1338.3193	-64.44395
-1377.9083	-143.34889
-1086.3514	86.262314
-1344.5874	-65.918594
-1346.4309	-97.65519
-1377.908	-143.34889
-1082.9926	82.92624
-1086.6488	84.524704
-1391.0692	-167.29953
-1091.0726	86.34881
-1338.3191	-64.443954
-1391.0693	-167.29953
206.37268	-92.1949
-823.21375	915.98267
-820.9372	918.1305
-921.81604	550.63
257.66608	-149.70644
-1011.6572	256.15045
-1012.1392	260.53412
-910.86273	692.9314
-1101.3844	481.31088
-918.9663	553.1975
-1100.111	480.5502
-1101.564	480.93457
-484.3388	-66.0623
-927.63794	580.51074
101.51063	-137.47188
-1327.884	-137.3073
-1327.8835	-137.31064
-893.1064	545.0375
-820.9094	913.2074
-966.8757	517.8103
113.98518	-217.43933
111.022224	-213.16774
-913.6435	514.9833
-973.98047	528.60376
-1089.1249	93.0522
-1088.083	89.45896
-566.05994	1077.3971
-566.05994	1077.3972
1077.2908	305.7208
922.8781	374.75525
744.34106	522.85486
-123.60632	878.8681
-123.60632	878.8681
922.8782	374.7553
922.626	374.92245
1077.2908	305.7208
923.10315	374.77658
-623.20526	1056.9441
-152.06866	864.36206
955.7484	468.83002
-881.6088	925.4863
-860.2058	298.93152
-820.7885	261.42087
-824.55927	259.97556
-647.1036	1097.4456
-651.8054	1093.9076
-483.90912	-65.88521
-483.0048	-66.18367
-483.3059	-65.43946
532.5355	-306.68823
532.5355	-306.68817
-704.41907	1122.3118
-984.93494	843.6749
-1390.0964	-167.04872
-770.8867	1158.9733
-770.88696	1158.9731
-770.88696	1158.9735
-768.6338	958.55554
-768.6337	958.5556
-948.7055	279.36496
-789.72656	1086.9569
-789.72644	1086.9568
-814.4009	1123.7166
955.87823	467.18134
-704.41907	1122.3118
114.608795	-202.36641
-392.16565	-202.53427
-676.41815	954.38776
-977.7679	518.0014
8.121061	607.1516
-10.225794	382.56912
-118.817154	308.4615
-122.31484	306.35544
12.701895	607.5698
-254.09355	639.6168
297.81	755.199
6.5341144	604.26337
6.9000745	604.23706
6.781744	604.1895
519.5769	526.5124
597.92126	536.6769
-171.50642	483.747
-171.21489	483.938
-171.64142	484.31042
-170.98529	483.92712
-172.61844	484.81082
-118.852264	308.78632
200.74799	586.05133
200.52885	586.37714
200.74797	586.0514
7.126171	605.0556
534.50037	640.59766
14.560269	305.07318
657.0246	112.76117
7.4790163	604.3591
6.084138	605.16046
-34.21359	280.52365
389.767	-11.238564
398.68054	-7.52387
399.35962	-10.238617
394.98932	-13.568307
400.00433	-16.804214
247.98819	-156.7603
411.16034	521.92456
409.19788	524.5537
409.595	516.9535
310.263	993.005
-10.225794	382.5692
-188.87129	425.45352
-188.87132	425.45346
-188.87128	425.45346
413.08417	533.57416
12.036853	304.0181
516.07306	526.392
200.748	586.0515
7.997163	603.496
-606.5813	679.11804
-596.83215	610.94305
264.03607	395.83694
409.49017	518.33655
410.04492	518.74255
411.1865	537.2103
408.15463	517.5344
649.5977	110.809235
30.80397	838.95374
6.785174	603.8075
263.85403	395.79956
404.68274	521.0704
405.7752	520.36285
405.60605	529.36115
403.41617	523.23315
515.0912	529.8055
11.12638	303.5063
13.164521	305.2251
9.658758	306.06323
10.81243	302.95087
-159.33379	528.8806
-253.82965	635.32825
6.4060936	605.445
-254.76474	640.3669
-156.93112	523.9055
408.03558	537.0265
498.25452	609.88153
498.25452	609.8815
502.28143	477.6197
597.92126	536.6769
514.63696	524.8371
498.4171	620.5177
498.279	620.3299
534.1765	642.28467
498.25452	609.8815
410.8855	523.44775
498.25458	609.88165
297.93356	755.1029
413.76666	527.88245
409.5562	519.4385
409.21442	536.17175
297.80957	755.19824
536.4209	603.46356
410.12476	517.0964
534.1765	642.28467
408.87292	518.044
498.25455	609.88165
536.5578	604.09906
297.83224	755.4888
408.3601	518.8823
-156.92992	524.1011
-253.58795	637.55927
689.8998	221.35664
893.085	179.60045
893.08484	179.6004
1093.8477	-854.98505
1093.4006	-856.2605
848.46747	-470.52136
849.1455	-470.39795
849.2611	-470.2023
851.9519	-465.52872
895.17615	180.15622
1093.0482	-855.809
893.08484	179.6004
849.0655	-471.00226
904.5371	-395.43402
